126 255 
28 117 
190 116 
121 173 
183 40 
255 4 
229 21 
221 26 
223 43 
153 223 
207 87 
160 52 
226 22 
189 106 
51 215 
40 91 
97 230 
211 41 
128 255 
253 0 
43 150 
89 71 
72 77 
94 72 
66 139 
235 30 
147 62 
237 32 
182 246 
126 248 
170 91 
43 199 
19 101 
209 122 
187 131 
29 106 
241 37 
101 81 
95 72 
133 167 
125 61 
38 190 
171 104 
233 34 
58 87 
250 6 
99 83 
73 80 
228 52 
208 125 
248 6 
6 188 
224 120 
222 57 
18 103 
184 151 
86 69 
91 66 
202 42 
63 144 
255 5 
62 192 
233 115 
220 25 
89 232 
43 214 
193 128 
244 32 
104 80 
229 129 
156 157 
16 199 
204 124 
33 87 
212 77 
149 237 
236 30 
105 235 
169 213 
156 247 
162 141 
225 25 
220 53 
196 149 
221 143 
76 107 
83 234 
183 78 
187 60 
67 204 
109 139 
232 44 
22 115 
188 138 
246 18 
53 208 
190 255 
242 15 
169 253 
76 211 
142 176 
19 100 
156 67 
97 127 
27 96 
22 147 
244 27 
227 44 
199 116 
172 157 
67 233 
55 216 
76 160 
87 104 
154 174 
109 143 
166 65 
195 135 
162 109 
76 231 
62 84 
134 53 
19 127 
182 47 
131 210 
108 92 
6 199 
204 32 
152 243 
218 64 
158 58 
199 39 
177 112 
58 176 
180 135 
41 217 
184 223 
26 95 
209 104 
70 235 
63 96 
22 108 
243 9 
18 181 
67 78 
190 154 
137 251 
79 76 
127 220 
22 102 
111 170 
90 188 
118 177 
208 146 
8 175 
104 79 
152 108 
204 67 
201 140 
104 255 
114 168 
232 116 
2 244 
202 89 
58 186 
124 223 
249 25 
202 144 
232 29 
26 92 
54 165 
255 4 
119 222 
242 15 
250 5 
30 136 
10 169 
106 64 
108 230 
149 64 
247 27 
229 75 
156 174 
197 46 
4 228 
171 92 
10 164 
167 246 
45 188 
223 36 
61 170 
110 158 
178 224 
227 109 
23 110 
199 141 
31 111 
106 252 
234 17 
97 186 
236 15 
213 114 
94 66 
145 254 
77 182 
255 14 
153 221 
227 22 
162 89 
96 195 
199 147 
20 99 
7 190 
210 64 
240 20 
151 147 
110 108 
71 179 
59 173 
156 140 
47 232 
63 99 
100 255 
143 178 
67 81 
103 76 
159 180 
94 239 
140 156 
246 19 
168 92 
94 229 
107 128 
255 15 
108 224 
92 208 
63 175 
225 33 
129 158 
251 17 
244 13 
59 77 
140 63 
11 159 
192 119 
101 238 
192 66 
37 186 
255 3 
31 127 
188 54 
167 137 
119 154 
145 89 
233 22 
242 34 
102 161 
112 206 
223 25 
236 14 
88 239 
21 142 
202 105 
222 127 
61 165 
247 7 
219 115 
40 214 
173 245 
209 255 
196 150 
37 170 
216 55 
24 141 
139 199 
80 255 
225 118 
152 53 
18 106 
71 237 
85 198 
89 246 
95 153 
7 230 
133 130 
95 240 
81 164 
121 201 
24 145 
97 198 
99 227 
106 164 
92 80 
138 193 
198 44 
139 133 
194 140 
75 184 
100 86 
255 10 
76 196 
66 83 
189 72 
255 37 
125 59 
106 249 
90 241 
161 247 
135 128 
235 42 
247 5 
28 104 
96 252 
68 74 
105 243 
63 170 
118 158 
176 222 
255 21 
230 19 
203 151 
46 204 
163 90 
30 104 
93 66 
159 105 
83 255 
206 117 
10 194 
242 16 
55 176 
143 118 
228 99 
252 15 
73 190 
100 136 
215 132 
138 174 
139 136 
111 231 
96 243 
53 194 
157 122 
77 74 
77 131 
227 26 
78 255 
36 86 
215 94 
44 205 
8 206 
11 164 
162 255 
171 138 
143 171 
132 107 
12 124 
45 217 
156 147 
142 246 
181 165 
180 108 
136 145 
65 186 
72 197 
4 226 
64 202 
195 126 
85 238 
209 150 
158 223 
132 139 
21 101 
38 143 
118 189 
68 72 
116 58 
120 207 
65 225 
30 132 
161 44 
156 85 
111 196 
86 80 
67 73 
79 111 
169 136 
122 214 
240 35 
79 236 
94 193 
97 179 
194 121 
201 51 
121 241 
175 118 
201 90 
255 25 
53 226 
193 152 
118 240 
222 66 
11 198 
217 87 
82 81 
194 47 
129 155 
115 78 
216 54 
122 182 
176 121 
128 179 
255 23 
197 35 
45 103 
213 58 
88 241 
57 225 
217 56 
179 124 
177 169 
222 27 
244 9 
181 116 
8 204 
104 204 
107 175 
229 27 
198 97 
165 246 
38 217 
227 21 
255 9 
46 173 
192 57 
173 255 
40 165 
177 255 
170 138 
56 92 
135 61 
5 200 
154 61 
61 220 
212 83 
28 155 
128 162 
0 255 
98 254 
218 123 
184 151 
143 156 
132 255 
105 88 
110 233 
173 147 
238 40 
41 83 
176 131 
197 112 
144 242 
2 247 
255 12 
191 109 
242 9 
54 205 
155 131 
222 81 
31 129 
80 70 
30 203 
159 153 
214 115 
25 130 
70 181 
21 119 
126 207 
214 68 
59 181 
86 238 
130 98 
217 70 
174 217 
20 147 
106 183 
67 207 
59 184 
155 46 
229 111 
216 91 
82 80 
209 88 
141 130 
2 255 
168 121 
125 201 
141 166 
14 118 
21 99 
234 42 
12 146 
109 65 
71 225 
242 31 
97 241 
178 128 
218 27 
63 226 
98 106 
170 247 
94 172 
169 129 
90 243 
102 150 
93 162 
24 95 
46 92 
198 64 
178 230 
203 118 
87 213 
7 199 
223 24 
241 14 
247 25 
107 234 
114 158 
239 13 
66 208 
7 191 
77 249 
64 194 
188 255 
253 0 
225 22 
194 72 
230 97 
194 138 
4 227 
163 228 
32 146 
86 205 
47 226 
41 100 
241 11 
152 178 
19 110 
211 31 
133 241 
192 48 
199 143 
120 57 
221 24 
157 56 
249 14 
251 5 
66 231 
238 13 
48 139 
165 127 
154 144 
1 255 
115 251 
196 38 
14 210 
75 226 
205 33 
147 169 
160 70 
151 143 
73 223 
231 18 
173 48 
217 136 
253 18 
54 183 
226 39 
51 214 
14 152 
115 235 
245 10 
45 192 
46 81 
102 93 
121 56 
5 208 
131 159 
227 23 
100 255 
223 52 
215 37 
216 56 
48 116 
185 111 
163 255 
142 75 
178 51 
9 162 
184 52 
49 235 
4 221 
131 165 
137 255 
111 255 
66 77 
78 76 
213 30 
74 199 
159 46 
73 195 
44 170 
99 245 
70 185 
233 112 
152 152 
201 139 
92 193 
148 220 
80 255 
13 176 
57 82 
13 212 
20 170 
133 110 
43 173 
248 32 
25 128 
32 87 
160 150 
99 152 
111 60 
14 170 
222 40 
240 11 
121 160 
56 205 
173 251 
240 28 
254 5 
99 200 
2 243 
9 187 
204 115 
204 133 
12 181 
185 104 
238 26 
23 132 
203 33 
5 211 
202 32 
247 16 
73 75 
45 175 
254 13 
21 96 
229 26 
3 237 
171 159 
194 156 
220 127 
17 105 
128 254 
1 255 
76 186 
235 16 
149 74 
108 173 
205 142 
172 157 
145 65 
191 255 
245 29 
100 71 
50 195 
190 49 
172 62 
132 190 
70 231 
27 125 
83 77 
31 134 
93 190 
53 176 
168 75 
194 101 
42 215 
130 78 
170 130 
123 204 
164 180 
127 61 
5 218 
171 245 
140 139 
85 76 
195 109 
57 209 
47 94 
168 113 
245 6 
75 77 
38 186 
72 74 
103 62 
252 27 
168 118 
64 233 
124 158 
124 210 
147 51 
44 221 
151 253 
137 162 
224 23 
28 149 
33 99 
255 2 
142 162 
222 50 
62 166 
71 188 
154 169 
125 71 
177 250 
9 198 
42 118 
240 33 
255 6 
18 105 
105 229 
151 47 
106 220 
134 63 
249 10 
62 231 
150 219 
255 9 
58 226 
179 251 
107 149 
82 255 
48 118 
137 81 
120 57 
8 209 
91 186 
29 133 
181 45 
74 198 
12 185 
100 237 
220 42 
11 163 
176 251 
231 96 
3 231 
37 215 
6 230 
247 9 
152 47 
214 55 
255 1 
32 134 
134 230 
47 148 
254 9 
80 167 
97 239 
178 41 
216 146 
172 158 
140 154 
219 65 
189 136 
150 251 
140 158 
60 204 
74 197 
249 15 
201 120 
143 49 
164 211 
75 190 
203 60 
95 65 
253 3 
14 119 
64 198 
20 104 
176 46 
203 41 
127 205 
8 171 
143 241 
5 220 
254 4 
82 149 
175 216 
205 126 
9 223 
19 100 
142 53 
112 248 
149 181 
241 33 
26 93 
100 66 
187 142 
117 109 
191 245 
104 87 
2 236 
191 91 
175 127 
157 64 
255 5 
22 96 
62 204 
250 2 
43 151 
28 140 
101 71 
138 220 
205 110 
111 255 
53 79 
121 248 
205 32 
95 228 
88 79 
211 55 
101 72 
53 214 
207 62 
171 246 
254 2 
250 5 
60 202 
216 28 
164 249 
215 28 
233 18 
37 86 
136 122 
243 10 
39 189 
128 186 
237 13 
21 126 
217 35 
33 139 
55 88 
141 251 
121 240 
122 255 
80 241 
230 119 
84 178 
12 177 
187 73 
147 138 
102 255 
209 129 
216 27 
69 189 
73 229 
92 233 
58 162 
241 35 
253 0 
253 5 
217 102 
91 200 
179 45 
43 147 
246 6 
190 39 
59 171 
77 185 
249 13 
57 198 
6 203 
126 225 
163 70 
83 186 
67 197 
9 193 
185 241 
154 149 
179 161 
43 207 
98 172 
210 60 
113 59 
223 95 
191 132 
106 157 
125 162 
238 35 
114 95 
45 82 
38 89 
67 77 
36 212 
227 55 
228 21 
86 197 
200 105 
114 213 
181 146 
122 221 
230 29 
153 173 
168 94 
29 209 
105 239 
61 171 
231 19 
70 184 
102 208 
92 116 
201 129 
255 0 
233 17 
88 235 
82 245 
105 170 
158 164 
20 213 
26 100 
214 58 
52 204 
241 13 
119 190 
203 122 
209 30 
41 175 
18 159 
243 21 
77 254 
100 235 
26 119 
25 116 
240 39 
255 7 
60 138 
206 75 
159 157 
92 154 
236 20 
58 215 
23 123 
79 250 
132 183 
195 37 
105 217 
121 228 
237 14 
238 13 
120 62 
94 65 
50 117 
164 163 
234 16 
90 172 
172 145 
130 223 
182 226 
154 120 
177 73 
196 54 
124 255 
239 20 
99 182 
132 102 
246 21 
255 1 
158 183 
28 91 
158 49 
191 37 
49 180 
151 56 
51 189 
198 91 
23 94 
255 24 
25 144 
163 248 
6 194 
5 203 
36 136 
212 69 
78 190 
92 66 
173 98 
246 22 
127 56 
209 78 
83 81 
193 48 
176 65 
133 170 
237 24 
255 3 
174 44 
92 227 
44 119 
52 174 
188 126 
247 5 
255 10 
92 247 
6 196 
59 120 
55 148 
166 43 
116 103 
151 157 
35 85 
7 190 
215 59 
185 49 
171 128 
33 197 
74 251 
112 88 
109 255 
239 38 
0 255 
149 204 
205 130 
246 23 
56 90 
160 255 
227 103 
159 145 
50 95 
132 152 
223 75 
211 140 
254 13 
213 144 
108 165 
74 74 
222 51 
72 76 
171 114 
48 217 
226 21 
165 224 
12 150 
198 127 
6 188 
112 250 
249 3 
204 83 
184 242 
198 107 
60 225 
174 252 
116 156 
210 123 
63 194 
236 15 
78 246 
255 1 
6 209 
164 157 
242 29 
186 255 
95 77 
103 152 
5 214 
108 97 
230 19 
193 145 
253 1 
255 5 
151 109 
91 68 
174 150 
64 186 
19 106 
221 35 
120 60 
252 11 
176 101 
243 13 
157 45 
161 213 
181 155 
109 211 
143 222 
11 193 
182 129 
48 108 
94 191 
128 61 
255 7 
20 102 
133 60 
1 255 
180 244 
153 155 
13 145 
42 196 
32 175 
34 144 
237 38 
14 210 
88 70 
151 59 
107 104 
23 121 
39 187 
75 217 
223 25 
210 43 
255 10 
29 132 
158 144 
111 59 
75 238 
216 71 
124 55 
38 102 
252 1 
124 210 
202 62 
87 253 
27 113 
27 93 
143 58 
42 193 
209 30 
96 234 
134 51 
243 31 
25 175 
190 133 
186 135 
139 51 
143 167 
255 15 
228 121 
255 0 
145 141 
25 94 
154 59 
157 145 
80 239 
196 77 
50 138 
121 181 
173 156 
198 129 
208 118 
64 196 
212 131 
35 87 
17 157 
244 16 
127 58 
109 187 
36 103 
209 62 
192 65 
42 176 
30 90 
129 121 
56 182 
101 240 
164 247 
10 172 
16 119 
35 185 
198 34 
210 114 
193 36 
237 13 
37 176 
222 34 
37 136 
195 139 
29 214 
231 103 
181 70 
237 42 
190 122 
31 98 
85 147 
112 97 
46 167 
58 157 
167 95 
158 54 
223 44 
167 153 
128 153 
150 175 
60 136 
160 128 
63 174 
194 117 
224 82 
55 92 
168 168 
236 16 
64 204 
147 254 
255 26 
228 113 
123 254 
169 243 
56 185 
79 72 
226 35 
61 200 
89 151 
69 197 
241 33 
156 159 
240 13 
59 165 
234 43 
33 134 
39 177 
12 185 
25 146 
124 209 
200 88 
0 255 
87 236 
4 219 
83 70 
19 112 
95 168 
78 195 
160 120 
55 220 
185 235 
166 97 
146 174 
241 16 
34 162 
240 30 
75 148 
255 1 
80 70 
221 110 
89 217 
147 207 
239 32 
158 141 
224 35 
124 252 
235 43 
66 222 
123 57 
29 106 
41 93 
12 140 
76 168 
166 249 
48 199 
195 112 
161 124 
48 205 
195 116 
54 198 
203 64 
238 14 
54 176 
127 202 
214 36 
116 63 
135 125 
38 167 
190 139 
208 40 
97 74 
30 96 
64 77 
255 6 
68 225 
15 157 
132 206 
78 76 
242 9 
144 218 
51 205 
12 167 
85 247 
183 43 
242 18 
76 139 
22 215 
140 54 
135 247 
14 227 
22 102 
0 255 
214 59 
97 180 
150 251 
249 2 
64 218 
245 28 
138 255 
126 104 
37 195 
135 193 
223 122 
56 174 
126 242 
196 128 
222 24 
252 2 
11 166 
252 19 
105 163 
72 79 
32 154 
232 19 
153 252 
239 11 
125 171 
26 93 
81 185 
17 119 
127 151 
21 97 
252 8 
57 161 
12 185 
235 42 
208 74 
184 107 
143 250 
186 47 
65 198 
182 54 
39 210 
255 0 
133 56 
108 150 
185 124 
80 231 
131 113 
35 206 
217 105 
174 48 
196 109 
174 113 
89 164 
136 179 
184 42 
134 209 
133 181 
235 20 
98 65 
210 50 
219 74 
93 253 
109 61 
225 111 
5 210 
174 242 
192 133 
115 225 
233 21 
133 200 
97 237 
126 150 
226 88 
48 222 
64 229 
118 249 
175 220 
200 67 
127 54 
165 80 
54 205 
129 68 
102 185 
89 68 
225 55 
97 69 
201 65 
136 82 
7 207 
164 177 
0 255 
196 124 
24 209 
255 7 
147 162 
37 216 
38 208 
103 242 
58 204 
242 33 
233 88 
146 143 
232 30 
15 201 
183 149 
130 53 
198 137 
73 139 
71 220 
204 49 
169 212 
158 173 
103 236 
61 202 
57 183 
109 132 
81 236 
191 61 
238 14 
194 136 
201 118 
132 108 
131 216 
177 224 
25 92 
252 17 
58 207 
162 44 
35 85 
255 0 
216 107 
88 75 
159 214 
207 60 
148 133 
68 198 
81 82 
46 89 
124 165 
27 93 
38 109 
244 11 
41 89 
30 93 
99 239 
119 57 
85 153 
170 251 
223 32 
217 31 
255 6 
96 166 
254 19 
160 215 
242 17 
137 216 
198 115 
213 49 
150 62 
114 236 
244 19 
52 198 
129 54 
130 241 
228 21 
238 13 
60 197 
15 161 
183 48 
187 240 
43 223 
228 21 
90 67 
123 56 
15 187 
235 27 
230 123 
37 178 
255 7 
66 212 
161 181 
175 104 
37 157 
217 27 
141 244 
76 80 
185 126 
87 254 
49 89 
100 159 
237 14 
32 137 
133 245 
244 8 
64 78 
81 235 
240 32 
144 223 
255 2 
170 53 
26 92 
214 70 
223 24 
206 57 
163 170 
45 199 
67 73 
46 83 
20 164 
182 141 
92 163 
83 191 
3 232 
72 124 
78 69 
131 254 
130 237 
115 138 
255 3 
191 121 
184 240 
226 26 
104 236 
67 80 
222 75 
141 157 
208 107 
57 200 
51 194 
237 17 
75 195 
181 255 
245 19 
106 168 
3 230 
70 193 
34 183 
189 38 
206 41 
99 149 
51 193 
7 214 
233 17 
161 255 
34 85 
165 45 
145 64 
131 168 
158 134 
251 26 
93 210 
249 8 
231 112 
195 36 
93 238 
101 73 
15 213 
83 195 
255 0 
249 4 
162 173 
253 14 
249 17 
108 229 
233 19 
52 228 
88 187 
80 80 
168 245 
163 152 
173 255 
57 79 
101 68 
255 3 
11 168 
24 134 
159 78 
206 37 
177 62 
235 16 
249 4 
26 173 
216 27 
7 228 
139 176 
27 129 
39 99 
60 162 
141 179 
55 222 
251 2 
203 137 
228 20 
38 132 
8 185 
12 152 
107 67 
116 59 
132 178 
112 136 
150 215 
122 170 
94 255 
138 216 
84 141 
62 201 
74 166 
113 94 
44 215 
148 252 
117 124 
49 217 
85 254 
66 221 
139 141 
181 48 
1 255 
255 0 
178 45 
3 236 
171 117 
183 239 
73 232 
90 131 
239 29 
59 200 
249 22 
25 108 
159 45 
248 7 
138 254 
14 115 
28 131 
101 210 
230 19 
178 105 
170 160 
167 43 
0 255 
115 255 
47 154 
215 120 
107 196 
86 68 
191 112 
46 99 
195 129 
131 60 
248 16 
93 175 
108 226 
64 156 
210 67 
51 207 
219 33 
95 173 
252 14 
116 249 
84 161 
133 174 
149 48 
213 37 
139 178 
205 103 
36 208 
19 134 
129 60 
87 197 
130 133 
97 64 
160 83 
42 91 
216 27 
159 249 
220 60 
157 162 
122 201 
229 20 
245 13 
186 114 
131 59 
151 213 
207 151 
92 255 
38 158 
33 102 
181 96 
35 88 
211 129 
128 182 
16 203 
205 38 
81 155 
182 136 
219 83 
69 227 
5 221 
52 170 
103 79 
175 41 
31 89 
138 160 
248 5 
255 3 
138 53 
105 217 
27 116 
117 202 
14 197 
169 166 
108 60 
51 142 
121 245 
180 118 
85 164 
187 98 
36 207 
246 20 
22 100 
169 42 
58 137 
61 189 
165 144 
67 191 
224 146 
49 197 
15 217 
21 101 
61 86 
247 5 
247 10 
187 39 
217 27 
110 197 
223 24 
176 216 
95 255 
219 26 
43 201 
162 235 
20 104 
206 52 
54 187 
251 13 
145 122 
42 205 
17 212 
244 8 
27 105 
133 51 
67 157 
141 174 
4 222 
18 165 
16 109 
248 4 
47 210 
45 127 
110 233 
8 204 
223 97 
195 114 
7 191 
255 1 
227 57 
142 119 
97 182 
127 53 
223 24 
245 17 
236 16 
159 252 
238 37 
246 24 
109 224 
251 18 
174 162 
165 44 
235 14 
182 237 
133 74 
47 219 
4 219 
179 102 
196 111 
101 202 
16 195 
121 233 
119 133 
137 77 
34 187 
255 11 
245 6 
255 5 
6 213 
16 202 
105 215 
34 86 
133 243 
35 125 
125 203 
233 38 
21 224 
136 54 
24 94 
246 27 
211 103 
38 150 
82 229 
91 234 
116 180 
122 56 
85 151 
24 96 
221 102 
253 1 
96 241 
137 159 
30 88 
31 89 
176 48 
196 142 
68 184 
134 79 
197 123 
161 171 
184 116 
116 61 
160 114 
233 20 
136 191 
104 104 
122 232 
47 193 
65 167 
19 116 
100 163 
223 23 
180 52 
16 170 
75 189 
230 109 
48 149 
4 222 
220 148 
244 11 
87 74 
14 200 
1 255 
115 214 
144 249 
206 112 
81 230 
200 36 
193 99 
124 88 
41 223 
193 103 
207 113 
242 27 
14 177 
250 9 
192 80 
200 33 
235 40 
14 131 
173 164 
57 133 
125 131 
99 252 
182 244 
21 115 
192 47 
40 202 
3 231 
19 137 
90 67 
169 160 
212 148 
69 203 
209 31 
108 161 
50 208 
229 53 
6 196 
255 9 
255 2 
75 174 
88 172 
85 181 
177 123 
181 229 
255 5 
191 37 
78 199 
58 152 
50 204 
8 207 
237 39 
151 58 
241 34 
63 212 
100 84 
154 58 
83 254 
49 176 
70 207 
254 8 
231 91 
213 118 
210 30 
140 245 
162 86 
176 44 
45 208 
224 22 
197 34 
213 65 
207 81 
13 184 
33 86 
249 2 
104 69 
107 198 
135 143 
9 163 
100 64 
113 118 
125 61 
167 81 
86 70 
179 255 
198 113 
212 60 
12 148 
19 206 
57 199 
81 184 
86 134 
84 236 
28 144 
75 213 
165 113 
144 250 
199 144 
68 214 
158 249 
67 77 
155 155 
174 92 
114 60 
102 212 
172 255 
178 155 
117 218 
58 190 
61 216 
31 220 
107 101 
198 148 
104 177 
113 230 
82 70 
219 136 
81 160 
255 8 
167 62 
46 188 
84 233 
222 24 
84 172 
93 232 
184 52 
62 199 
168 248 
60 96 
160 210 
215 56 
84 232 
42 189 
235 38 
1 252 
156 46 
97 249 
234 44 
96 242 
182 41 
187 39 
173 81 
9 189 
132 166 
253 0 
21 107 
52 140 
14 126 
80 69 
180 134 
109 166 
92 242 
215 32 
143 49 
137 178 
217 56 
30 101 
2 252 
33 106 
19 100 
196 85 
112 226 
56 188 
150 217 
245 29 
160 162 
75 234 
192 109 
181 237 
255 10 
118 255 
57 79 
117 67 
236 31 
241 12 
241 38 
150 246 
121 184 
255 2 
162 211 
65 170 
78 124 
138 174 
38 139 
188 91 
69 181 
69 219 
150 120 
154 92 
78 251 
86 69 
155 207 
181 40 
226 84 
167 255 
56 203 
22 109 
150 210 
34 86 
105 155 
11 188 
87 233 
242 17 
42 225 
255 1 
119 169 
140 247 
90 66 
24 95 
171 47 
152 123 
3 230 
106 237 
26 147 
169 66 
138 250 
235 15 
198 134 
224 40 
100 169 
149 52 
243 20 
248 11 
167 214 
41 194 
162 66 
232 28 
120 239 
172 143 
254 6 
96 187 
222 116 
40 83 
26 168 
176 155 
203 76 
117 251 
177 215 
29 90 
147 246 
111 59 
211 111 
155 175 
37 128 
232 25 
3 231 
101 236 
12 184 
227 21 
51 184 
202 109 
203 73 
213 34 
61 112 
159 126 
200 81 
79 81 
76 192 
90 183 
236 41 
36 100 
104 232 
37 155 
253 4 
157 209 
202 151 
7 238 
157 50 
178 244 
155 76 
206 36 
86 231 
44 194 
43 153 
165 44 
186 129 
35 220 
51 169 
138 123 
32 131 
113 247 
246 8 
72 117 
71 219 
187 114 
214 149 
222 29 
44 197 
35 135 
71 255 
13 131 
61 80 
101 233 
15 208 
105 244 
105 231 
40 99 
101 241 
229 54 
204 41 
165 150 
147 191 
201 96 
201 64 
56 214 
181 76 
52 201 
13 137 
190 144 
146 209 
69 97 
27 127 
187 121 
90 67 
4 225 
95 236 
52 192 
16 152 
212 29 
107 169 
5 223 
255 14 
185 82 
54 173 
126 135 
25 113 
184 115 
38 189 
121 59 
149 162 
70 171 
140 166 
71 223 
127 227 
238 16 
94 181 
186 161 
201 141 
10 160 
227 51 
128 240 
89 242 
178 132 
95 241 
148 187 
116 58 
42 220 
52 199 
133 52 
213 142 
237 30 
68 186 
202 33 
152 240 
214 28 
134 51 
120 58 
145 60 
205 106 
54 141 
88 192 
211 101 
49 208 
103 146 
28 90 
80 68 
34 139 
114 160 
17 104 
132 246 
135 58 
48 101 
179 227 
32 104 
242 32 
54 187 
92 222 
111 126 
56 91 
179 43 
240 12 
29 112 
252 0 
64 201 
77 238 
53 90 
9 240 
46 208 
189 243 
112 229 
217 74 
199 37 
104 195 
244 28 
110 235 
64 215 
176 145 
251 13 
226 50 
166 55 
41 128 
45 179 
68 136 
43 227 
241 10 
220 25 
213 100 
45 190 
74 254 
72 194 
54 223 
244 29 
208 148 
146 64 
54 98 
236 28 
20 145 
102 231 
30 138 
205 87 
161 44 
212 117 
193 111 
132 163 
1 255 
21 139 
140 50 
119 94 
3 227 
33 106 
129 253 
172 244 
246 29 
181 131 
226 146 
44 189 
165 214 
228 144 
99 65 
102 102 
199 122 
200 127 
218 34 
245 6 
129 169 
23 128 
183 75 
239 39 
188 110 
210 55 
220 70 
91 189 
43 142 
42 95 
15 157 
60 196 
131 255 
161 119 
1 255 
50 192 
55 201 
1 255 
44 207 
224 24 
14 115 
59 183 
163 165 
153 81 
76 179 
132 175 
75 163 
164 220 
83 200 
217 48 
158 225 
161 248 
243 9 
251 3 
185 46 
250 7 
186 237 
125 55 
228 20 
137 57 
94 134 
255 3 
255 18 
15 114 
43 165 
50 127 
209 99 
115 249 
75 167 
27 91 
150 54 
232 30 
207 40 
94 237 
108 172 
217 119 
13 129 
209 30 
103 243 
194 109 
68 131 
240 39 
40 84 
205 32 
114 211 
34 86 
207 35 
212 29 
54 166 
37 191 
39 182 
230 20 
254 3 
7 190 
99 64 
78 76 
134 100 
219 69 
180 233 
195 75 
194 44 
62 190 
51 174 
148 97 
140 74 
172 49 
189 145 
106 216 
135 255 
1 255 
15 181 
255 3 
34 86 
201 132 
53 94 
24 142 
141 62 
254 8 
230 43 
90 234 
222 54 
49 150 
78 153 
15 117 
76 250 
210 123 
112 184 
253 2 
12 185 
69 224 
197 42 
2 235 
115 197 
34 86 
63 168 
149 214 
13 191 
77 239 
165 46 
254 17 
202 50 
1 255 
134 247 
79 71 
166 156 
151 206 
221 33 
117 160 
13 233 
129 182 
65 181 
151 251 
221 130 
10 173 
195 126 
186 45 
188 152 
231 120 
65 230 
96 173 
64 85 
123 55 
218 37 
35 96 
243 8 
254 1 
114 172 
216 68 
167 105 
242 9 
251 28 
166 247 
59 230 
201 135 
251 18 
32 163 
176 228 
114 61 
141 188 
226 142 
44 82 
159 46 
192 121 
217 71 
98 67 
145 72 
171 78 
11 192 
170 249 
182 233 
80 211 
0 255 
12 190 
77 255 
64 206 
213 138 
90 196 
166 252 
206 61 
233 17 
214 72 
151 49 
232 127 
94 83 
255 4 
86 194 
79 71 
221 103 
239 38 
17 105 
29 89 
52 192 
194 112 
208 68 
239 13 
255 2 
250 3 
131 164 
189 125 
208 54 
53 230 
153 162 
165 121 
89 68 
7 193 
3 226 
85 240 
98 242 
228 20 
122 195 
166 118 
242 38 
18 121 
107 237 
238 18 
154 48 
47 213 
129 238 
255 9 
185 63 
167 82 
204 150 
138 72 
212 122 
147 212 
193 62 
59 140 
195 132 
157 178 
248 4 
33 102 
231 18 
255 8 
36 88 
246 26 
169 161 
97 253 
242 10 
72 171 
53 219 
82 151 
90 66 
217 98 
10 179 
0 255 
127 89 
8 179 
50 166 
248 9 
56 208 
154 46 
235 38 
220 37 
39 98 
16 158 
26 122 
118 166 
246 7 
62 142 
215 132 
169 212 
186 49 
31 154 
123 255 
94 164 
153 117 
131 52 
10 161 
249 19 
79 244 
114 83 
127 169 
200 101 
62 223 
215 58 
67 168 
226 22 
244 35 
146 180 
25 146 
215 127 
213 35 
6 200 
35 183 
188 46 
139 164 
89 250 
116 240 
206 145 
191 119 
94 78 
189 38 
159 246 
209 124 
32 135 
53 188 
74 156 
234 23 
219 41 
146 165 
153 109 
214 30 
160 167 
96 149 
69 143 
179 232 
255 7 
65 80 
223 55 
158 120 
91 237 
169 145 
174 222 
225 25 
149 252 
86 196 
186 58 
232 40 
102 159 
5 209 
153 253 
255 1 
92 65 
175 113 
42 211 
245 31 
217 64 
246 11 
142 50 
69 77 
242 34 
145 180 
163 222 
22 110 
237 13 
62 76 
95 233 
155 153 
240 38 
157 218 
203 33 
62 158 
230 102 
231 81 
86 248 
121 172 
68 99 
201 100 
247 20 
220 25 
239 20 
37 190 
147 149 
137 242 
83 234 
173 45 
113 62 
83 255 
237 30 
142 51 
29 104 
36 205 
197 255 
65 205 
240 39 
38 177 
28 91 
234 35 
198 51 
5 210 
64 78 
219 36 
44 82 
255 7 
47 192 
40 96 
166 71 
55 79 
113 86 
126 65 
134 194 
47 228 
234 18 
72 184 
81 198 
199 138 
39 156 
110 255 
65 168 
115 248 
138 230 
94 141 
154 106 
234 44 
81 72 
77 105 
18 156 
250 24 
215 107 
54 185 
5 203 
255 7 
143 245 
175 75 
255 2 
216 53 
27 100 
252 27 
170 45 
248 12 
96 78 
113 59 
112 227 
123 154 
172 250 
198 125 
199 114 
54 93 
55 199 
255 12 
143 163 
196 84 
219 137 
123 187 
70 77 
13 126 
41 189 
66 177 
245 26 
166 148 
11 153 
17 108 
90 157 
123 56 
200 138 
176 41 
103 250 
220 73 
88 67 
118 201 
225 57 
247 17 
58 169 
89 255 
154 213 
7 216 
252 2 
117 255 
229 115 
113 130 
228 20 
207 39 
35 208 
175 233 
65 202 
88 167 
187 112 
177 255 
79 218 
117 128 
178 46 
12 156 
218 60 
178 52 
170 125 
77 82 
255 6 
142 219 
252 9 
75 228 
99 63 
220 53 
168 243 
255 10 
245 7 
75 255 
165 167 
205 79 
12 184 
92 236 
255 0 
172 46 
206 138 
131 239 
88 238 
226 45 
11 174 
66 195 
225 34 
21 144 
134 255 
147 248 
136 111 
36 96 
56 207 
255 6 
248 18 
210 61 
218 63 
67 158 
54 79 
54 178 
240 38 
70 234 
48 216 
178 59 
156 112 
110 152 
30 89 
81 174 
172 112 
101 241 
255 6 
176 84 
173 244 
33 90 
224 101 
233 28 
76 236 
110 63 
39 179 
164 106 
122 238 
49 188 
4 226 
13 130 
18 101 
109 235 
205 102 
23 143 
60 207 
253 19 
120 202 
192 122 
207 133 
32 151 
246 6 
230 21 
79 251 
5 221 
0 255 
120 101 
216 44 
5 219 
4 217 
175 120 
76 207 
144 178 
162 142 
191 76 
219 26 
9 194 
139 236 
204 118 
71 78 
202 33 
200 34 
209 35 
73 205 
211 64 
24 97 
255 2 
106 227 
168 111 
146 48 
219 112 
156 126 
248 12 
190 41 
107 136 
6 191 
248 4 
80 172 
100 254 
238 30 
251 7 
54 209 
77 222 
211 126 
35 96 
102 62 
199 110 
9 172 
186 141 
128 176 
238 15 
221 92 
95 75 
89 69 
90 68 
150 47 
122 152 
136 182 
52 84 
137 125 
245 7 
160 99 
164 215 
180 105 
211 120 
73 181 
255 14 
255 2 
141 213 
210 99 
147 248 
236 28 
186 81 
56 197 
223 53 
210 149 
212 30 
247 23 
71 166 
143 53 
174 42 
2 239 
3 255 
29 90 
229 55 
17 221 
186 39 
118 196 
232 85 
32 216 
93 131 
216 67 
199 75 
255 12 
50 91 
151 126 
228 32 
117 159 
221 109 
187 224 
47 171 
2 255 
201 41 
0 255 
72 79 
126 156 
65 225 
89 182 
84 189 
48 195 
192 247 
79 194 
202 32 
172 43 
208 80 
222 24 
195 123 
174 42 
196 141 
152 140 
101 228 
134 186 
87 227 
140 86 
14 113 
139 128 
118 92 
131 173 
119 57 
120 144 
194 108 
86 194 
250 27 
220 80 
169 88 
3 224 
185 50 
247 29 
86 235 
74 252 
182 229 
133 252 
65 192 
255 7 
227 137 
98 183 
111 181 
13 141 
71 76 
9 204 
137 252 
102 176 
6 218 
53 212 
81 240 
117 78 
117 234 
51 187 
230 80 
200 34 
79 192 
126 58 
182 153 
119 140 
94 253 
176 106 
164 246 
52 229 
46 169 
20 100 
180 97 
118 186 
129 242 
213 40 
250 12 
213 74 
27 154 
224 26 
225 41 
52 96 
189 135 
207 31 
22 144 
18 114 
136 255 
244 23 
156 161 
239 18 
7 186 
161 72 
149 81 
208 126 
69 202 
98 161 
235 39 
108 255 
255 8 
144 166 
188 47 
82 196 
237 13 
204 116 
195 106 
102 244 
200 70 
153 219 
46 105 
96 232 
143 153 
94 178 
32 135 
129 114 
152 116 
53 200 
255 4 
83 98 
17 103 
125 255 
203 32 
148 164 
49 200 
137 98 
71 78 
31 90 
157 220 
201 85 
49 203 
76 237 
44 201 
110 108 
215 33 
84 203 
143 87 
23 103 
28 105 
118 163 
162 153 
229 52 
24 93 
108 243 
141 145 
55 211 
145 216 
190 95 
225 22 
213 104 
152 177 
178 142 
233 28 
224 105 
179 147 
95 165 
255 11 
227 146 
250 3 
130 69 
255 12 
79 160 
124 134 
163 73 
193 88 
72 186 
40 170 
196 36 
27 114 
136 180 
220 72 
191 90 
190 157 
111 238 
192 40 
90 148 
84 220 
134 148 
189 44 
203 101 
73 136 
230 38 
34 147 
124 65 
191 53 
129 139 
238 36 
147 167 
122 164 
158 255 
120 177 
189 64 
82 241 
19 144 
241 14 
240 29 
30 122 
26 129 
78 254 
101 156 
197 107 
136 255 
159 251 
3 239 
210 36 
87 155 
173 147 
197 99 
134 53 
99 100 
63 208 
149 62 
224 27 
165 122 
255 1 
195 79 
34 130 
114 180 
125 58 
61 128 
29 142 
123 149 
85 255 
243 30 
35 91 
78 74 
218 63 
24 102 
151 159 
237 15 
239 33 
181 224 
139 50 
193 36 
29 145 
133 234 
53 94 
115 182 
130 208 
139 54 
108 242 
204 123 
40 172 
253 8 
247 28 
208 136 
148 216 
168 158 
25 211 
44 158 
3 227 
15 224 
220 36 
102 168 
41 204 
239 18 
242 31 
19 141 
203 115 
105 76 
33 221 
34 206 
72 211 
255 3 
194 105 
46 191 
255 5 
173 132 
170 42 
85 109 
120 74 
79 228 
179 86 
151 207 
65 87 
172 89 
177 232 
188 249 
41 122 
80 164 
41 114 
144 202 
89 67 
10 190 
8 186 
238 30 
162 211 
206 73 
255 8 
148 251 
108 232 
73 71 
191 41 
17 150 
20 212 
23 104 
81 254 
189 112 
148 214 
255 21 
180 223 
206 69 
150 220 
85 120 
50 224 
188 115 
39 173 
3 229 
144 247 
199 117 
18 197 
63 232 
226 73 
251 15 
155 246 
116 231 
252 14 
255 17 
166 43 
253 28 
94 65 
57 219 
82 70 
212 71 
75 215 
122 225 
103 255 
231 46 
171 44 
161 180 
236 38 
123 185 
97 219 
114 135 
51 201 
35 90 
4 222 
2 255 
30 138 
250 20 
168 217 
232 47 
135 253 
246 30 
255 19 
200 82 
251 1 
214 139 
158 64 
197 63 
108 216 
148 171 
204 43 
179 45 
110 225 
231 113 
50 188 
117 192 
126 254 
23 98 
179 248 
150 53 
190 124 
73 212 
117 61 
121 83 
138 219 
249 24 
44 93 
180 226 
32 88 
21 100 
255 1 
224 55 
106 99 
184 41 
232 26 
92 165 
188 38 
48 201 
103 252 
83 246 
55 179 
144 101 
44 99 
118 205 
55 182 
5 209 
182 44 
174 42 
139 110 
100 253 
221 79 
135 84 
144 49 
122 246 
69 231 
212 107 
0 255 
125 156 
129 254 
205 48 
34 107 
239 20 
251 8 
224 106 
255 19 
30 97 
139 180 
139 248 
255 4 
112 122 
69 85 
61 93 
203 46 
255 10 
175 254 
100 71 
168 54 
79 243 
167 47 
140 123 
91 246 
13 156 
28 91 
168 246 
51 112 
213 36 
222 147 
24 95 
197 130 
185 84 
36 85 
243 22 
68 75 
164 77 
66 201 
194 110 
84 69 
216 29 
84 249 
255 18 
107 227 
207 92 
66 82 
26 206 
245 34 
176 43 
35 101 
229 135 
111 166 
160 123 
163 83 
169 109 
107 63 
188 143 
127 160 
28 92 
255 11 
49 117 
89 178 
193 146 
58 195 
118 100 
115 84 
115 177 
20 134 
29 140 
232 19 
251 5 
22 101 
104 85 
137 114 
62 187 
206 59 
114 68 
186 255 
49 202 
197 72 
8 207 
96 64 
157 120 
140 59 
179 66 
137 58 
105 165 
150 241 
36 142 
143 195 
168 107 
8 185 
74 161 
248 14 
25 123 
58 90 
79 141 
11 193 
231 117 
160 159 
36 214 
255 2 
134 134 
1 255 
23 108 
87 240 
53 182 
221 25 
7 210 
75 153 
86 242 
65 227 
254 7 
206 31 
152 248 
186 134 
17 117 
121 105 
30 134 
15 164 
104 100 
31 140 
189 42 
142 81 
241 38 
164 50 
0 255 
130 251 
25 133 
150 115 
255 1 
255 12 
236 36 
156 82 
93 241 
155 249 
176 137 
230 28 
218 26 
209 140 
40 134 
164 44 
192 137 
206 122 
52 159 
125 55 
219 26 
223 67 
242 10 
94 182 
79 78 
0 255 
166 162 
62 219 
89 234 
175 245 
175 83 
150 250 
82 125 
158 125 
232 46 
29 118 
183 40 
38 204 
49 193 
27 207 
158 129 
36 93 
98 177 
190 92 
29 108 
148 218 
200 87 
130 54 
83 253 
234 41 
156 250 
164 140 
218 75 
43 174 
191 55 
66 135 
219 26 
247 5 
99 255 
11 160 
218 94 
245 21 
140 169 
137 226 
190 135 
119 251 
245 35 
187 51 
130 159 
113 193 
148 145 
255 3 
98 242 
40 179 
182 55 
171 221 
151 73 
255 12 
120 56 
150 125 
117 238 
178 222 
243 25 
217 51 
247 33 
128 242 
179 146 
188 255 
255 16 
42 213 
151 159 
95 208 
54 185 
9 167 
46 111 
145 130 
183 224 
243 35 
148 218 
10 191 
255 4 
152 245 
111 255 
121 237 
0 255 
45 132 
31 123 
88 231 
22 102 
17 140 
158 243 
182 219 
28 90 
98 194 
99 229 
154 255 
21 137 
27 127 
160 87 
228 21 
153 83 
193 36 
13 159 
126 58 
215 51 
19 103 
206 32 
115 150 
93 187 
161 61 
244 34 
82 189 
106 130 
1 255 
211 51 
114 225 
45 203 
2 241 
48 206 
137 246 
140 146 
156 68 
236 15 
55 218 
197 152 
174 47 
131 248 
93 124 
4 228 
65 83 
175 71 
53 163 
123 203 
169 43 
70 191 
231 76 
107 183 
170 63 
84 239 
78 253 
249 3 
46 199 
144 209 
252 9 
75 182 
139 84 
51 80 
20 98 
100 129 
142 148 
227 40 
109 187 
48 95 
57 172 
6 214 
33 137 
214 125 
68 228 
211 65 
39 191 
211 97 
26 142 
101 71 
218 91 
33 141 
229 45 
221 47 
111 121 
255 10 
214 28 
161 73 
252 1 
30 91 
205 68 
109 255 
39 201 
33 86 
46 84 
155 242 
253 1 
49 171 
150 137 
72 198 
252 6 
192 135 
189 129 
89 248 
215 137 
202 103 
57 177 
139 50 
59 187 
178 171 
112 160 
170 234 
183 236 
98 241 
85 183 
83 167 
255 12 
10 190 
82 248 
162 247 
155 251 
214 84 
134 240 
41 93 
119 255 
66 82 
65 154 
118 181 
173 69 
42 100 
69 167 
36 130 
68 200 
174 42 
175 223 
153 160 
62 203 
78 166 
2 255 
20 112 
144 112 
113 199 
224 57 
2 237 
77 239 
71 84 
38 145 
251 7 
240 37 
113 175 
101 73 
249 14 
108 209 
138 80 
37 141 
225 23 
228 113 
6 196 
232 18 
60 222 
172 148 
116 255 
92 202 
44 222 
72 222 
15 110 
78 167 
18 108 
244 16 
239 12 
125 235 
186 94 
63 180 
184 119 
43 222 
61 180 
66 113 
175 255 
197 66 
52 177 
199 113 
124 54 
243 15 
56 184 
131 73 
179 140 
185 148 
112 238 
218 26 
48 189 
103 230 
60 206 
81 69 
109 193 
146 255 
95 70 
25 157 
85 245 
213 48 
243 11 
50 97 
157 45 
243 11 
134 60 
78 163 
147 49 
77 202 
23 95 
7 229 
122 160 
172 136 
220 26 
57 174 
41 138 
19 133 
226 40 
76 73 
11 172 
115 228 
149 50 
52 203 
147 187 
43 96 
91 190 
183 83 
248 10 
204 87 
142 56 
183 255 
109 143 
233 112 
122 215 
215 94 
226 47 
230 19 
135 208 
112 129 
254 20 
92 71 
255 2 
193 114 
184 235 
49 132 
157 124 
155 105 
235 16 
32 158 
159 104 
173 131 
55 131 
246 15 
132 201 
253 10 
69 105 
204 84 
177 225 
95 68 
11 162 
70 75 
46 225 
32 132 
25 110 
128 184 
148 177 
127 60 
62 197 
165 93 
172 106 
192 47 
63 210 
183 82 
9 179 
69 168 
183 110 
114 87 
33 133 
22 96 
61 174 
231 21 
141 55 
109 162 
76 255 
207 44 
213 31 
17 144 
185 107 
125 169 
177 90 
50 93 
74 180 
185 226 
115 245 
80 226 
219 62 
176 148 
27 228 
14 218 
50 132 
191 128 
47 223 
55 145 
2 255 
162 130 
184 238 
80 233 
160 148 
63 188 
107 192 
122 55 
228 21 
142 83 
135 181 
142 84 
228 32 
223 41 
47 229 
61 175 
189 88 
244 12 
63 172 
21 124 
62 135 
218 61 
51 171 
109 63 
183 129 
129 81 
50 198 
16 120 
208 59 
252 27 
1 255 
133 255 
149 143 
87 190 
66 162 
204 141 
152 47 
45 205 
26 124 
84 69 
211 134 
31 106 
215 27 
244 23 
198 34 
203 150 
220 39 
203 151 
229 22 
68 151 
10 186 
147 152 
159 156 
72 205 
156 125 
0 255 
61 167 
16 162 
98 217 
19 150 
172 57 
211 37 
176 157 
126 212 
159 46 
119 173 
148 155 
23 104 
252 6 
114 154 
186 238 
194 111 
96 65 
74 70 
181 255 
15 197 
24 140 
9 169 
4 218 
101 196 
7 192 
103 182 
43 169 
107 91 
222 24 
47 95 
32 92 
16 145 
135 60 
255 4 
45 134 
172 215 
183 45 
193 103 
99 69 
93 65 
110 183 
200 133 
100 121 
149 212 
28 197 
127 137 
255 10 
193 114 
44 91 
73 253 
26 163 
82 106 
167 101 
180 237 
63 74 
20 123 
65 163 
195 110 
255 4 
180 230 
34 210 
237 14 
206 116 
87 78 
33 97 
52 168 
72 165 
190 250 
27 164 
178 253 
39 189 
255 13 
67 188 
119 156 
113 69 
115 233 
170 247 
58 199 
30 89 
31 88 
21 98 
16 114 
31 89 
227 31 
23 161 
165 253 
190 120 
81 74 
203 95 
132 126 
165 212 
167 212 
107 61 
115 224 
244 34 
237 42 
255 2 
56 111 
166 155 
124 141 
57 198 
110 156 
14 137 
170 227 
195 125 
6 197 
37 124 
146 161 
194 131 
37 101 
226 23 
241 36 
67 77 
84 229 
108 206 
159 124 
111 66 
49 195 
53 82 
237 29 
104 238 
124 166 
210 53 
92 232 
70 198 
52 218 
26 118 
0 255 
66 80 
135 168 
91 161 
124 175 
106 239 
138 172 
33 87 
211 82 
111 226 
246 35 
180 102 
128 129 
93 76 
50 177 
141 242 
32 89 
247 12 
72 75 
40 206 
123 255 
136 153 
67 170 
161 46 
233 39 
17 184 
68 85 
68 205 
50 92 
211 68 
113 63 
6 220 
180 235 
28 92 
92 191 
243 23 
113 99 
63 83 
173 70 
140 210 
49 213 
87 250 
130 94 
202 36 
198 111 
255 9 
218 111 
8 239 
148 153 
255 7 
144 158 
126 255 
70 209 
212 124 
175 42 
154 143 
230 18 
103 130 
87 146 
232 32 
14 176 
39 211 
183 232 
18 125 
155 237 
163 154 
146 48 
82 166 
4 223 
162 117 
208 117 
128 228 
251 1 
155 184 
129 244 
124 202 
117 247 
9 198 
111 62 
60 187 
169 218 
178 104 
79 177 
39 84 
9 166 
157 110 
145 82 
143 215 
157 152 
129 145 
2 234 
75 81 
78 143 
108 248 
167 153 
202 53 
234 39 
17 105 
49 211 
6 195 
188 83 
201 126 
22 95 
204 73 
18 221 
65 210 
0 255 
255 1 
41 175 
212 67 
128 172 
255 16 
233 90 
197 255 
141 51 
73 186 
221 98 
110 240 
141 142 
224 23 
220 119 
25 93 
155 209 
216 113 
89 112 
64 183 
207 49 
53 203 
112 239 
91 178 
84 227 
175 250 
29 125 
196 66 
27 139 
250 10 
112 236 
229 116 
16 206 
90 187 
98 237 
184 255 
39 176 
179 100 
40 102 
76 184 
131 192 
152 250 
241 11 
137 244 
122 137 
101 249 
54 201 
121 177 
135 52 
124 243 
133 240 
245 16 
29 111 
8 191 
106 150 
209 127 
13 216 
36 101 
228 147 
109 221 
37 85 
122 206 
89 78 
110 181 
145 85 
56 180 
255 4 
179 79 
130 221 
95 158 
205 31 
126 161 
163 78 
11 215 
194 119 
209 61 
128 56 
157 93 
221 56 
74 75 
90 195 
136 89 
204 116 
15 176 
225 23 
91 71 
28 135 
98 152 
253 0 
41 209 
208 84 
47 203 
240 14 
167 253 
180 255 
55 103 
233 86 
145 48 
148 157 
120 142 
199 48 
23 94 
60 208 
166 149 
179 85 
245 28 
117 153 
76 73 
206 66 
146 182 
78 234 
171 113 
119 60 
91 153 
27 223 
36 86 
177 45 
15 217 
207 30 
194 143 
16 146 
74 220 
25 210 
134 57 
31 88 
155 120 
168 56 
91 230 
161 218 
85 250 
59 169 
178 64 
29 164 
2 236 
226 22 
24 124 
146 78 
81 252 
233 17 
104 187 
202 32 
226 24 
24 95 
18 178 
99 66 
97 178 
221 24 
105 153 
103 192 
41 179 
2 255 
220 123 
248 28 
148 191 
214 57 
238 22 
77 235 
113 183 
224 31 
146 255 
106 179 
1 255 
156 241 
47 201 
23 107 
177 114 
115 92 
236 45 
12 140 
207 111 
104 213 
70 195 
249 17 
96 156 
146 218 
234 16 
66 183 
93 71 
181 49 
87 244 
13 142 
16 107 
130 241 
148 135 
197 154 
234 29 
199 111 
255 23 
71 73 
218 26 
223 136 
102 209 
70 215 
152 47 
4 225 
105 126 
251 29 
118 180 
86 76 
32 128 
34 132 
31 203 
174 109 
202 34 
230 21 
145 255 
81 149 
51 188 
177 111 
42 210 
86 188 
74 225 
170 43 
232 19 
17 131 
147 70 
199 132 
192 126 
71 232 
212 35 
239 39 
59 202 
204 50 
114 80 
169 248 
30 91 
227 22 
20 103 
43 185 
205 70 
248 7 
62 110 
81 241 
255 1 
209 42 
164 245 
59 98 
13 143 
184 97 
141 216 
113 230 
230 36 
35 102 
202 34 
56 195 
190 103 
23 94 
219 51 
180 228 
202 119 
128 230 
113 252 
62 194 
160 210 
150 243 
58 212 
197 150 
85 229 
234 18 
248 6 
148 48 
18 154 
38 131 
119 245 
208 38 
192 124 
168 118 
119 59 
146 117 
182 231 
205 100 
140 63 
241 10 
55 172 
3 234 
113 239 
164 43 
154 177 
86 255 
112 68 
71 163 
70 75 
123 231 
118 203 
189 120 
125 102 
146 226 
8 204 
110 189 
119 58 
126 204 
91 254 
65 188 
96 167 
147 219 
248 3 
236 39 
171 216 
59 179 
97 65 
45 82 
234 17 
248 25 
152 63 
212 72 
170 50 
237 29 
237 33 
203 40 
99 143 
219 36 
43 193 
66 175 
110 191 
136 158 
77 72 
215 67 
13 125 
229 21 
45 200 
34 204 
3 233 
139 58 
20 217 
161 155 
18 146 
107 175 
3 236 
196 74 
72 228 
13 194 
121 255 
239 39 
255 0 
174 136 
57 202 
120 93 
131 147 
4 228 
167 135 
144 121 
135 242 
166 43 
158 248 
0 255 
85 67 
120 56 
127 196 
218 49 
135 51 
1 255 
219 145 
197 255 
210 102 
155 116 
114 170 
16 107 
130 207 
9 196 
151 179 
77 72 
207 37 
83 224 
204 35 
69 196 
116 196 
214 40 
159 65 
141 49 
31 88 
167 249 
216 49 
225 25 
123 124 
138 243 
9 183 
40 218 
48 89 
153 211 
57 191 
123 147 
116 146 
8 206 
191 54 
178 229 
198 132 
96 224 
110 87 
229 108 
113 224 
247 5 
68 191 
39 221 
225 25 
21 98 
3 244 
255 6 
10 192 
73 193 
141 179 
212 115 
228 118 
70 139 
255 5 
142 201 
100 71 
255 0 
187 105 
167 247 
120 57 
7 230 
107 155 
129 163 
250 17 
193 53 
232 40 
77 224 
35 86 
37 205 
203 40 
188 48 
83 221 
177 133 
138 151 
245 8 
42 208 
117 226 
98 159 
109 184 
227 23 
116 58 
13 171 
225 24 
196 37 
182 137 
195 95 
11 192 
77 252 
234 16 
106 255 
18 104 
17 133 
232 110 
126 244 
1 255 
160 246 
11 159 
183 58 
195 148 
201 42 
2 242 
175 142 
15 168 
159 211 
31 205 
48 185 
96 206 
63 199 
209 40 
178 130 
216 31 
188 113 
208 66 
95 194 
22 119 
218 130 
40 84 
73 168 
97 72 
131 130 
104 149 
31 142 
81 163 
85 176 
197 255 
60 220 
123 55 
229 50 
231 18 
155 46 
60 205 
153 125 
103 119 
50 163 
200 56 
141 179 
23 147 
217 35 
49 90 
217 122 
149 87 
255 10 
227 27 
124 110 
226 116 
24 107 
186 106 
218 26 
139 51 
130 52 
4 226 
200 61 
227 23 
116 197 
71 235 
186 255 
99 189 
5 206 
206 117 
98 64 
10 177 
208 139 
232 50 
97 68 
133 52 
170 159 
169 67 
143 244 
73 72 
123 180 
42 172 
144 69 
90 69 
129 239 
215 90 
205 123 
9 195 
22 139 
48 169 
102 62 
254 0 
234 17 
46 207 
15 161 
17 170 
170 153 
210 73 
59 230 
53 189 
208 121 
61 200 
54 213 
99 208 
107 235 
30 89 
153 134 
85 154 
92 229 
166 87 
216 116 
93 244 
210 34 
95 152 
112 155 
144 183 
96 231 
166 171 
121 169 
193 97 
57 106 
119 214 
53 130 
71 187 
32 103 
104 240 
201 45 
255 22 
168 131 
36 221 
180 255 
254 8 
1 255 
183 228 
21 148 
51 231 
91 245 
157 212 
50 227 
39 181 
52 199 
59 90 
211 29 
163 250 
255 7 
118 236 
14 160 
192 46 
117 73 
239 30 
20 211 
98 233 
6 189 
90 168 
44 185 
145 228 
221 44 
240 20 
130 255 
6 201 
231 108 
181 128 
66 83 
23 176 
12 180 
185 109 
146 121 
66 206 
241 24 
153 78 
155 171 
162 246 
255 14 
207 101 
23 192 
255 2 
123 173 
236 43 
4 221 
84 81 
46 193 
210 120 
183 225 
179 117 
227 41 
93 126 
125 117 
255 22 
28 111 
48 96 
8 184 
116 176 
6 194 
127 168 
120 56 
161 57 
87 252 
222 121 
250 19 
218 59 
3 233 
53 79 
221 114 
59 190 
38 131 
123 235 
26 182 
235 39 
165 85 
103 234 
190 96 
189 152 
74 142 
45 98 
187 45 
72 168 
205 121 
241 11 
30 145 
51 225 
18 138 
4 219 
84 77 
38 133 
238 12 
88 160 
68 77 
210 135 
132 222 
119 61 
197 53 
211 63 
24 93 
234 41 
206 255 
151 249 
30 88 
0 255 
10 182 
33 87 
233 43 
156 79 
154 151 
9 194 
161 62 
124 55 
71 174 
215 76 
128 178 
224 33 
199 100 
189 118 
163 49 
146 179 
163 253 
193 125 
251 25 
136 174 
116 63 
143 117 
5 213 
112 70 
236 18 
187 245 
186 103 
244 8 
186 40 
187 154 
25 215 
215 35 
199 140 
10 165 
219 25 
255 0 
132 151 
73 236 
11 193 
184 155 
105 138 
212 87 
169 154 
224 50 
241 35 
97 71 
171 134 
207 113 
8 199 
86 232 
202 63 
104 98 
125 173 
154 94 
79 229 
239 38 
171 47 
252 23 
188 41 
214 28 
103 78 
255 3 
136 167 
184 42 
18 150 
104 158 
1 255 
74 165 
142 160 
68 86 
56 92 
162 122 
174 99 
234 18 
23 211 
162 108 
14 146 
26 95 
116 126 
62 229 
180 154 
141 85 
101 173 
172 103 
47 174 
142 51 
145 213 
166 216 
184 144 
122 57 
144 62 
149 127 
234 17 
90 236 
192 81 
60 77 
231 20 
8 209 
27 143 
120 253 
73 133 
173 120 
88 71 
63 99 
243 8 
17 141 
135 126 
217 28 
26 133 
204 147 
163 158 
36 87 
255 8 
153 186 
88 157 
137 223 
154 175 
253 4 
87 77 
235 15 
137 94 
168 123 
147 209 
45 173 
255 11 
128 255 
44 94 
55 204 
137 188 
111 59 
127 54 
110 224 
55 169 
230 46 
9 199 
118 204 
225 23 
69 135 
187 102 
168 60 
109 93 
117 171 
127 165 
19 108 
155 217 
185 232 
125 201 
43 97 
226 22 
198 136 
211 107 
77 188 
8 170 
80 247 
61 231 
190 49 
99 198 
93 240 
44 168 
227 140 
214 140 
173 166 
131 52 
157 132 
255 4 
170 155 
32 119 
88 68 
237 36 
79 184 
127 60 
58 200 
127 240 
57 79 
240 11 
116 232 
255 2 
60 185 
156 244 
91 250 
243 8 
131 66 
24 94 
3 231 
12 185 
102 203 
162 133 
235 15 
146 50 
35 85 
171 79 
52 95 
2 238 
63 99 
59 93 
130 61 
163 121 
142 249 
247 15 
156 156 
185 122 
129 54 
126 243 
191 151 
197 67 
252 22 
255 12 
44 177 
255 21 
214 147 
236 24 
220 90 
238 15 
249 26 
161 161 
246 12 
45 212 
144 123 
82 76 
246 34 
221 25 
185 221 
140 224 
80 74 
181 117 
1 255 
10 233 
153 226 
167 237 
64 196 
112 227 
166 127 
121 57 
42 171 
138 143 
10 162 
47 185 
21 108 
51 202 
253 3 
67 234 
7 214 
103 62 
146 243 
0 255 
171 249 
40 186 
160 169 
56 188 
111 232 
110 147 
188 113 
91 243 
143 127 
250 4 
177 41 
22 221 
96 193 
189 59 
1 255 
135 217 
70 198 
45 200 
145 171 
255 4 
244 31 
182 110 
152 47 
88 245 
247 5 
73 255 
39 215 
19 147 
196 80 
14 138 
103 238 
102 82 
221 25 
95 160 
62 206 
88 163 
119 96 
17 132 
171 216 
249 7 
39 195 
134 149 
225 108 
74 255 
106 85 
29 225 
34 200 
118 151 
8 175 
174 251 
167 43 
254 1 
250 3 
112 170 
151 84 
164 253 
120 61 
24 138 
157 247 
122 255 
98 192 
20 98 
249 29 
91 156 
181 67 
71 84 
194 37 
225 31 
128 255 
69 100 
12 182 
25 144 
21 107 
200 143 
126 183 
170 43 
175 226 
171 213 
5 205 
250 11 
255 12 
173 218 
41 186 
196 36 
251 3 
231 33 
207 66 
11 194 
135 97 
254 0 
117 242 
154 128 
140 50 
250 9 
208 31 
222 37 
77 76 
2 253 
24 94 
61 163 
136 115 
153 246 
234 19 
27 98 
82 71 
153 48 
212 56 
40 189 
188 86 
255 0 
11 215 
34 121 
174 129 
70 170 
198 69 
68 172 
2 252 
52 89 
208 114 
199 138 
100 243 
160 247 
228 22 
203 130 
129 52 
134 172 
209 31 
231 48 
65 74 
93 79 
22 212 
231 19 
15 109 
40 175 
41 178 
89 229 
89 66 
42 224 
10 159 
229 108 
125 144 
82 74 
67 174 
83 248 
252 12 
145 125 
84 75 
201 79 
136 54 
20 151 
50 184 
187 120 
193 248 
80 190 
213 80 
255 0 
156 178 
82 188 
185 128 
114 152 
25 115 
126 139 
175 77 
225 23 
124 176 
166 122 
196 118 
55 200 
60 171 
149 57 
76 165 
241 27 
238 22 
46 178 
201 33 
150 161 
128 244 
132 218 
165 96 
188 55 
199 38 
198 121 
98 191 
202 69 
144 63 
78 235 
16 198 
94 159 
40 176 
242 9 
87 72 
33 219 
216 88 
19 222 
149 240 
247 15 
228 22 
31 153 
110 245 
253 6 
58 202 
163 45 
243 8 
235 16 
190 129 
200 151 
59 227 
67 234 
164 152 
26 95 
157 158 
184 227 
74 111 
22 97 
75 193 
81 234 
235 15 
120 234 
179 149 
5 216 
182 88 
40 115 
61 214 
245 23 
102 82 
136 154 
212 52 
219 37 
49 220 
246 14 
239 34 
130 173 
210 120 
60 211 
189 242 
142 180 
101 68 
106 155 
106 63 
84 202 
91 149 
243 30 
51 119 
174 237 
119 199 
41 98 
91 180 
34 192 
196 134 
177 46 
10 167 
132 64 
191 45 
83 243 
136 89 
111 59 
141 205 
147 73 
87 72 
136 161 
255 5 
57 91 
46 148 
224 24 
37 203 
104 221 
238 39 
189 255 
255 11 
60 167 
33 86 
155 255 
238 12 
158 128 
18 106 
254 9 
240 13 
165 164 
182 107 
43 127 
93 151 
164 254 
16 155 
116 148 
108 67 
76 238 
255 6 
19 115 
162 180 
114 213 
187 49 
111 115 
64 135 
115 238 
102 211 
20 209 
84 158 
176 116 
74 217 
152 155 
15 200 
102 218 
200 42 
42 181 
172 110 
86 75 
56 160 
235 32 
100 232 
13 130 
154 51 
183 133 
225 53 
42 146 
48 197 
5 206 
130 245 
139 200 
173 255 
16 107 
35 178 
82 254 
134 161 
207 115 
226 33 
255 4 
7 211 
96 212 
231 32 
36 85 
144 150 
10 223 
123 183 
191 37 
70 76 
22 157 
103 128 
115 222 
118 183 
230 20 
28 127 
177 47 
214 28 
224 70 
148 213 
146 220 
69 154 
98 251 
254 11 
187 255 
192 149 
39 125 
239 40 
71 164 
36 123 
193 52 
169 138 
138 97 
133 249 
88 68 
106 233 
68 98 
180 171 
17 137 
93 196 
222 25 
161 137 
243 10 
58 196 
64 181 
28 122 
87 166 
180 48 
72 160 
7 217 
218 57 
88 176 
37 99 
250 29 
213 47 
205 63 
163 110 
38 146 
69 164 
142 154 
195 149 
105 238 
142 175 
140 253 
35 113 
194 45 
132 52 
80 219 
158 219 
163 244 
105 244 
181 219 
16 106 
149 50 
255 17 
185 239 
80 234 
220 52 
255 6 
138 240 
240 11 
135 165 
145 203 
236 37 
152 119 
152 179 
109 148 
74 178 
28 90 
164 95 
200 114 
236 31 
177 255 
255 16 
83 250 
149 250 
139 50 
58 182 
250 9 
47 85 
113 221 
248 21 
145 49 
229 31 
105 159 
255 16 
29 108 
4 239 
47 144 
56 218 
