27305
15969
53486
28952
57813
65477
64904
62109
63248
37566
52074
58128
64914
53559
23738
14213
26647
63342
38229
65521
18297
9174
8379
8982
31331
64825
58611
63571
39464
27324
56715
24282
15644
52973
34122
15773
64408
10136
8981
36484
6818
19432
53807
63559
13529
65490
10144
8683
63776
52977
65494
20428
49514
63165
15641
34431
9095
9161
62600
18005
65476
24574
49612
62097
26409
24027
47787
64432
10090
48184
33443
20757
53002
14102
51681
38728
64774
26758
40402
38607
33885
64872
63179
47499
48038
11829
26465
57155
57397
24671
31900
63674
15923
34206
64658
23705
39593
65369
39314
25439
36692
15647
56309
11262
15695
16923
64735
63733
53135
34571
25828
23765
30458
11733
36114
31916
56381
47760
54007
25711
13550
58759
16122
57835
37795
9994
20523
62544
38629
51558
58424
62506
53419
19022
34085
23848
39957
14395
52713
25809
13311
15820
65350
19613
8441
34456
38284
8357
27653
15656
29243
29724
28861
47276
19989
9365
55184
51807
47667
27029
29134
49616
21814
52109
19080
27663
64552
47556
64817
14388
18733
65477
27881
65369
65501
17174
20013
9452
26734
56083
64730
50908
36108
62663
21536
56735
20084
39209
19209
63471
18845
32168
39852
49758
15809
47684
15786
27038
64967
29677
65029
52791
9202
38487
30183
65451
37560
64913
56647
28325
47546
15669
20417
51622
64688
33306
10414
30138
18868
33546
22677
13306
26981
36697
8460
9327
36079
26371
33184
64657
56720
26605
31823
65450
26704
25168
18858
63490
33111
64612
65379
13598
58629
16794
53183
26823
51884
19421
65530
16042
57572
33918
32369
55490
64983
64418
29335
28500
62102
65030
26431
17229
52359
52907
18786
65322
52810
24020
39368
42582
47500
18551
63189
17201
37072
26197
49559
58481
15842
25806
24871
26327
30780
21547
32823
26367
30521
28546
17129
28311
26634
29300
8944
37101
62668
32884
47708
29989
10118
65457
24778
8457
57113
64492
6812
27015
26349
39230
32831
63627
65318
15760
26960
8412
27108
18841
32360
40188
64590
64953
47578
24076
56649
15764
9207
55230
26202
53069
20706
64678
19007
54763
49845
65445
30013
31962
47909
36370
32911
26730
26885
24349
54327
8349
31476
64865
26025
14116
51267
24073
20628
20085
39257
33929
36410
54901
16138
23832
33525
38338
35106
53728
33257
30055
24793
21558
24654
53235
26445
47293
37547
32991
15650
17513
28743
8410
6876
28565
25602
17390
58105
55369
28399
8724
8420
11776
33923
27768
64421
25765
24919
29452
53197
62948
27368
54121
52103
64572
23479
47467
27156
51538
20689
51414
8717
62715
33100
9721
63190
28888
53353
36623
64576
62516
13030
63095
26345
23490
63107
53343
35304
62107
65401
53385
20624
28208
29200
64886
52247
39213
23933
64926
65470
18605
62785
39334
18649
39510
33928
13360
58692
20603
58397
23561
51381
17077
36524
21845
26968
52873
34431
33199
38245
10027
26775
34654
63636
14150
34063
53145
38404
21809
65455
53508
65351
24429
33738
51453
17406
9110
20891
33470
52787
17357
30087
15910
28585
51596
19060
26434
54946
51581
40215
16927
29553
24666
19087
59291
49742
51247
8718
51307
32861
21849
54147
28600
36423
16194
15668
63624
16884
9458
25662
64753
26882
34052
62089
23537
10312
39379
30638
34024
26339
32040
30711
14399
14244
51862
39826
53113
25132
20522
62101
65367
64726
26763
32344
65038
25510
20416
26040
24580
39589
65521
64919
51918
49853
47714
21557
38943
18348
25037
22617
13009
65356
36046
15865
62202
38162
62720
47680
6787
62099
58417
65431
65502
25625
65037
17903
54212
33516
21846
27210
62500
21330
25675
62546
36300
56340
33600
25364
64955
58195
48003
64605
18985
63513
23737
16828
27488
65399
24315
14167
10215
6785
21401
33114
64912
26981
63173
63364
63104
12464
53524
39258
55825
57507
20077
57552
23396
21473
36534
38294
27050
8439
8356
62151
24787
59307
24804
18614
26932
30077
49603
33408
47662
24913
37578
26197
20307
13517
21323
19934
54861
18588
64448
17347
14101
34750
32069
6917
20024
63254
65359
29033
24467
39348
64762
65479
28271
21769
20358
53087
47843
20321
53547
64786
17285
62540
21406
62542
64661
8326
18598
65453
15675
64887
21750
34576
47452
52911
15848
38228
21846
29980
64965
56183
29195
47623
34571
56066
39594
64738
9263
24329
57597
58286
36806
25641
16052
9054
17387
29709
19003
56453
52279
24025
55890
34018
28575
35722
6822
21469
39390
32927
9033
52316
23656
14249
54083
65325
8372
19416
8324
7145
64565
54140
25835
32420
27740
58528
23817
38508
36461
64917
17099
12964
65531
36434
63224
18792
30021
36141
9580
39501
20695
12760
64425
65475
15847
26744
59242
27956
58689
65421
23529
37585
65470
23496
39498
32222
26201
12478
55746
6787
21355
29729
17378
57826
24786
20369
26825
63260
20064
39503
49855
21530
23950
21544
65406
59285
63019
65532
17468
37928
18255
65469
30527
26876
57805
47212
34572
33206
51556
34195
38515
33188
24480
24797
65430
53035
58878
40373
30009
62879
9214
65526
16195
24636
15834
57852
62604
28588
20005
38396
21475
65478
30903
40213
53005
21268
15647
58861
27200
35976
64424
14391
9246
34227
10696
39620
10111
21748
57008
54186
56305
65476
15676
24494
65506
18298
17162
9260
37660
52391
27050
13804
27267
62547
26607
9023
63024
9339
23687
62891
39377
65528
65501
24502
62138
39289
62159
64973
14119
54572
65353
19430
36844
65032
16071
63436
17484
13439
38324
27371
27289
26115
49537
29852
20305
57124
33633
26985
47874
62085
30024
25720
26395
18760
64420
65521
65480
52605
24975
57844
18272
65320
57667
18826
29976
65426
24535
20595
27645
56347
29899
24628
20712
39656
33501
35078
24122
29430
63070
6894
51200
34149
32157
29021
63579
9979
14173
14295
8438
23946
63792
64907
24877
52353
27831
34359
27677
64839
36120
56724
21074
26814
18844
64954
30078
28094
11488
47810
65535
64962
26415
26167
29223
36172
21027
15734
63090
24416
65362
28739
53025
62205
18582
16985
64694
26023
26847
15985
15993
64405
65472
17822
51769
33452
30772
64992
23675
16080
26033
36645
62492
27944
27601
65031
65037
6844
9213
12471
34847
64964
30622
34651
37873
39864
54316
57192
62766
27301
65007
29467
54924
64653
65532
36073
14367
58455
57678
18961
58581
19190
52177
14403
64575
17131
39237
20504
20596
17530
51593
29954
9206
53853
64642
6805
51709
8716
62721
57257
36573
64793
65530
57862
26613
12773
18886
53254
65318
65457
26319
20516
12335
17967
58075
10533
33388
14108
20417
63088
57538
34031
24216
25995
9962
27046
63593
21845
37323
47863
64643
13356
39253
49808
33532
13395
33146
51514
47967
65453
47257
29257
8328
63225
8378
54091
23747
64925
38971
16844
53227
20428
27214
65508
52063
39654
52339
23545
39342
32352
52961
24571
65029
26050
65532
21399
34785
64759
39577
8974
32127
21383
10483
64953
47528
65522
65476
55148
9183
34626
30054
15843
63476
6842
65461
53681
65372
59298
40344
34526
28148
37635
20718
34109
13136
29697
58713
65472
15652
58697
21846
39456
33420
16882
24286
18517
18342
63597
21330
9172
58586
10373
16084
19418
25390
62102
63331
65457
17377
33534
6970
25779
51583
6767
12930
65523
27740
62872
26220
15948
14390
58643
24263
62205
26860
58809
64752
19732
34151
34161
58826
36416
65450
49523
65535
33624
14397
58403
33522
26453
51937
17890
28882
34569
47805
52756
24634
47903
14106
16978
64666
6809
29596
12943
63063
51883
19302
14354
54632
19068
26899
39215
19996
15893
19404
62514
52744
62481
65032
19353
63474
17531
47712
21101
49792
57229
63645
53266
15705
30878
10497
18625
18103
56682
58434
63247
34774
33089
36331
17808
33792
18857
53175
50958
13381
34944
65018
24656
38491
64571
49587
27291
39396
19075
8341
63499
24507
30844
24610
64424
33445
65363
18804
63625
17469
19348
20369
17127
27739
52096
21845
26437
21471
9105
15877
30655
24825
54250
23781
39726
53911
36338
64681
18440
64764
31199
65532
9110
52653
25218
37370
63573
33549
63503
27296
63626
25586
6796
15773
14264
16544
30234
39293
24383
53157
54259
24403
53173
24360
51813
65026
19004
28593
63366
6853
54596
18475
34203
63338
9293
15700
8433
65475
25657
16812
36964
8356
65351
37612
24412
20037
26156
57818
64674
31263
21033
58852
38186
21595
15656
21845
63091
29457
38515
65511
25540
64739
38297
10644
24246
36886
52889
18876
27384
47792
62100
65524
20089
64607
29294
8383
18372
64975
38545
65040
28982
14391
29890
15894
32448
15672
65466
18754
20369
63627
51652
53541
38321
57619
24637
57474
23995
65535
58737
32204
53299
26517
54702
24145
52610
58196
52323
54103
30683
36677
57638
37783
36642
64991
9229
62984
51489
26274
6920
49748
21405
39416
47769
27566
64978
36987
26866
32450
51174
23804
25619
27261
40207
51823
6761
56595
24429
55963
29655
9169
63806
9272
51816
55758
20586
35739
21845
53216
21059
65472
36259
23921
23998
26905
24478
64429
51073
33619
64830
20670
34348
58781
47741
31278
25573
62963
40401
36103
26831
24503
19070
31843
26459
57358
65026
47724
53117
54858
37839
39851
14387
64603
24473
58102
14108
65535
52613
9007
37481
62895
33675
24622
8711
14231
29001
14390
12871
65397
14210
14349
26874
6868
30930
39307
63487
62142
65475
29374
64593
40341
64679
37675
53137
62994
58600
27484
64671
24366
58775
38157
64907
65037
24523
20052
57535
39663
23866
64907
9163
6799
20378
64800
49529
19357
65472
25524
35762
53823
18402
62086
38345
8688
53309
26219
13416
32101
65031
17473
38178
65402
8446
26468
64426
37631
65531
58231
14388
51586
62101
62909
34889
24294
8420
14171
19850
34253
30709
29936
21733
12218
8295
38235
38135
32609
65530
53268
39658
64866
26810
8463
51513
33186
52719
24451
24331
65016
24800
39526
64670
29228
21531
24599
19387
57671
62615
32052
24332
21377
64962
39254
14109
58082
56065
36559
33768
64545
25181
65411
49599
62495
26375
9336
21326
24842
65535
65499
34909
65447
64616
26721
64972
23434
29733
8704
39385
34767
39334
13588
9251
65530
20015
17364
56235
62567
57431
64965
65499
19741
62085
21551
36687
17350
12986
18782
36700
23785
65505
47652
64906
17444
20355
16826
9440
6879
36662
32618
37417
28962
26281
37676
31587
24509
30424
9981
24037
38496
10955
23746
26215
25591
32948
57521
21846
65535
57847
21749
54132
39744
25729
31715
64782
24453
64637
15801
59308
65493
38296
16209
17397
28087
64953
53709
35052
58074
21845
27226
18235
52949
28383
9094
53503
13043
47790
58719
64618
30630
26718
31066
51617
24410
63430
30636
65444
27257
30481
36589
58521
63368
36683
52430
23984
17297
58715
24876
32797
9217
56581
14217
62085
38590
63136
36189
28551
64905
65378
53448
58720
37420
47594
26277
18408
12951
53657
14309
47884
36628
20975
62573
30918
34262
51402
25652
21474
18908
9322
57916
14356
36454
65497
65530
58845
27944
15989
28535
20679
35031
6922
17913
27352
53388
30499
53603
24143
64652
15662
57895
17805
19106
34713
30032
48388
24376
21308
15650
13543
65318
65393
57722
62086
28397
62101
40128
26282
62091
24100
39137
15834
62918
19153
65436
54471
24119
21009
65402
15756
58806
31070
36365
21486
19895
15857
65498
24049
12548
26775
20624
52566
53155
20416
65532
63814
54761
29463
6758
62101
64664
65018
38575
63591
64724
26707
64611
35064
58083
65081
39751
55927
23824
21471
53689
52325
28279
20751
27432
32644
55858
19401
65456
65325
65476
21389
20972
28118
14104
38172
12638
28596
63613
22449
58836
14398
64731
52506
18306
26525
26403
28810
6798
30852
15680
52589
65522
26883
33174
14358
14356
57514
47692
30064
55873
53212
34892
53456
6857
54030
64977
36799
10368
27430
24318
30356
15903
29343
62058
57482
19908
30006
49735
17939
21486
47178
65397
9083
20668
21846
27833
38465
53078
26519
62586
52230
9872
23868
52286
53076
64713
20311
65415
51968
62531
63631
16475
35017
17784
32756
26975
39460
15924
62719
24108
21530
17262
9163
35051
47242
24692
62204
29275
23718
63778
20516
65470
65531
30265
30608
29832
53348
39816
65476
57678
24769
18062
24414
20629
63596
58585
64423
23631
10122
58402
26203
18947
24681
65468
51152
52775
62200
38347
56626
57850
24059
64918
62519
51608
52054
20371
14103
65511
9433
28379
32960
20078
9232
10775
6818
56598
9090
39514
53143
63072
16842
20985
24532
29889
31528
26442
17136
25462
54072
38478
47551
25478
38589
8438
33418
56750
6900
28038
39333
34529
27869
19122
23601
21157
10462
47494
29507
27543
9106
48005
30465
65471
58305
19206
26483
62100
30560
26393
57552
24513
39296
13296
40358
63103
26480
19229
63603
21841
59300
26946
63670
26884
57815
57722
56818
20408
36486
65521
15838
17866
16130
9113
34084
29255
26356
63423
58878
36679
63107
15719
21854
12903
15647
52003
27558
19130
37591
64738
34820
25739
52307
39752
65457
27241
13588
9524
64773
65361
64407
38440
28713
65531
40355
30311
12196
36370
17523
57013
30088
25564
54484
55324
26035
9095
37296
57811
50974
39274
24463
15821
37426
14104
32140
20405
26492
64679
22605
65532
29142
38351
9160
14399
57872
54309
21531
26807
17123
56391
38280
65082
47746
63722
29393
58507
64693
65423
40323
24269
56328
64816
27455
33957
65474
29679
52836
14149
19756
34543
51743
27252
40124
14365
38451
6970
52730
36112
17427
64811
21530
26827
20368
64926
19173
52381
51758
63415
12377
54275
52035
8700
24816
29819
63633
12938
26752
18396
65481
37458
47577
21697
58461
39478
56223
62564
26497
24310
18222
58083
34125
23903
18916
54561
17413
27198
65404
12155
25562
53449
47245
62119
24291
17456
25962
16476
13563
26840
21333
27099
26750
13007
26898
63789
62609
34695
35920
52459
51817
23678
57161
24441
16530
34388
37383
11928
16048
53284
9163
21561
26383
24336
16960
62153
29230
21484
65451
57063
18893
32745
15938
53455
19431
6790
36253
30329
36422
25578
27632
65020
29773
35149
47666
20070
63754
38144
26343
34078
26364
35957
6876
23860
24367
58761
47975
64775
30068
62541
38634
62156
58809
6788
58617
52407
17869
24896
52508
23721
32025
14364
9114
17483
29094
15849
38190
58747
13115
39840
12906
64428
19153
25262
11011
13359
57802
65360
15955
65520
24641
25773
13431
21995
24060
39670
27545
51495
62508
28367
64736
26779
25535
34305
65436
63752
58153
17643
19294
31344
22602
65357
62097
52513
19213
26008
24806
23787
64737
47280
56078
13080
64778
16913
26665
17170
52076
58105
52771
52310
36511
21846
17270
58870
9921
21514
12903
38226
39370
64743
34100
48392
19211
40333
48400
9228
10280
53209
53013
63432
65325
36546
17343
57210
63594
53516
63025
51526
29726
17563
14257
16812
24522
38234
54038
21846
24334
24446
21846
24069
64874
16209
19056
34868
55400
30197
36591
30410
40266
25061
63211
38909
39235
65350
65504
57623
65491
39735
6764
64906
58664
31682
65530
64595
16211
18654
12529
52492
27206
30426
14368
58498
64830
62613
26381
29194
52862
16466
62205
26906
52317
31413
64405
14202
62547
27809
14104
62554
62153
18728
19436
19329
64902
65529
20417
9231
8356
54918
51574
39795
51914
62708
19112
18937
55057
55836
58193
34386
27942
38250
21846
20326
65530
14104
47825
13389
17214
58631
65468
63697
26402
63170
17943
30999
16206
26038
52961
28778
65527
20369
25659
62685
21729
28468
14104
18837
37415
20396
25772
58093
64599
62946
21846
38187
8298
34788
37313
63480
29081
21650
36631
30104
38512
48119
19997
53235
57629
34448
49535
25623
29435
8507
6768
63453
12975
65349
65533
29174
51568
53974
65351
64543
39211
23515
47830
64611
18437
39834
6903
36771
48376
14174
59307
53187
51580
9225
56131
56499
20719
39303
39805
25103
21845
20398
26022
24660
47991
24950
39278
62893
64962
51668
58516
49471
8953
65477
24882
8298
52588
63593
15848
14360
24336
53158
51632
65038
65531
65507
36533
53256
63036
23437
36205
54232
9169
20502
21513
26131
26888
64906
28643
54056
64402
16103
26804
65010
58470
24044
38141
65470
57404
56601
47588
55846
52956
37407
62807
17845
47775
36087
65498
12951
64955
65471
14298
64728
35048
26962
65352
30255
23772
30907
9160
52551
20297
21845
9878
20293
18712
65409
23658
59288
63603
63459
12987
16980
16008
29058
65323
17832
47909
40401
57543
17073
27290
30662
54386
58783
20071
64622
26053
9739
28988
52441
23553
63089
30319
64914
64437
35996
17127
52928
63414
20604
19386
57612
36469
26253
27152
47613
53482
8962
57671
38595
52979
17471
19147
31028
64985
63268
36279
55186
62146
34879
32059
31310
39791
65472
8449
63168
54334
26422
34664
40194
64872
38497
24878
57378
63616
32105
21400
38546
65532
9209
54102
24011
64748
51561
65395
58866
8392
64418
35995
40273
15810
65032
13574
26388
33414
64406
37533
62540
18088
49794
51006
26236
28955
11935
52443
64655
62097
65007
19437
33332
38375
26465
57864
6909
26202
64775
58867
15763
24139
42342
24658
64405
19351
14367
63561
62747
21405
8446
63455
14174
65472
24319
12992
56361
13802
9751
9559
36888
22629
64968
29994
24855
47739
18405
27049
30315
27205
38002
31661
55176
63670
9067
11826
16990
64556
52688
19159
20596
65472
38340
56474
65531
63193
15733
64565
57885
65424
9300
6894
27557
32393
39350
53223
53139
13383
24362
65455
36432
52000
48006
28704
8397
16141
19224
30125
64733
34700
16774
15859
30749
6799
47660
57795
26993
51507
9167
28541
63810
64660
18829
26262
37495
21461
65524
27238
49590
32679
64906
62570
23983
39062
24653
30677
53445
39510
25403
32689
57842
16800
63134
57500
54199
8695
65475
37689
65465
25717
7152
63179
39397
65457
65324
26010
34860
51726
20368
26378
65535
57868
47634
38138
26430
63735
19985
24585
63501
16915
38249
38469
54847
12976
24469
65475
64620
63069
63129
31057
13803
18994
64406
25810
23744
57443
54362
32188
14359
30551
54096
26898
65475
56890
39369
14317
49817
64819
25760
6913
19344
53982
27448
19187
21558
16477
15645
26780
52429
17216
24485
64606
28558
53188
47852
18367
65320
64903
26032
21474
21845
10619
63280
21468
21457
54165
24741
36006
33880
57103
62091
20711
38069
53062
8385
62541
62532
63396
24722
51621
15683
65531
26697
53781
58534
52815
54284
65424
57661
31887
20419
65498
30544
26980
64770
65488
23703
25357
52985
12975
7144
52331
19995
34231
36608
65027
51211
8976
9170
9182
59241
32388
36732
13450
54578
65324
53935
40335
53713
52965
30162
65451
65531
37704
52491
38469
64778
57069
24537
63172
47287
62150
64640
30339
58860
57912
21755
21850
14365
63788
21234
57723
28452
51067
23914
31734
51567
51930
65455
13411
54505
63546
32358
52642
39877
18608
21849
62594
21845
8383
32430
25602
29821
29921
24325
42303
24827
62542
57909
51370
62100
53194
57912
47691
33584
26657
36818
26554
55780
16215
32847
9932
36596
6868
32490
52318
24882
64547
51450
56707
21509
57549
64742
26489
26014
39815
38241
24577
65472
48356
29465
29542
16546
8399
20625
38289
29500
21464
23691
26113
9671
27511
19168
51004
62532
24831
6808
34519
32581
26285
53700
39214
23435
18621
15648
53659
28792
38151
63345
65438
51677
17033
64870
63720
13072
34156
62208
16916
15880
38293
64645
36187
65009
20435
56553
55448
52990
24695
29351
63600
27045
65471
36286
57615
24862
65032
53066
52297
26916
51838
37510
12823
26858
33214
29778
17471
54695
54384
24443
65477
11683
15638
27302
62543
36234
24387
54989
8385
14355
37539
52088
24396
25761
24091
10414
63420
25055
55786
15658
15761
29073
34765
63779
14385
27125
33266
23696
37609
57001
64919
52697
36033
34296
64819
49769
34314
30660
65456
48395
65507
55965
65455
30463
32740
56548
52201
29996
18574
62496
15947
36730
51504
57009
34471
26793
62698
30836
25290
33060
57609
52446
31273
63528
18337
9553
57580
33006
63588
36282
29044
38569
28865
57339
26125
16911
65367
64763
16024
17351
26024
32097
52340
38293
38576
21754
63388
30938
34654
52252
58759
10293
23637
58605
64869
54237
65532
51952
17416
28828
6813
17747
17159
32478
26214
64755
14304
8344
63129
15740
33386
65028
63574
39857
58825
62481
17138
38109
13389
28817
37798
58843
27124
53045
18576
65467
64741
47936
37594
34582
21062
18188
21514
21589
63456
29396
24115
65009
64753
17246
53088
9361
23896
24146
25455
65530
52295
19201
65476
33993
57890
11746
9604
25701
56883
37312
8510
56761
39787
39609
12589
30522
12749
37356
9164
20402
20356
64770
40355
51773
65471
38517
26768
8318
57660
16957
21024
15829
26199
53499
37412
64590
40175
51789
37580
11377
23468
53493
18540
21532
38463
53134
20765
23317
50893
65434
38609
27535
65444
64596
58075
64521
9213
23588
9106
51589
25466
27591
26986
63681
57887
35763
63598
28708
28004
32659
24390
14307
21486
21849
17170
64628
40235
63679
38252
64744
64592
52036
65518
47987
56318
62822
27930
36319
62623
57844
26711
49596
19188
28435
27304
15665
39493
58509
53260
25459
6856
9798
37667
64555
14241
39860
14314
15649
65532
63807
10467
57641
64812
30667
57670
24385
26991
26163
18992
55099
13045
28525
18987
21400
57828
57912
54841
26979
51470
55685
58539
27346
25638
52703
21845
32417
38231
62961
12899
65007
65413
49766
64592
15703
36725
38277
65477
10988
8482
13320
62643
65457
39339
9263
58236
26106
58090
54559
26321
16801
14367
39382
12453
63369
47185
14399
47799
57051
14115
64697
8415
56521
24647
52312
9099
62139
26233
64595
26698
52133
8456
20914
64439
57797
12958
48166
29249
54255
56586
53784
6928
34223
29013
14346
65456
12466
29805
47527
24547
10542
9759
28846
17292
17163
64975
65502
15661
10097
54733
19099
62899
9502
39577
24397
51923
20629
9216
54321
58655
57249
58669
29298
38423
17508
37114
53797
20355
30407
65428
16006
13346
31246
20718
49540
34815
23948
65531
32808
21846
15823
26133
18983
62098
21395
31012
26136
25612
65473
62209
38528
34162
15890
10626
17384
20047
10458
17167
57655
55805
64407
58166
21845
38219
17362
54417
65532
65455
63584
55388
26354
38534
34283
64838
62088
47953
17622
58080
47721
53048
18117
6764
62091
51536
65352
29762
8361
21845
34840
23609
26413
39364
56826
38514
11357
54279
63676
15981
57813
24134
24322
20912
33789
14281
29447
57006
15779
37596
52095
58770
26204
63629
38582
33888
51491
18587
57578
31379
62091
65318
26970
20069
51256
64648
36403
37959
34155
27248
64438
57546
33113
28418
33297
65530
26888
19311
57473
40246
56190
65455
6784
54503
27469
40178
64716
63204
64444
38148
34313
39589
64597
24029
33386
25173
19159
20092
12803
33703
39871
64416
37596
20401
65477
38617
27050
27442
21845
17609
16026
26581
15656
17243
38649
40155
14364
28322
26652
38553
17266
16048
56639
64907
55406
62481
16806
6808
63002
15642
62548
32307
29750
58354
64436
29943
31816
21846
62986
27565
24094
21773
24404
38359
33268
56266
65029
23769
47473
57857
38213
11275
21536
8454
56426
18740
28554
57892
30017
50917
29552
58289
26447
26029
65508
24297
37377
65465
30171
55775
13487
15670
31801
33222
63717
29596
13397
18873
21378
17474
52941
25632
51620
19434
52486
17208
9260
51233
17490
63688
63236
11068
65457
62156
56552
65523
14353
51787
27046
24188
14103
14180
38625
65522
18926
33661
24790
65484
47765
34130
26243
47998
52435
19010
58825
19082
35297
29098
39048
39749
26893
29828
30512
65455
20402
26180
39217
38538
51334
38164
14264
27242
8456
31079
28807
56418
13022
30350
17438
24698
57912
40192
36201
24499
30440
21849
15930
54442
28478
63809
21751
25772
8485
18327
65488
64409
29182
9336
65431
28153
55748
17506
64916
49587
20516
64974
23564
34634
27237
24990
23814
25366
15531
30441
15860
64666
65039
27422
56984
19045
53461
23865
19043
12039
39338
51869
19001
53140
6766
65370
19072
55918
34293
34425
27478
62088
19185
26667
24484
9112
28408
38489
9195
17042
26146
62995
65354
13069
59298
65354
58694
30451
58532
24759
14400
21548
29030
33978
62110
18877
17549
17310
63718
8337
19999
27551
58525
24437
35936
12997
29713
56858
65422
52079
58646
39530
31916
49603
27771
51267
63739
64953
37781
32681
64588
9189
65531
53165
39727
17681
54281
55174
64965
18428
55231
34038
17712
65385
36985
65463
11986
52064
39848
9199
20067
8401
22615
17466
15805
36842
36019
6821
24519
56674
53812
62719
23635
56857
20294
30321
53737
9753
17464
15676
18861
64900
58854
29277
26021
62629
62148
16897
53540
28978
56909
13405
30174
39885
27188
26534
63131
34320
22495
21304
17694
34133
23808
17982
21849
33800
39742
26473
34736
19109
28357
6769
64907
55795
36652
55790
63546
63252
22630
18860
57019
65376
18853
16075
17771
63133
18912
6926
34110
55720
24370
16106
63055
64565
21846
38246
33614
29929
30370
47625
59285
24072
16054
9099
47923
15769
62160
64645
62514
47579
63461
47578
64909
31119
20360
33349
33455
24723
54283
21845
18796
19884
28013
16947
58257
63390
34545
27724
59307
29158
33397
15829
65484
32328
39736
52313
9219
8306
39526
20676
17200
20008
21470
28297
20501
29483
18566
10016
62100
14250
14320
16899
58693
65477
17613
40421
57830
52286
9268
9208
29547
47827
11217
37409
20833
32532
65457
53165
14239
26002
19809
11720
53902
39755
13627
16095
30372
52315
65477
39820
23970
65031
53068
9027
12968
18906
30419
39602
19829
39517
19430
65452
30047
32367
9490
27502
39379
24531
14359
14357
15671
15886
14356
64848
19860
39266
53270
9063
52144
54604
40329
40325
6942
27567
64436
63645
65531
13205
34779
32521
24535
32174
16535
38985
53236
20519
12617
36263
47779
12936
64915
64411
8438
26507
28166
54277
9467
24326
13495
64776
26812
28998
63031
26394
24616
23774
15986
21845
8462
36565
30702
28943
26801
36380
14102
51361
26713
64441
53638
32769
8971
18951
38391
14315
65391
8325
24126
27290
33153
30305
58109
63614
19563
8481
24675
13404
51637
6908
21476
39797
14346
29711
64698
10508
13552
56429
37724
23730
26225
55634
62582
52329
65470
52657
21695
33401
65472
33364
27305
25495
52938
57915
33595
64952
31793
30867
63552
20308
23994
39807
16119
38710
34763
58534
30514
21487
54045
52755
37904
65518
35877
38201
28598
27180
20695
6915
19103
40237
53710
30206
14127
20093
55207
55469
37696
33467
33026
21730
8686
31235
27066
34774
62941
63601
15848
23726
20507
57077
53015
14401
51763
21239
25517
21845
65532
18582
51615
36602
64597
51079
42342
58868
29997
52573
27134
32941
64917
52847
14386
37452
52803
11459
30101
62972
24436
27477
29795
26549
39345
16034
51868
17184
65416
27482
49545
20990
29731
26871
39573
19349
53685
13012
29978
36879
38542
65356
38363
32551
27000
24445
28866
58757
27381
38163
64665
15788
20415
32210
52988
21297
12939
48415
27912
14114
28568
9021
29543
55474
19066
65477
57168
37879
30723
62222
29015
56569
21370
53179
63058
58730
55304
63163
8329
24905
55595
53066
20309
64916
9178
17381
32068
65521
24002
51354
24080
65364
39276
39525
13098
51069
58537
33379
32574
62741
14403
23642
34701
56884
64739
32376
8337
51794
35986
25752
54092
6863
30766
21168
14116
57848
21308
62211
47699
16900
25372
21063
58749
14357
54319
58240
26587
40295
26231
18828
57260
19787
21748
64914
16058
56152
26193
64962
29573
62542
64876
14399
19618
9227
29453
62099
32130
28351
19310
21849
52895
64538
35919
63101
65000
25756
28820
64853
38489
29513
21846
38643
24084
15824
53415
9973
63649
16544
52394
28115
24603
64616
32080
37602
64964
30099
9190
57522
26149
16557
15855
38157
33679
47479
64823
52330
64576
8404
62088
48063
28093
25475
59285
21561
11031
64542
28806
9030
17408
17462
20890
53767
62536
64903
38486
30898
19189
53758
24008
29924
25677
57891
64975
17316
56115
47749
53244
25813
63413
63594
24457
62964
9732
39299
14353
64913
15653
19246
51783
65493
13224
26114
65532
63335
39201
13281
16556
53611
37681
27543
63534
12945
62536
24549
53571
14403
63200
39818
53115
37908
27217
24568
40358
38427
23668
47501
26504
64968
65494
58522
16968
17435
27174
63382
53242
54140
6864
54455
39809
52425
58629
65357
18895
21731
27476
58079
36039
26217
9488
30394
8401
27610
28531
53273
10605
38818
20624
29607
6867
28590
26267
30043
29375
37600
65509
63599
40229
19018
9218
14173
64967
64553
58389
51664
58184
64776
63570
62607
31994
63455
24262
30291
29611
33172
8339
51600
16136
64904
24089
24156
21732
58659
21211
34758
16904
29200
21749
51934
25722
20727
27286
63594
65535
33980
24461
9915
33034
21536
33834
54467
38169
58075
38588
21845
9142
6784
28613
63213
58810
21846
47204
42342
52504
54389
29128
15855
36953
20699
36026
8339
62566
26543
62559
24611
28448
63358
56316
58872
14357
39294
63209
64872
10933
38371
20350
23852
13417
37446
19134
32480
32286
20628
57579
39837
47750
26624
10051
49737
27563
65318
30031
23876
64872
15671
21813
65475
20716
24808
36700
52789
49548
31353
65476
37053
9263
65535
53550
39210
6787
21547
32138
36526
64615
62776
63616
25683
14107
24136
62607
57594
25334
34066
33235
65403
24004
27575
32089
29587
64912
6876
20022
64875
62499
34263
52218
20719
26017
64964
27033
15846
17304
49726
27334
21846
39228
16794
57467
47519
62599
21768
33963
20031
37466
20902
19179
28246
24512
63339
34056
62143
53497
51628
24921
15913
48098
14202
30249
9283
32777
32217
17153
30470
29849
42342
23562
6768
63773
64955
59291
24483
54296
11136
18699
62848
36700
16922
63436
13415
52871
55428
65457
64864
10670
49564
15749
53538
62088
58826
58780
21558
62867
64912
28449
25808
39577
29686
20583
53069
9230
20301
47951
63974
9273
58761
34579
56390
38341
8321
28895
18590
56123
9181
38140
51323
53046
20708
17273
18923
7144
65534
64967
24067
20052
19911
34605
51661
23515
19144
52971
24507
23693
28079
26762
14359
33751
30941
26595
56619
52858
26313
63394
30783
32335
35989
26645
34931
28968
52226
13197
27777
17719
30074
12949
27114
62648
64577
34021
23883
39525
65468
21846
39813
16931
23440
26334
37475
23459
19342
24367
13347
62198
39241
65472
27462
20054
62718
9688
64769
21045
26855
20429
30596
19251
38811
63243
64688
38233
20605
49733
34107
8457
19647
20320
53528
54477
24664
64705
56215
36128
39218
65451
52420
20799
65531
28958
63647
21473
8721
24317
52966
39868
53406
63716
11271
10850
64577
15791
13056
20352
28848
20504
28991
6784
58344
26223
52887
64609
63115
21732
13804
52829
19123
17435
27424
19672
63600
56610
26835
53590
34451
31288
13047
57630
30250
53042
65356
17149
23470
17250
21471
9035
17447
65036
30698
8393
47921
37870
6862
62754
63066
14385
63629
42409
38526
14358
21845
20338
14102
63622
56229
33491
20711
58365
6767
30275
51685
36622
63489
52261
53479
58118
36003
39260
53240
64558
36374
6853
54764
21384
9492
65014
39646
53627
65402
57644
34443
21118
63418
47685
20087
62092
65535
33071
25785
20718
34437
31879
51343
34599
63748
64420
9278
34001
53076
20693
26494
62873
10470
28936
55314
25702
63593
57872
64581
57651
62156
9323
65530
36479
57638
16946
32148
21846
30429
36438
8494
13360
54242
53841
64968
21040
54006
16888
14395
10950
23533
34524
55778
29410
53829
18603
58867
37394
40318
34368
6797
58620
54508
64967
26420
51969
13579
64901
21355
17210
27283
31442
54163
9173
13306
65349
17240
54595
62137
17373
47605
34803
14117
65471
35885
30745
37652
36115
65481
9028
65082
55613
54149
37382
18594
65456
38229
14254
24431
36793
6970
6761
26708
18900
63682
20692
28526
64916
31374
53625
58298
9992
29148
29006
15861
37516
39721
28600
12998
64914
47742
52704
29963
20006
26175
23526
57597
28305
26353
18618
48373
47982
35021
58783
33761
65477
34595
12693
9168
63587
29973
6821
24452
27391
13588
65359
27504
65531
19089
38602
26249
65349
55969
14398
21530
20369
28281
33847
65082
58530
14108
56496
13391
21752
13306
13366
58717
54244
38333
65386
33440
53293
58775
27385
34410
51870
64582
65455
19291
64590
47249
64794
51228
65027
64551
34818
65390
24033
54469
9052
64440
62098
39960
37968
9062
53384
21846
21645
38861
39118
24634
27557
54211
6786
18571
32945
20066
19260
15819
24393
65526
25827
21377
7145
38409
21845
39302
19238
34881
19130
26773
32249
53497
26336
54528
65500
57794
21197
28329
57374
21846
37846
24616
24089
36294
65477
64751
53736
59285
26329
65318
26006
23936
16906
52026
16536
26817
10130
62098
30719
24488
30693
10559
17307
40229
65492
24250
33063
49755
26009
10103
22520
24172
32299
19989
39347
58074
65533
65507
29124
55439
39267
6843
17196
38606
27289
28332
15670
64536
30751
57270
8485
62493
64852
38229
11915
20334
17131
15838
47679
28905
57891
39001
40412
20578
65419
65455
40221
19239
62496
65504
63550
51795
20705
54972
65534
27165
33732
58870
65415
62207
63469
8355
21853
14398
18780
54735
38615
64971
15691
9107
58473
63098
19225
57036
65535
21370
12653
34045
30328
51853
30282
21854
13427
52750
47739
26911
39231
64908
47817
58779
36580
62204
63765
8429
8964
21038
64954
15532
18581
19309
26578
9165
22606
16793
49737
32497
9058
30289
26181
65440
54520
9077
51732
58836
16943
19174
53285
42307
29948
51377
65535
36086
29942
34113
32324
15942
32529
56486
64916
28922
54226
53126
24447
18847
58578
30435
64710
65000
19282
62530
36247
38202
37854
53913
57573
62507
53207
29691
51831
58623
25755
20756
30721
19306
65351
9087
23908
51242
21241
38419
65386
64908
17086
27079
65485
24456
58100
65349
64965
34135
47573
23498
25827
34768
14395
33447
39887
11795
15677
24814
26471
65082
27436
34332
21459
56956
12751
23623
64644
10130
33166
63008
63452
23801
65384
63577
36599
52966
23647
39671
36708
9251
32139
6931
25052
30838
64755
12474
39079
28458
13005
29813
24236
47756
57853
20091
55984
57604
26122
55595
6970
37026
56134
9087
36459
65476
13358
18252
64874
24182
27953
63595
39590
65456
18799
14103
38554
65036
33788
15842
65469
65363
34851
53723
12602
30788
39268
16975
32288
9461
25774
65475
15882
35764
27831
57542
11088
31381
27473
28089
21049
30958
53402
25389
33423
20671
28024
62596
19319
53772
9081
18752
63567
26842
16477
58465
34092
63800
18274
24379
20583
38199
36997
39334
15855
19363
26200
36503
53072
63495
65477
21392
28058
63551
14115
33340
21267
28890
57678
8396
17005
31807
27891
28801
64902
16047
57854
62156
50878
37411
37620
31095
26955
65459
39578
47513
12612
63637
30341
12661
62777
33933
54983
38264
9168
26765
11932
35295
17256
24931
62103
33858
65353
24540
30105
16030
30505
57520
30400
21462
63111
29802
12982
64541
63310
62886
54003
18322
30345
33202
47518
26813
36353
38307
12718
62711
58762
25327
37531
39221
27099
40156
15852
58525
64596
39740
26470
63178
65475
38380
65359
36494
37358
63585
54399
36047
32201
30152
14364
56677
53100
64773
39510
64597
26185
38519
58825
19058
65415
14182
27896
64625
58536
64846
32150
64597
15779
21701
18261
23590
