2 256
0 0.128924
0.128924 0.197709
0.197709 0.249929
0.249929 0.277296
0.277296 0.30792
0.30792 0.347986
0.347986 0.381842
0.381842 0.401429
0.401429 0.418778
0.418778 0.435465
0.435465 0.446257
0.446257 0.47593
0.47593 0.515755
0.515755 0.529279
0.529279 0.541873
0.541873 0.550626
0.550626 0.559582
0.559582 0.568162
0.568162 0.574366
0.574366 0.580337
0.580337 0.583774
0.583774 0.588381
0.588381 0.590809
0.590809 0.593695
0.593695 0.596077
0.596077 0.59889
0.59889 0.601218
0.601218 0.604004
0.604004 0.606405
0.606405 0.609642
0.609642 0.612492
0.612492 0.614978
0.614978 0.618055
0.618055 0.620465
0.620465 0.622263
0.622263 0.624119
0.624119 0.62606
0.62606 0.627163
0.627163 0.629663
0.629663 0.631529
0.631529 0.633677
0.633677 0.635439
0.635439 0.637361
0.637361 0.638896
0.638896 0.640414
0.640414 0.642125
0.642125 0.643786
0.643786 0.645006
0.645006 0.646633
0.646633 0.648091
0.648091 0.648976
0.648976 0.650529
0.650529 0.651928
0.651928 0.653602
0.653602 0.655274
0.655274 0.657052
0.657052 0.658378
0.658378 0.660009
0.660009 0.661926
0.661926 0.664548
0.664548 0.66617
0.66617 0.667459
0.667459 0.669292
0.669292 0.670831
0.670831 0.672356
0.672356 0.674095
0.674095 0.674928
0.674928 0.676458
0.676458 0.678214
0.678214 0.679826
0.679826 0.681101
0.681101 0.682611
0.682611 0.684033
0.684033 0.684939
0.684939 0.686039
0.686039 0.687215
0.687215 0.688564
0.688564 0.690128
0.690128 0.69122
0.69122 0.692018
0.692018 0.693029
0.693029 0.694183
0.694183 0.695153
0.695153 0.696243
0.696243 0.697152
0.697152 0.698051
0.698051 0.699137
0.699137 0.699826
0.699826 0.700804
0.700804 0.701455
0.701455 0.702853
0.702853 0.703724
0.703724 0.705121
0.705121 0.706408
0.706408 0.70736
0.70736 0.708644
0.708644 0.709742
0.709742 0.711497
0.711497 0.712664
0.712664 0.713837
0.713837 0.715255
0.715255 0.716655
0.716655 0.717799
0.717799 0.718747
0.718747 0.720362
0.720362 0.722488
0.722488 0.724261
0.724261 0.725934
0.725934 0.727294
0.727294 0.728578
0.728578 0.729501
0.729501 0.730652
0.730652 0.731461
0.731461 0.732703
0.732703 0.733127
0.733127 0.733986
0.733986 0.735088
0.735088 0.736342
0.736342 0.737158
0.737158 0.738291
0.738291 0.739004
0.739004 0.740373
0.740373 0.741047
0.741047 0.742056
0.742056 0.743075
0.743075 0.744155
0.744155 0.745456
0.745456 0.746293
0.746293 0.747444
0.747444 0.748593
0.748593 0.749429
0.749429 0.75049
0.75049 0.751611
0.751611 0.752463
0.752463 0.753482
0.753482 0.75428
0.75428 0.755196
0.755196 0.756055
0.756055 0.757163
0.757163 0.757745
0.757745 0.758712
0.758712 0.759487
0.759487 0.760308
0.760308 0.761256
0.761256 0.761864
0.761864 0.762646
0.762646 0.763155
0.763155 0.764045
0.764045 0.764947
0.764947 0.765661
0.765661 0.766605
0.766605 0.767555
0.767555 0.768561
0.768561 0.76941
0.76941 0.770363
0.770363 0.771193
0.771193 0.772137
0.772137 0.773059
0.773059 0.773876
0.773876 0.774829
0.774829 0.775631
0.775631 0.776628
0.776628 0.777749
0.777749 0.778752
0.778752 0.779672
0.779672 0.780569
0.780569 0.781591
0.781591 0.782573
0.782573 0.7833
0.7833 0.784342
0.784342 0.785567
0.785567 0.786452
0.786452 0.787532
0.787532 0.788348
0.788348 0.789309
0.789309 0.790188
0.790188 0.791222
0.791222 0.79252
0.79252 0.793429
0.793429 0.794391
0.794391 0.795303
0.795303 0.796194
0.796194 0.797863
0.797863 0.798873
0.798873 0.800087
0.800087 0.800782
0.800782 0.801744
0.801744 0.802829
0.802829 0.803992
0.803992 0.805236
0.805236 0.806561
0.806561 0.808573
0.808573 0.81002
0.81002 0.811453
0.811453 0.812635
0.812635 0.813508
0.813508 0.815219
0.815219 0.81621
0.81621 0.817507
0.817507 0.818885
0.818885 0.820301
0.820301 0.821798
0.821798 0.822898
0.822898 0.824115
0.824115 0.825286
0.825286 0.826793
0.826793 0.828223
0.828223 0.829194
0.829194 0.830047
0.830047 0.830996
0.830996 0.83246
0.83246 0.833858
0.833858 0.835408
0.835408 0.836187
0.836187 0.837676
0.837676 0.839114
0.839114 0.840456
0.840456 0.8414
0.8414 0.842696
0.842696 0.843881
0.843881 0.845217
0.845217 0.846552
0.846552 0.847327
0.847327 0.84878
0.84878 0.850061
0.850061 0.851659
0.851659 0.853265
0.853265 0.855219
0.855219 0.856494
0.856494 0.857785
0.857785 0.859696
0.859696 0.861118
0.861118 0.86293
0.86293 0.8647
0.8647 0.867612
0.867612 0.870806
0.870806 0.872523
0.872523 0.875104
0.875104 0.877537
0.877537 0.88025
0.88025 0.882518
0.882518 0.884495
0.884495 0.886695
0.886695 0.888996
0.888996 0.892018
0.892018 0.894432
0.894432 0.897344
0.897344 0.899638
0.899638 0.903012
0.903012 0.905266
0.905266 0.907547
0.907547 0.909395
0.909395 0.911219
0.911219 0.913222
0.913222 0.915109
0.915109 1.79769e+308
0 0.00589259
0.00589259 0.0103952
0.0103952 0.0131131
0.0131131 0.0155054
0.0155054 0.0175501
0.0175501 0.0202786
0.0202786 0.0230019
0.0230019 0.0265396
0.0265396 0.0284056
0.0284056 0.0310022
0.0310022 0.0338682
0.0338682 0.0365182
0.0365182 0.0393368
0.0393368 0.0430611
0.0430611 0.045643
0.045643 0.0476761
0.0476761 0.0507695
0.0507695 0.0528201
0.0528201 0.0562583
0.0562583 0.0584835
0.0584835 0.0604667
0.0604667 0.0632519
0.0632519 0.0658425
0.0658425 0.0679446
0.0679446 0.0699762
0.0699762 0.0725036
0.0725036 0.0748492
0.0748492 0.0773423
0.0773423 0.0803706
0.0803706 0.0835451
0.0835451 0.0877824
0.0877824 0.0912637
0.0912637 0.0942914
0.0942914 0.097197
0.097197 0.100397
0.100397 0.102705
0.102705 0.105469
0.105469 0.109247
0.109247 0.112521
0.112521 0.116824
0.116824 0.122252
0.122252 0.127252
0.127252 0.131843
0.131843 0.136567
0.136567 0.140069
0.140069 0.143326
0.143326 0.147025
0.147025 0.150665
0.150665 0.153792
0.153792 0.15743
0.15743 0.160441
0.160441 0.163893
0.163893 0.167398
0.167398 0.170114
0.170114 0.173073
0.173073 0.176186
0.176186 0.177909
0.177909 0.180805
0.180805 0.18461
0.18461 0.187189
0.187189 0.191814
0.191814 0.19556
0.19556 0.198973
0.198973 0.203682
0.203682 0.207589
0.207589 0.21164
0.21164 0.214814
0.214814 0.220263
0.220263 0.223463
0.223463 0.227579
0.227579 0.231598
0.231598 0.235198
0.235198 0.237916
0.237916 0.241495
0.241495 0.246156
0.246156 0.250088
0.250088 0.253874
0.253874 0.256782
0.256782 0.260496
0.260496 0.264743
0.264743 0.269168
0.269168 0.274453
0.274453 0.278805
0.278805 0.284825
0.284825 0.289518
0.289518 0.294074
0.294074 0.297173
0.297173 0.301184
0.301184 0.305129
0.305129 0.307495
0.307495 0.312184
0.312184 0.31515
0.31515 0.318289
0.318289 0.321706
0.321706 0.323884
0.323884 0.32764
0.32764 0.330967
0.330967 0.33349
0.33349 0.336418
0.336418 0.34002
0.34002 0.342221
0.342221 0.344827
0.344827 0.347487
0.347487 0.350181
0.350181 0.352773
0.352773 0.356069
0.356069 0.358972
0.358972 0.361762
0.361762 0.364226
0.364226 0.368126
0.368126 0.371027
0.371027 0.373248
0.373248 0.376631
0.376631 0.380402
0.380402 0.383958
0.383958 0.387487
0.387487 0.390676
0.390676 0.393382
0.393382 0.394926
0.394926 0.396887
0.396887 0.398615
0.398615 0.40169
0.40169 0.404118
0.404118 0.406679
0.406679 0.408646
0.408646 0.411056
0.411056 0.413558
0.413558 0.415219
0.415219 0.416877
0.416877 0.418969
0.418969 0.420388
0.420388 0.422274
0.422274 0.423766
0.423766 0.425537
0.425537 0.427656
0.427656 0.429536
0.429536 0.43181
0.43181 0.432832
0.432832 0.434691
0.434691 0.436719
0.436719 0.439219
0.439219 0.441415
0.441415 0.443209
0.443209 0.445952
0.445952 0.448744
0.448744 0.451491
0.451491 0.453948
0.453948 0.455786
0.455786 0.458691
0.458691 0.461348
0.461348 0.462769
0.462769 0.464455
0.464455 0.46692
0.46692 0.468653
0.468653 0.471209
0.471209 0.473616
0.473616 0.475768
0.475768 0.478774
0.478774 0.480933
0.480933 0.484209
0.484209 0.486566
0.486566 0.488504
0.488504 0.490617
0.490617 0.49343
0.49343 0.495852
0.495852 0.49737
0.49737 0.500005
0.500005 0.501488
0.501488 0.503554
0.503554 0.505468
0.505468 0.507429
0.507429 0.508796
0.508796 0.51069
0.51069 0.512546
0.512546 0.51435
0.51435 0.515817
0.515817 0.517846
0.517846 0.519327
0.519327 0.52089
0.52089 0.52329
0.52329 0.525528
0.525528 0.527861
0.527861 0.530312
0.530312 0.532969
0.532969 0.536102
0.536102 0.538726
0.538726 0.541695
0.541695 0.545114
0.545114 0.55002
0.55002 0.552729
0.552729 0.555027
0.555027 0.557338
0.557338 0.560595
0.560595 0.563302
0.563302 0.56687
0.56687 0.569782
0.569782 0.572609
0.572609 0.575995
0.575995 0.580012
0.580012 0.583762
0.583762 0.58832
0.58832 0.592195
0.592195 0.595557
0.595557 0.598544
0.598544 0.601754
0.601754 0.604584
0.604584 0.607269
0.607269 0.609247
0.609247 0.61297
0.61297 0.615915
0.615915 0.618394
0.618394 0.622174
0.622174 0.625028
0.625028 0.627849
0.627849 0.631154
0.631154 0.634323
0.634323 0.636542
0.636542 0.639162
0.639162 0.641659
0.641659 0.64449
0.64449 0.646421
0.646421 0.650062
0.650062 0.653245
0.653245 0.656087
0.656087 0.658088
0.658088 0.660665
0.660665 0.663333
0.663333 0.6651
0.6651 0.667155
0.667155 0.668932
0.668932 0.671338
0.671338 0.673671
0.673671 0.676215
0.676215 0.678807
0.678807 0.680444
0.680444 0.682658
0.682658 0.685129
0.685129 0.687571
0.687571 0.690889
0.690889 0.6934
0.6934 0.696767
0.696767 0.69902
0.69902 0.701502
0.701502 0.703584
0.703584 0.706854
0.706854 0.708495
0.708495 0.710782
0.710782 0.713201
0.713201 0.715265
0.715265 0.717044
0.717044 0.719226
0.719226 0.722885
0.722885 0.726927
0.726927 0.731149
0.731149 0.735675
0.735675 1.79769e+308
