49423
4768
20417
12253
36751
39593
39917
37563
27983
33472
20649
45715
38903
20465
58450
64381
53668
44531
49409
42338
7734
10019
50744
49920
13714
27422
30857
27447
46260
52896
20005
58981
64972
20995
19579
6114
27148
13265
49922
17767
49487
6434
20166
27435
64143
42614
13091
50652
26523
20932
39359
65485
22449
25576
62046
19244
9941
56978
44573
2714
42646
6914
22398
40207
57043
58055
20794
27356
13190
22511
18163
59494
20961
63393
23964
34396
27409
53567
36480
47321
18437
38835
25349
24273
23878
13835
51976
19392
30026
55970
12871
26854
6013
19467
38451
58861
45129
42741
45700
55838
31298
62025
31062
12978
5788
6022
38179
26635
20693
18928
51875
58133
8439
14294
31073
12850
18836
20810
20124
57098
64106
47727
5984
45966
32777
12887
65494
40786
47592
23590
45481
41359
20281
7203
19678
58069
36069
59771
21402
51854
13657
5656
39417
5704
50762
19202
48149
50349
54294
5742
12015
10189
12147
24128
65348
13245
16765
24401
24170
49965
12040
22400
65531
20621
7129
54254
38279
24179
43224
62161
7308
42342
54036
42722
42574
4712
61917
10740
53705
31193
38186
22651
31093
44850
65478
20197
65463
46881
6316
43087
7240
13163
35755
21592
5936
24212
7526
49707
39699
11608
39097
21365
52244
48316
9015
39321
33407
38896
20049
10480
24192
64905
65328
23663
38401
18304
15808
9173
7214
18427
62642
2713
49950
31293
50613
11989
31032
52129
17902
38450
20182
56931
12900
39274
53984
55669
7228
27591
17721
38540
38597
58697
31592
61583
20715
52443
24340
6341
42598
4709
29922
19780
12475
16926
38766
27158
13261
10836
41969
39072
52076
6024
20552
21172
7257
39486
21304
58049
46923
44963
24286
6200
25388
64575
31901
50691
22451
48457
59565
51782
9757
51433
13376
65472
17368
52134
8466
10969
64575
10496
53842
13233
8557
31964
44777
17162
20822
8977
13036
39338
9712
50577
19217
43670
11001
49769
51308
47339
17366
26833
42302
5919
51132
51849
52709
7247
12418
36113
38506
39026
24096
58930
20085
64531
52223
20133
50350
20644
61923
38631
7398
16554
21604
38574
9346
13008
21102
31346
17169
53742
51266
6691
16811
50924
13831
37983
50683
63459
21375
58933
65045
61921
45673
19766
31316
16500
65077
58084
18405
47983
19063
20241
17534
9233
9701
65478
58709
20747
52063
24057
33452
17465
64646
7751
11197
56269
54141
10858
57258
4708
36270
17043
10394
8635
56117
14144
19763
54564
27156
51737
10007
11684
20727
25048
53060
19988
20606
38314
57553
24261
53106
23784
61934
21224
50308
28316
17672
12400
25392
11373
20305
31482
38489
37143
7692
25480
51340
57457
25384
20325
19031
37630
39391
20267
65045
10607
11807
42972
20531
46875
57975
39887
39334
7427
24816
45531
7472
45583
19767
8086
48281
65476
30966
58319
21043
4783
17729
65535
49913
21207
19244
17916
48216
12844
53529
18541
26803
59255
19647
20514
47618
65531
39338
20475
39668
58834
17039
21165
4698
51366
59640
18190
21321
4792
9188
6002
10919
23741
7109
52085
17318
23831
36347
6031
11737
55995
7133
33388
22426
21295
50309
21339
17207
65531
20019
10952
17825
60669
64988
26835
65440
49599
57238
27361
51283
19637
37587
57421
15706
46975
8612
19922
51327
13106
8531
59587
7440
24535
35686
20617
55485
65342
39957
38653
38356
53556
12432
42175
56013
65327
50911
9475
45175
42332
38974
24264
22422
20818
65478
35047
4713
55705
57612
64284
39421
31018
5680
41845
47861
44813
24211
53371
40258
48553
43384
42570
57342
39090
7939
19894
18379
65532
49582
41162
61191
57191
37016
18010
18749
18383
56464
39894
45803
23914
38547
7047
26717
58460
59991
53501
39206
6601
58191
12942
53365
65476
17697
42036
49945
25340
44417
25386
2815
20450
45483
17916
45210
65406
29736
62975
65477
17759
48237
50029
50833
50347
37753
9684
35154
9406
7433
52552
9266
22384
18224
20885
10012
33306
50685
60243
64078
61596
5649
16500
6223
27324
4797
57685
18668
13087
53441
59991
27911
39439
12328
58752
47028
38139
42603
10548
65531
65150
20624
20874
61274
20459
38082
6076
40849
65476
40478
38442
50724
6226
43371
62281
42884
65530
18912
24318
21129
62014
49468
65532
9310
39802
17944
11802
24159
18931
31180
45107
38199
49975
6705
29695
30280
31761
57314
4746
50315
4698
10210
7405
18562
20484
58060
17679
19931
10888
30430
31807
65502
46919
17488
50320
20489
58560
64232
20180
39623
50682
6338
51507
53821
38284
20008
62821
12515
54645
47596
57913
48422
17794
38917
4768
64461
42586
17852
25287
7254
9259
18073
12285
47002
65149
7882
27370
39589
64671
53823
33410
55177
49007
39293
62804
33331
39510
57464
46167
13135
50451
2814
17522
54173
65348
8883
4717
45847
9692
60601
52251
27975
65459
47015
22420
65529
57999
65475
39380
33201
25464
42326
7592
33992
7914
39332
8683
52463
35978
24022
18913
17584
23770
19509
48440
17909
58719
9692
38534
20667
33277
36511
9356
24651
55056
39581
65428
9535
59804
45838
44554
10931
65344
47669
65480
39572
13498
36354
20936
65470
60698
47256
52648
31213
27368
64884
10519
19397
15898
46331
12827
65531
20419
19953
31041
42646
59514
58705
39561
7734
4753
49970
33660
20589
50002
57490
52844
41044
56914
50299
25454
49967
58441
24485
46918
39579
39497
58714
39997
47073
40321
42219
59096
17264
42486
6427
31509
39092
6024
44402
7592
7209
48353
53034
49195
51692
22484
8736
60334
19236
17146
50140
21057
40218
9432
57215
57011
8091
27158
42397
39522
21462
9938
28824
7715
42291
36783
7290
8974
38589
6798
65320
54218
18721
10159
9526
61846
46464
18215
18999
58896
11885
25516
54684
21264
19519
13198
12317
27458
15989
62662
64407
9488
58031
25717
38943
9746
20548
54727
19336
54319
37924
31085
20183
59398
52357
7239
39913
9195
54929
14326
20951
42330
39795
51995
51451
11992
18098
60870
5842
25478
58757
42509
11195
20975
37448
6214
5645
38394
50693
53584
4785
6087
27134
39514
2706
24141
18171
13363
42802
58418
6075
50925
31541
41013
55164
54128
39732
39100
49505
55034
2807
18810
39069
8630
18531
33795
35721
16823
19293
24851
49435
42752
11665
16481
38339
42581
30990
59418
46862
40704
7076
48516
6995
20518
61141
38485
4798
47085
65475
65476
7754
24047
9364
55554
20210
38338
32762
21078
8665
44808
19025
31384
43254
42410
46588
56752
7929
7392
19548
39630
39333
51182
65325
2675
7962
36307
15906
17945
57680
65472
25532
29666
19914
6486
50730
12718
50036
27475
65535
32475
20920
38348
7283
48747
21598
18451
7332
17605
23873
23972
39268
23942
13231
50934
25337
50740
20187
58172
39844
36176
65454
20772
65321
49748
39609
20939
46554
20530
57461
45814
12426
20999
6908
39156
51460
42581
65320
18705
38148
45185
49940
13104
65501
15778
39824
24242
39596
42345
16764
9915
18584
9235
64670
44349
10973
39279
20226
39174
33445
33173
19278
54832
33545
61555
19599
7944
10216
48199
42666
59873
48241
65532
46578
18236
59953
6540
6378
7597
27481
61190
51181
48706
15801
6074
6420
56201
37552
28111
39334
4716
18419
54365
51762
23834
53329
64485
42334
54645
24503
51041
6085
64890
48631
6611
40376
57002
33924
27382
5950
19506
19490
32974
17832
39253
22479
42393
18343
64872
48716
18414
51715
24219
7950
11369
18604
20781
21334
9530
21109
63505
5639
38436
32681
11550
64483
23640
24554
6217
64849
17330
7118
52425
46873
61922
59825
6395
40661
21357
37213
39773
6183
44352
7753
20827
60819
22421
18964
26811
20397
5902
13452
15949
7453
8147
20179
45669
27988
18638
17664
31117
2706
19864
7232
20711
22522
64135
18835
38671
55983
48618
38313
22428
49449
46823
7124
50945
27576
6817
13437
9507
27368
18165
42494
7268
26845
7764
6187
60598
4797
54628
20612
65535
52013
65481
51415
64628
8553
9388
20059
58237
35542
20102
31155
38636
7512
27390
13595
42405
52036
21278
55509
32503
27452
18430
43087
49528
26846
56397
53262
64542
64300
61274
8352
47071
6572
20511
19883
58938
20709
6775
24460
39160
7397
10951
44434
49621
17280
6203
19458
44537
49951
5831
51544
42329
57253
5566
32757
50346
39654
33617
58828
60656
50960
46127
38411
13816
60983
47979
48093
65111
5742
65535
25528
11675
47183
42369
58367
38178
48271
16128
6516
31781
21186
7205
53001
20768
40188
39584
65456
38497
13245
8983
7529
38680
48446
39758
12277
62084
8956
64603
12547
60894
39328
8087
60659
26757
23996
20459
48045
45980
9532
29738
59348
42341
47914
13139
20374
57145
16484
59147
21461
45807
20534
20205
8518
31450
28796
32786
31468
42853
10586
25143
23855
51125
53519
21588
65476
46645
20801
54066
42129
32668
52160
12551
22446
57855
57402
52838
36333
24388
32844
18493
58839
31436
11640
9865
25676
10265
24446
17528
65329
30342
65535
20752
60734
42666
18042
57968
59187
52503
58749
27366
22315
18339
27413
60613
19327
32890
20845
13771
56347
25017
36484
31057
52285
6822
7116
12882
51946
30036
42156
20830
20613
16500
33702
36095
61057
38558
58663
36431
62585
42393
21290
50273
33175
24661
17118
9524
8677
6246
12297
59663
7615
42549
64375
5800
52468
54161
13527
47035
27662
41682
39574
11930
38548
33179
43268
32874
20697
25211
30908
53162
38457
6773
32778
47864
39905
39085
6864
5551
45975
46451
57821
42002
52131
53342
59962
38097
22491
6182
42665
56076
30457
20224
7566
40212
47951
50664
19565
51048
64026
13258
39112
7593
47903
42277
9467
52026
27372
33536
42582
45562
61106
24039
40192
24724
18778
6564
56033
63683
5964
19691
8542
10095
65529
13885
56577
48205
47784
12725
42598
20396
46465
42916
52286
50613
23876
17908
21401
6807
6708
42150
9392
45914
38455
11979
65530
9410
6386
35895
44601
13065
6666
65323
39124
48740
57680
46736
31201
17765
17048
38282
55600
42625
22419
37237
52150
49966
61526
10078
42341
39550
30370
38572
38525
53818
38676
57587
10177
8716
46898
18656
45509
63116
49893
39589
61580
4796
18452
28570
30115
39050
42424
5921
37524
65472
31354
4747
64294
8098
31284
58216
39563
20888
39832
7807
65471
60304
49672
54679
31454
12720
33227
12258
50266
32918
13465
6824
8331
15965
58058
48397
15988
58168
51043
56387
17483
45939
65532
42394
46156
65530
20005
46486
57109
14215
38140
6812
38333
64545
36200
42563
48257
65110
4752
54918
39897
20239
18908
36393
65535
49661
7694
21015
10378
57020
20474
64240
20787
48242
38532
8620
53795
8199
23714
58868
44388
8613
38575
52824
8505
31368
33067
44428
31278
20572
59167
5985
48176
9749
17394
53662
19815
6260
40306
47115
25593
18126
10971
39900
42712
20446
48167
33239
24070
50273
7550
64457
20251
63609
21063
31489
60612
44633
13558
19676
21129
57222
65483
7377
13244
36028
63428
17873
42373
42598
32585
55164
4787
10797
60663
18828
54845
7948
52950
20347
8494
20462
59145
38460
59793
36314
2697
6941
18484
9441
23867
6722
61593
59783
64148
42283
42538
36790
37534
10407
38906
36365
50248
40138
58997
35136
59801
25081
7032
43380
16903
58903
60940
39366
64548
33665
8202
31305
65481
5641
59477
42371
59236
7928
53529
65045
21266
20507
65328
42393
25648
16554
11668
33785
40172
38434
42169
48476
27473
38354
53988
38515
18881
36475
39077
35444
17788
57878
65477
20239
20512
10619
59558
53289
12693
17586
6402
39514
39640
39573
65494
60673
55105
57697
47878
7774
10939
27496
62322
47945
60740
38184
21406
7613
56850
52204
12133
53339
13523
59675
21272
42403
51287
17880
62229
59631
45873
24220
9274
17614
20755
30378
20437
10779
20117
38695
31766
15762
53360
6596
9129
5968
13253
38991
29817
5711
9328
22425
7999
65481
23840
39200
51094
60615
65532
54781
48036
20588
56853
36989
20482
16038
57812
20483
20628
38174
59960
39305
20816
37249
26783
65446
18872
2695
16045
49870
46257
64584
44803
59093
65530
5998
52171
18907
24012
55962
37720
13215
58539
25702
65495
39337
42585
9055
8635
8922
20310
35694
42342
35819
9665
8156
58817
65344
26791
48573
27369
58607
13108
48722
51031
7082
55940
42664
22415
21327
40096
47991
19873
46188
59216
39848
37225
23694
20926
60259
58003
42359
11570
10732
17452
65064
54923
15943
49471
19775
51238
45233
20520
25522
65440
60677
6796
8946
14191
52018
4746
56139
20104
48044
24204
56092
47114
50832
18234
20203
10855
55004
45526
19283
54411
6967
58374
61032
15797
24195
11839
53759
52067
23910
8450
39529
30335
6312
57082
40178
8646
56990
29747
6840
47062
2732
33111
25471
57078
6637
26778
65532
33444
51195
26850
51277
36633
35811
19724
65139
17763
42396
5752
7952
59911
55442
19665
12028
51316
41601
33291
31272
25385
5908
65531
64503
60698
20678
53781
6956
33339
38200
18751
51915
20476
35420
43354
49296
6814
49360
27403
39401
27149
47262
11390
42329
36516
9139
13840
31348
7803
20428
9184
56337
16834
16821
50918
52115
32438
36055
22477
45455
58768
5652
33079
62555
13181
61516
57026
38429
57633
42389
12054
48013
56686
64893
47020
16963
65530
52342
4797
18827
48065
39797
20855
26704
11915
47173
38394
39291
36466
6528
18788
43241
53122
18513
42647
11605
21234
57663
5927
19286
24160
49571
36367
62125
47252
54105
21392
31093
7794
38030
65530
52277
60321
39862
7058
20598
24111
27726
2660
16985
20878
8690
9374
8845
26806
7500
53632
7565
42589
32432
24100
65472
47124
46591
18207
28587
57052
6604
7737
35098
19575
57763
7372
17248
7590
52815
39377
13874
56342
20433
24035
41722
6581
7774
50566
65437
63911
53620
61269
52694
53719
64292
52421
25698
44553
18653
32007
20550
24449
58490
19334
58779
65442
19443
33025
13697
4747
20383
56943
65481
52214
6666
5691
37479
12021
65483
39273
19500
7388
12629
6110
20438
6427
10974
18043
9111
17827
56434
54205
38713
8808
19160
24172
65068
26531
53011
51343
19643
51288
30832
54659
57906
6755
34073
23946
27400
9269
37252
47501
40335
33860
53030
48694
20572
2753
10028
21406
58876
13034
62434
55443
7763
12397
61170
48102
48339
8002
35736
6145
27362
7032
56692
15787
8086
46262
39409
4781
42336
9555
51722
64212
65470
58881
46367
53761
23851
36928
10448
38197
53512
56300
19354
39243
26551
45505
7889
6240
13706
62700
39446
37542
21388
6644
50750
9409
57502
38198
24124
31214
7974
38131
6028
53640
4711
20640
36206
21324
20492
17781
65532
64590
32965
16002
65530
64503
49473
46611
38205
19588
22605
6640
36468
22598
52440
15722
20672
20953
44405
39462
31401
6076
19411
26794
20468
25443
23820
10207
7899
7478
5553
6858
49065
20068
65532
6669
58774
65532
59216
38851
65111
7113
18761
18375
9029
31418
8401
36242
9779
25218
34806
47123
42267
39567
45963
42610
35472
54593
38959
31902
14271
42598
38553
64662
7459
2806
21402
49577
8373
61003
48508
38121
44484
52171
12004
21225
60322
40354
52519
20488
13748
27136
62593
37318
54716
62536
41532
37496
7310
6446
6355
39913
42584
65472
55007
10153
16495
23824
35336
24202
44746
6942
7415
16856
17910
45801
19426
55113
48225
65532
59983
42598
57698
20866
8040
4799
48979
42664
26663
52202
25356
7998
13585
59964
50905
20998
11541
39580
60602
56420
44759
65531
11102
63392
7251
33248
60316
51707
28997
38555
24965
65532
48090
51399
18708
32466
44364
12402
65032
31490
9206
48443
21155
61854
20746
46033
19231
22484
57338
11866
50580
54519
44321
6373
42246
42327
12087
23758
20174
39435
38256
47066
62799
20881
38512
6144
34922
10782
31646
22589
57885
36452
20719
23844
52580
17971
18527
61583
46980
35359
55812
65535
60656
50469
55998
23962
10046
45749
24488
39057
24024
32441
22505
13372
42330
10054
51367
21274
27477
64937
61075
6673
20497
23721
39087
42585
39566
17759
19544
25431
62777
18132
20039
52102
65472
65529
52069
52485
39008
11047
20088
27144
5971
52296
38723
32415
59303
53231
39513
19098
19760
24117
17798
21022
33046
24571
2718
20805
31044
39551
64457
39125
43349
63604
38185
18903
49860
42265
9066
58159
13518
55327
21462
61831
65535
17402
65402
7355
39299
58854
34584
27492
44340
64294
5695
4790
12353
42434
2712
21103
36564
29665
4763
49344
8536
16774
33847
65143
38470
51469
12766
12284
20548
58280
25530
9125
38901
27173
31223
6080
21116
41577
65494
6389
46004
17802
50981
53084
24130
20401
50241
35837
47331
21049
7593
6985
13626
42786
27950
17995
16765
41862
18771
13068
13710
35668
39593
50771
25360
16805
52183
18553
36124
38845
48414
10049
29983
26767
13266
65476
48426
42405
56667
20204
59271
27332
23592
39208
34384
50757
27366
31226
36199
64633
39688
62873
56999
18230
27137
33361
37360
8130
21607
22552
50962
12249
13704
20551
38462
40183
42752
6446
18291
47849
51981
46934
10763
50364
27400
32510
64536
59120
44789
55986
27134
6184
59418
27512
24872
65476
50795
44336
62626
39526
6650
64297
18713
58410
12729
49069
31789
62717
38674
8981
9785
20843
7556
50016
9128
52818
33976
14252
16756
26851
9739
13841
5981
38326
21376
7041
65502
39509
47970
19349
42394
25406
5856
38283
46929
42687
11879
54736
53775
12486
47030
20765
20522
64133
6766
39333
17854
20753
23911
11296
50737
60323
6628
9165
38182
18473
65461
59480
13340
53303
20884
36087
49821
23860
52195
10786
25661
38443
7288
50319
33150
65472
42414
49312
22410
12710
39819
44465
59165
35319
9557
8575
20448
45571
56228
15975
45855
65454
25543
45211
19908
50666
42661
33606
39326
57213
53897
25350
46824
39338
39646
50647
18785
20902
60598
52192
42346
47003
20902
47799
52093
26638
61579
9480
43079
6028
49033
47204
16525
64466
58842
39529
38522
23634
23604
8202
62769
7403
27136
51848
58117
30175
16749
13143
62142
8708
20193
52492
39525
19630
46927
6476
21267
43236
51750
10756
6186
20150
53196
7000
65478
65443
61158
53510
20572
6076
58676
38498
10793
20734
20915
4758
39470
38784
50710
65483
65535
16101
28015
65501
65477
19987
55929
31171
18441
19439
40163
65134
34194
20640
9339
37346
40889
27731
55916
23663
59689
42405
53815
20177
33314
21281
16991
39237
46321
12874
65321
42363
8703
49908
27399
42639
58557
56506
21042
6372
55246
20527
65464
19475
31424
42162
21256
49938
51317
51274
34767
12485
31551
6985
17272
42273
20120
36448
20243
21006
8996
39269
39594
32902
21405
47205
38132
19488
6698
25344
24006
37395
38351
8303
47212
36350
65531
65530
60754
25719
62308
35616
11129
22309
60837
14268
23758
24207
39509
64228
17018
27615
12430
21278
35858
7439
65531
44669
65535
50635
12528
57260
8835
10124
6719
46312
9381
40545
35240
21075
37545
20731
36012
24228
18368
53839
31529
56771
17207
61547
17200
15980
31413
54567
12586
20487
10057
38286
21157
20023
65530
29755
38191
51997
50732
35698
48181
9469
39577
22537
11628
11761
59918
50731
65067
48152
11847
65494
58510
51710
12418
53470
7008
22555
40773
9369
47892
19270
12656
51105
20227
46878
62727
7441
59572
20241
11479
47871
44524
39241
23940
6085
42062
26690
8033
19511
37379
6072
64611
49108
38371
18124
38721
65342
18702
18362
21051
9572
13304
26779
49995
39589
18003
29644
10067
39755
20625
20486
52526
24090
33327
7701
56987
17577
8792
7590
16473
16775
6758
42646
14177
62308
49349
40540
18038
6741
16542
9343
59652
33391
20971
58802
51745
58953
15808
37820
9827
16917
5744
64540
12410
18679
26521
62251
52703
17517
58502
32938
20473
39853
21388
31104
19374
38107
21582
19345
8538
39338
22602
39565
31414
39334
8444
16038
18630
20717
9285
6208
40907
4784
31462
23818
20415
19197
52332
28654
13428
56581
17618
46017
20552
13767
27542
7587
11319
29931
17421
27468
18012
12343
48545
12175
19124
51374
5999
42519
38144
4711
4745
50695
13273
20536
49054
47109
65530
44453
13530
18541
20536
47743
12963
58680
30905
42922
20034
42406
20836
7762
11430
10944
2658
4716
12574
50340
27385
6417
51008
23585
64726
17957
39166
27455
36083
32934
37188
4765
34095
64209
11424
32782
48018
52718
20979
6206
39341
38188
20907
33272
18713
60795
7669
65530
61888
44339
11911
58917
42736
27380
5998
20623
11997
57753
59148
56038
42325
20487
6649
39578
19942
36342
14121
12338
57164
20325
32460
50542
19997
35327
46119
7902
8468
7894
32590
56908
61828
65471
27393
36516
24126
39594
48386
53732
57188
28732
5975
60918
5673
50688
20470
33251
38505
36087
24065
33316
14120
57533
20431
6192
65530
48023
20690
59889
62820
22605
38579
47316
53411
39249
38554
36284
38290
53909
58329
51421
24032
56183
54234
49954
26601
28935
30405
27482
11386
55283
12707
58789
6451
65478
65531
4717
38472
36287
26404
48172
27331
38565
20950
42356
23960
31055
24523
55115
31130
28208
28824
53990
22417
7005
11145
49460
59777
46228
47167
20393
56131
52844
12588
33651
38329
64306
35746
58022
64689
42405
25665
15772
46446
42774
8540
35911
58960
49799
51441
7190
16873
64265
10849
7099
65476
46058
35387
16569
49867
23896
17173
34655
52865
57326
21388
65535
12535
49467
25012
7532
38740
42634
21267
38566
5885
31262
48006
42645
15948
50556
8185
28259
43350
45593
49970
45508
51474
29136
17226
51224
59959
64858
46893
2761
44446
23863
59435
20780
19559
62562
38389
51597
18471
9554
20491
9852
41937
50953
38570
53814
20629
50590
59430
27352
46524
64459
22558
12031
20053
19827
20168
52397
19401
12309
62117
39334
2808
8825
24254
6883
15910
12766
12106
64591
4755
42213
39541
5737
12823
16541
7145
24665
11397
45168
58800
24279
65045
55063
16802
48302
19065
48351
11971
47582
7759
31937
20173
65471
8416
38586
4792
8089
13484
61935
22403
18170
58016
42329
17384
65532
64635
51352
7094
39948
65328
13578
51336
57278
39508
37311
47224
19501
64603
16098
4711
5548
15767
4709
46082
18329
27149
45753
65535
48131
4792
16855
42345
43370
27466
17068
51291
47150
19705
42987
40295
23979
7895
36231
20816
20989
8036
53328
39967
23791
39428
8852
50354
65535
18731
58313
51993
46941
19648
47179
14150
16985
26394
4765
35559
59107
6713
59426
17001
6345
11692
20423
6141
33291
20667
32750
51038
26756
47160
19790
23927
6220
24832
13725
40134
39466
50153
65459
21282
38343
17829
33835
19512
49547
27353
29727
17714
11157
18315
42598
52486
6268
29829
36313
18150
43369
54310
16947
53130
36039
38373
25316
27344
52995
19358
45153
39257
59314
17947
55630
7038
65064
7922
17128
35774
27161
33286
61828
39578
47289
50012
53183
65535
7927
4709
57046
5736
64596
47372
35998
62157
10466
53666
48595
6025
4747
19880
39919
17074
40628
59959
47871
25114
59872
37034
12784
10235
30468
27355
10130
12898
65532
25121
54072
58928
65531
58875
47914
17519
18081
39115
58139
24291
45828
48116
14279
65478
50579
19285
7326
10963
36318
9426
22570
11739
30300
52056
50696
39554
6568
33023
42670
8992
17167
58141
60985
12938
17556
26720
11528
64226
7208
65321
7595
21032
57294
23696
6437
21393
4790
49970
21300
7591
26643
25268
15951
39573
40409
18702
42384
64835
24403
49676
59011
57704
6590
47387
42403
7417
17089
9509
42607
19515
19528
50969
23957
20552
7192
33891
6950
30118
12390
35290
35371
52481
8924
8666
39510
61923
50948
47338
48449
21019
47838
64300
49330
50590
8193
11414
18937
64287
8295
7754
9589
34970
36103
18136
58712
8380
65531
64629
16872
10755
25660
65531
51717
50472
7748
39347
27152
12098
49967
43384
54902
17548
7752
39868
22428
65494
39792
58250
18543
49316
9862
57823
56447
61887
8370
59810
43322
39104
53301
20444
7172
20354
57800
7181
13743
45561
24360
7407
20523
54275
42741
7123
17783
19694
19415
52330
40208
6997
53638
58671
51985
10351
48962
49856
6097
51443
25207
39397
64202
33430
39196
48272
8390
33240
9635
62058
65472
12325
19742
37561
7207
7896
64591
26699
51468
65456
54098
47502
58806
30828
64311
10200
19568
42629
20654
32237
45192
12861
22386
54551
21375
26568
39811
32747
12714
38504
51127
42346
20503
35366
2811
16978
16737
39121
7514
20122
19944
2768
38610
32692
39314
13758
20980
34905
49832
65456
50875
57624
7593
5928
31504
31108
48135
6850
20081
20216
44802
58624
19584
65470
8294
20249
12681
7595
64915
7217
42097
48380
13220
50632
28239
37758
5975
20459
12274
20292
64220
9005
35792
52800
57172
23606
19349
62258
61950
2809
19535
57837
7957
65531
19857
35434
57088
18453
6932
10356
54176
42013
17494
31464
17150
43130
27963
62713
7218
20407
42528
7246
6029
2667
23607
7369
49749
19598
17639
6737
64602
25508
38289
65532
49059
18361
10115
8263
24164
33417
58889
4790
52011
21086
4778
40233
38367
40661
24099
27899
24092
38868
13643
61916
18250
18175
55919
16990
65535
7261
5696
55065
5998
30567
44444
18944
54577
36498
12073
17936
5759
39504
12448
35475
20492
54968
56223
45262
60324
4796
65138
65477
10443
65472
11651
7478
12896
40168
64236
6464
64597
48268
42602
7927
36384
46040
20483
49890
56660
11757
20849
12955
33051
59743
17409
39529
20499
6236
50756
6103
14149
20155
35420
56320
64588
8268
20490
42602
35679
59373
39099
20632
50290
64444
7376
8334
46111
6107
45883
6425
39270
9445
12421
49311
53453
46971
6797
62220
63408
59506
59561
62128
27617
64576
45727
20402
10095
20597
17363
36491
36488
54856
54025
27355
26830
42410
2695
18626
12617
6784
13159
65448
34941
20748
65475
7799
17970
20785
64475
39927
27154
9489
56860
10660
19881
49660
6717
63789
38130
52267
12294
25426
56968
9512
58165
4785
65535
50607
17769
8528
12240
52354
31329
62465
21062
53777
27350
20243
17349
50241
7084
47645
63484
39216
50909
59114
49431
17599
9123
36513
26775
59819
50545
55989
64219
23726
11089
65475
35383
59660
10213
38368
15940
50583
18941
32993
58468
50980
17312
36936
20526
39514
21282
65471
18252
39513
17925
49423
56029
21045
36614
18376
39019
12943
13456
27433
59980
59345
35649
5981
34455
18630
33476
8473
65481
20078
21338
54191
42399
30921
47873
10959
52831
65134
10761
7141
36283
20238
8720
57643
65149
16743
18337
32935
18184
17641
65531
50663
13808
52635
18639
25069
26781
60674
58518
65475
19530
20964
61143
24112
62316
56056
65535
42410
6215
23731
31408
39254
22399
44829
47532
9287
21272
52380
17500
39878
21217
60806
33089
21295
14300
9216
25152
58761
52330
8778
56837
47010
4752
24356
4747
39309
52309
22407
60908
8894
52246
45938
6188
20240
64283
8972
31753
47175
42262
47922
12643
49819
58776
12175
32999
52972
47820
38616
4781
65061
13133
21055
61942
64476
22623
55200
63372
10897
50297
11762
17121
7104
39574
19379
33734
13295
37303
12311
18467
65141
20718
23636
47822
16791
25369
9374
10035
17276
20620
59984
38910
10210
4753
13084
42349
59258
20996
58944
42508
45709
45899
8170
22311
33504
17938
12669
24980
60883
58655
18647
19611
38177
12466
51458
24420
31217
51959
20188
52955
13381
62406
63369
46174
61590
40508
24226
64597
56551
60741
48056
61078
16820
30605
56945
36262
50995
7241
19035
6113
65531
39000
6080
18292
51009
39804
11569
37275
38840
59600
5703
52599
11688
40241
13129
10282
6264
65531
21201
38267
32006
25475
43261
51938
11442
37888
48975
11719
65532
47404
58963
5658
20280
15972
26863
65439
20586
55014
9492
38529
13292
33292
39715
9223
51116
45928
51421
65442
61167
47813
17097
24301
38114
20527
38490
51773
40221
23890
54920
56285
33206
65477
12902
38260
12134
50286
7593
7762
59644
20222
41032
38887
48298
13505
7007
20230
59256
10170
56470
36405
42218
64595
18039
20863
20741
57323
41575
26795
58725
25019
12469
47061
59714
41996
59782
6282
24071
39355
2661
51691
42581
44204
46856
2735
65448
20456
32922
53758
27532
64458
37046
6873
20478
62339
25311
35728
20663
54184
49598
6910
33110
47598
58589
24285
56867
42116
42428
33494
5972
7800
52859
44462
20736
20011
53033
16886
35656
20572
31576
42244
7382
65530
53097
36222
31099
50420
49315
8319
51520
53351
10875
20404
16126
34713
65046
10327
53287
10935
51095
9450
11929
33298
42307
26788
36408
7198
54944
58108
39138
38275
31004
24029
45603
38129
27442
44613
13025
44410
6622
9147
10331
17882
51397
23738
60333
38877
58972
59133
65530
48306
61156
18685
5987
11808
65530
24197
57217
60657
49340
26794
42389
19727
58732
16013
17639
65478
19834
16898
47842
36138
47140
65535
56787
54150
11026
25297
34283
65532
23852
44784
21403
16779
12041
60948
32754
65133
31190
51477
27753
56802
41123
9502
11124
44519
30381
34714
60838
47069
25301
38836
16057
47936
65470
57978
7079
33093
6973
12576
12767
65046
24836
35691
20860
56726
12721
21606
54074
42284
9440
57789
38829
59464
65530
42650
61917
9401
31282
21343
22457
13701
39574
32606
49971
42345
20463
46887
53350
65472
13153
17741
38542
24887
26767
56500
63388
59119
44614
29641
56586
19649
17589
42439
59208
54085
13301
11752
38842
54141
59912
42034
37081
19685
20533
61583
50719
39782
50041
60679
64599
22419
52983
65532
47341
61616
29974
24251
44578
65531
18517
5546
33127
59632
7017
54954
6847
28145
19640
37841
20426
23704
10001
64579
21137
62615
8338
49928
17376
13120
4710
8465
8754
44828
58321
54536
26498
39055
33380
58694
16967
15765
7348
24710
31285
6075
44407
64229
21210
16936
39526
42933
16113
22446
5951
20463
40155
34246
33850
65478
24510
38794
11102
51847
45185
10249
65476
20636
53834
65457
23978
26494
10484
34091
18908
18820
47965
51770
12187
6222
18014
51211
53226
21317
20978
65133
64577
7364
53972
42340
39139
58882
5551
5698
18615
24014
62798
6987
20991
6837
58482
54945
53560
62226
17031
13528
56905
19903
21310
51233
41482
13075
12442
31577
56938
30358
12264
20482
2697
54760
2763
9263
64452
52416
28270
38502
19925
57759
45223
39335
65532
35725
6024
62737
51227
33139
57592
6357
6752
64158
40430
47095
39530
53485
59991
44798
12059
27399
60891
53604
65321
8577
6303
33945
27985
38400
48212
65475
22422
19614
50577
5655
60334
20456
16901
55996
38377
18213
31078
47343
39257
20581
59798
42326
12254
26826
65481
50389
6600
21332
35773
20293
26697
14285
16121
38490
64521
64238
65471
12150
65475
12287
54252
30709
51064
21193
38521
25549
65530
58151
21254
6965
7807
53276
5858
26780
19847
53575
20472
19229
13791
64261
46009
8299
20654
39411
4715
57550
64595
65477
50319
7800
39766
13332
9416
21074
33780
52886
24859
23648
61052
26760
44981
47222
62450
65535
61828
63406
26843
18402
18208
65129
30454
54184
9103
23951
31428
27589
20542
20408
47048
31175
45723
20738
38325
31345
49620
16881
65476
12121
38726
46275
20460
39478
36764
19256
60863
44435
20841
65143
40225
42342
17609
51754
61515
19262
12924
21327
18616
26545
27159
11603
19747
20586
65065
57033
24459
12906
12235
16780
57154
27477
29179
38480
46311
40323
11969
42325
17812
46279
5987
13187
65532
8327
17858
50546
8082
20049
20222
38684
60886
20128
59986
59771
15971
57401
19275
17157
11894
20216
7424
32499
33258
36424
19404
53242
30867
16936
42210
52183
20801
63059
42009
65347
4746
49620
13764
19985
51164
13670
39651
5972
17279
37592
4745
24186
18699
59088
39510
30933
13338
33856
31092
42595
50290
39121
17254
20031
33028
7428
39333
49384
64306
58765
31673
54777
34055
53986
7296
26600
65134
10871
38919
13750
20464
30227
12886
12067
12302
64623
33345
35648
10954
64310
38987
20833
21405
9315
65464
50942
62801
29697
10511
52123
7434
22583
23965
18848
33826
17042
42394
18621
7578
9867
27464
8964
48189
6813
53016
6814
39445
53433
42390
7136
47303
51172
39621
31547
62252
65530
61275
10615
19821
39712
33083
62495
18512
64222
65531
2713
8140
48246
20042
48032
43312
18160
20370
34139
52979
19218
24353
38481
39317
6239
38550
24023
38073
21253
39166
38274
18748
42706
59282
16908
50334
27351
39965
35882
33864
51037
20347
65532
65457
34693
35188
9477
53775
19845
54171
7483
17525
65140
6294
64626
58784
39571
51869
65472
55164
47616
65535
46985
6331
18773
6959
53741
12804
20427
51324
16917
39538
36699
62397
10475
30019
65532
33682
9511
6565
31144
39590
27334
20248
33396
51429
42282
50623
57990
5999
20853
59971
52263
13183
40286
13315
58691
8516
16000
64596
36407
39357
6513
17612
21584
50626
12830
62434
59069
12778
65049
45818
36290
42408
39566
12090
17082
45724
52889
4796
47140
49358
10265
60890
38265
13364
18984
50475
37131
27645
49465
13702
60305
4792
64625
24208
11358
36597
34916
36390
65479
39282
39321
36345
6329
37063
42416
27433
24422
61620
16532
42344
52751
17012
32946
42633
37432
44295
51029
65531
59443
8098
16531
47235
38701
5765
51425
47459
25456
6629
20387
42389
65120
7763
19948
9110
24297
9120
65531
7394
21354
20840
52533
47126
42029
20869
33738
31377
41900
26585
56308
8554
60887
38949
61594
6213
6264
56954
55516
57645
65463
21605
12612
51042
9145
50953
43360
16914
50322
20887
47634
6003
7020
20361
46101
10133
21090
42390
31045
10139
19553
12461
6092
12625
19354
39921
12217
20035
20700
6762
7238
48592
8379
38161
38061
6235
37256
17960
52933
33716
20103
29940
41445
20680
10269
24080
30880
51937
59497
13318
6266
39432
51089
57768
21312
62318
47564
43313
42016
4760
52686
42642
58722
36530
39455
42207
19533
24282
57389
51869
18634
59765
18167
35716
13856
59518
9397
51972
42224
53465
19311
65476
20336
7722
58396
38366
13183
17899
25117
44298
58188
38605
27456
31412
20993
58617
46369
31241
49882
13175
52703
9846
13430
27386
2806
35232
10775
64291
8820
6467
20809
45832
65126
31702
45999
51399
17195
54365
32564
17948
51085
17792
42393
64139
7702
39875
59103
55227
26790
45100
39514
7260
58003
48768
39686
16999
64675
39323
39182
18808
20244
7926
13389
45676
5695
12769
49665
51766
42661
5686
30408
54777
45149
15935
13720
53156
54999
60699
13550
20287
56249
18239
60666
55078
28183
6273
20213
8890
8084
27425
53614
65436
47132
19669
25688
7713
6577
65476
47895
32610
45604
62357
6373
51027
17788
20630
43077
42645
65327
55556
27610
59334
18277
65457
11381
37205
50735
6014
12944
54018
11404
39911
4752
45876
40404
22613
33253
33301
13645
49842
39319
45972
24259
7892
26799
8318
7798
24894
19767
16540
48118
51302
53549
13710
30106
5639
9992
39955
19800
39392
6871
9211
4766
8490
45934
8420
65472
25560
8772
64472
38262
25185
24475
20106
7614
8311
17579
24269
52350
31304
48339
7585
28346
33682
56233
33372
46855
52606
36000
62308
47589
39254
46483
51952
25331
39589
47654
39678
17775
32276
27487
16827
31017
12813
9083
62432
20110
20522
27445
45591
38566
51005
47186
33629
7106
39304
6660
54358
38464
34699
27618
13190
38570
64520
65477
7916
58341
