239 124 
92 28 
7 190 
69 122 
139 184 
190 255 
190 229 
152 221 
100 223 
159 151 
14 207 
231 162 
157 226 
0 189 
158 50 
246 41 
179 97 
238 211 
239 126 
197 253 
77 43 
106 91 
238 74 
240 96 
54 66 
125 235 
84 149 
122 237 
210 180 
220 124 
8 171 
128 43 
233 19 
17 208 
23 186 
101 29 
115 241 
59 102 
241 97 
62 133 
228 127 
117 37 
1 171 
120 233 
248 59 
212 250 
53 100 
245 75 
81 228 
21 207 
175 248 
253 6 
21 224 
70 222 
220 18 
42 184 
119 88 
185 93 
237 202 
59 63 
217 255 
110 62 
22 232 
175 220 
186 87 
161 42 
20 192 
122 244 
59 105 
31 228 
49 156 
154 16 
18 203 
211 34 
34 212 
189 147 
126 235 
191 104 
135 167 
215 154 
32 163 
148 225 
79 220 
41 196 
38 220 
44 77 
194 82 
32 184 
68 188 
130 66 
38 109 
98 232 
105 22 
29 188 
147 246 
142 53 
245 188 
220 243 
229 167 
141 75 
70 142 
218 19 
64 158 
37 97 
125 27 
100 22 
133 244 
98 227 
8 199 
48 172 
195 66 
160 55 
66 77 
38 88 
67 154 
41 109 
62 168 
27 195 
4 162 
188 76 
247 63 
195 136 
107 19 
234 184 
131 130 
33 110 
248 6 
177 205 
206 150 
56 218 
241 160 
219 200 
4 177 
91 58 
26 180 
167 40 
156 183 
135 26 
4 208 
199 69 
61 64 
114 22 
174 243 
122 18 
236 68 
46 190 
224 135 
242 81 
152 126 
124 22 
68 111 
98 89 
75 118 
39 207 
242 8 
62 105 
6 153 
49 204 
32 200 
245 102 
66 114 
23 231 
255 2 
9 202 
103 58 
161 123 
138 249 
36 201 
229 233 
214 27 
84 54 
197 255 
160 118 
218 242 
208 250 
86 30 
213 10 
114 108 
178 107 
74 151 
135 247 
40 229 
68 155 
242 198 
254 4 
7 172 
253 10 
212 165 
111 45 
235 224 
85 61 
55 110 
160 177 
14 226 
108 24 
33 199 
90 32 
232 105 
191 234 
93 97 
169 236 
11 212 
198 96 
232 142 
90 77 
170 255 
151 152 
159 227 
14 163 
108 96 
39 199 
229 20 
243 7 
56 211 
145 240 
39 151 
23 111 
88 71 
89 59 
32 157 
202 46 
58 63 
244 98 
73 142 
243 68 
71 104 
74 158 
204 93 
49 139 
146 246 
7 169 
180 93 
33 107 
167 255 
164 108 
132 91 
89 63 
122 225 
52 129 
153 251 
159 244 
133 60 
86 142 
200 11 
9 192 
201 100 
54 192 
111 36 
213 255 
84 31 
85 189 
29 167 
50 119 
20 146 
147 233 
119 241 
61 102 
126 112 
194 223 
172 236 
205 87 
101 21 
2 202 
27 221 
80 61 
177 247 
14 218 
161 40 
210 171 
252 205 
42 196 
97 37 
74 216 
255 24 
109 138 
239 78 
20 225 
227 154 
145 18 
204 70 
114 85 
222 87 
55 95 
255 7 
26 134 
207 93 
69 81 
117 120 
255 24 
112 96 
174 98 
63 106 
70 93 
100 138 
238 199 
28 140 
31 193 
94 75 
47 101 
175 255 
112 76 
246 67 
43 190 
249 255 
115 126 
224 105 
210 88 
214 159 
25 135 
102 235 
193 247 
107 28 
232 94 
196 69 
211 104 
84 63 
54 118 
155 174 
151 255 
170 230 
43 203 
137 45 
11 164 
250 31 
192 95 
3 160 
243 81 
12 206 
211 10 
153 242 
93 55 
15 143 
14 228 
158 252 
105 73 
40 100 
28 214 
69 137 
30 139 
180 110 
214 94 
116 53 
15 158 
229 79 
46 77 
140 227 
240 77 
220 37 
8 215 
139 44 
239 8 
210 11 
233 160 
29 171 
65 143 
11 133 
235 12 
166 44 
39 156 
215 140 
58 181 
1 180 
39 137 
100 65 
115 72 
254 4 
128 63 
18 195 
204 83 
44 209 
159 157 
33 132 
244 22 
77 38 
97 118 
157 70 
169 118 
127 119 
176 64 
84 30 
145 163 
24 157 
107 111 
77 88 
147 68 
40 80 
28 169 
139 121 
118 240 
200 77 
105 94 
83 97 
13 194 
85 201 
205 119 
9 175 
7 201 
143 255 
185 52 
43 192 
201 117 
54 222 
209 11 
17 217 
247 85 
98 196 
50 130 
56 116 
76 216 
82 121 
12 177 
76 128 
146 255 
145 198 
76 46 
69 213 
212 86 
181 56 
73 217 
15 180 
62 177 
144 222 
171 244 
7 182 
239 8 
124 103 
75 108 
219 229 
3 198 
214 163 
170 37 
184 227 
173 255 
95 46 
76 192 
246 171 
92 40 
236 175 
29 170 
79 57 
239 138 
255 5 
82 156 
167 60 
22 211 
95 28 
57 128 
255 0 
236 97 
22 217 
42 184 
49 143 
238 130 
40 106 
184 109 
38 173 
107 238 
149 42 
23 176 
5 197 
206 142 
255 2 
175 255 
2 191 
188 242 
137 53 
24 155 
29 222 
83 31 
208 82 
145 29 
45 159 
12 213 
93 25 
92 70 
105 21 
126 125 
49 214 
96 59 
203 84 
16 130 
46 217 
144 173 
103 20 
87 106 
135 66 
101 58 
151 157 
16 228 
11 216 
247 84 
12 209 
26 141 
255 2 
12 169 
117 125 
60 141 
161 14 
235 21 
103 234 
252 12 
231 112 
176 70 
123 242 
210 95 
20 179 
151 218 
181 62 
31 99 
215 168 
76 94 
21 169 
215 88 
50 102 
64 93 
144 25 
91 47 
57 198 
170 176 
11 202 
145 86 
241 7 
184 223 
158 241 
137 247 
188 106 
55 115 
200 239 
137 66 
244 7 
228 75 
113 64 
245 186 
195 253 
167 225 
42 194 
16 230 
29 193 
254 4 
169 162 
86 31 
128 85 
188 46 
252 42 
174 241 
72 152 
119 19 
203 212 
204 131 
242 193 
34 199 
183 122 
166 222 
238 159 
229 249 
211 251 
191 65 
170 238 
65 48 
19 165 
35 154 
255 1 
227 113 
204 196 
189 14 
177 74 
138 206 
63 147 
54 161 
35 152 
172 72 
185 231 
230 175 
32 216 
152 253 
101 54 
109 226 
156 50 
129 14 
190 113 
167 245 
116 45 
171 48 
37 103 
180 123 
255 5 
53 132 
197 227 
247 98 
81 223 
230 215 
72 216 
63 48 
2 186 
240 161 
49 143 
240 180 
247 9 
89 185 
207 48 
255 4 
60 131 
237 134 
246 109 
230 67 
241 80 
139 214 
119 73 
189 161 
111 73 
93 44 
218 98 
98 70 
20 232 
44 152 
31 200 
106 92 
151 147 
241 78 
144 13 
240 58 
203 13 
113 20 
11 133 
96 43 
126 248 
94 25 
191 32 
42 160 
52 99 
184 113 
129 14 
109 222 
179 240 
57 121 
135 55 
221 171 
130 239 
215 254 
117 99 
255 2 
230 8 
8 204 
27 203 
176 12 
0 185 
134 238 
97 23 
185 204 
255 5 
173 203 
151 247 
233 75 
97 45 
231 254 
204 21 
215 229 
255 3 
51 171 
47 193 
26 219 
215 17 
233 127 
255 1 
98 76 
183 235 
50 150 
72 108 
35 204 
49 172 
73 147 
249 188 
130 245 
242 101 
119 50 
96 191 
69 173 
97 132 
189 69 
91 27 
244 85 
83 31 
101 93 
94 53 
41 169 
0 194 
163 41 
48 131 
22 171 
122 122 
74 164 
103 128 
251 5 
210 169 
32 140 
243 87 
2 195 
144 56 
249 49 
6 168 
190 245 
240 76 
110 38 
220 73 
174 105 
137 251 
9 169 
196 63 
53 124 
132 123 
207 149 
174 43 
231 149 
57 137 
163 224 
92 28 
249 34 
211 255 
56 142 
85 222 
80 62 
102 71 
63 154 
65 126 
219 175 
230 9 
67 43 
120 240 
188 255 
244 19 
175 104 
153 153 
155 106 
243 136 
166 249 
192 62 
147 150 
177 255 
182 58 
222 177 
48 107 
250 79 
62 48 
38 138 
173 122 
242 8 
94 91 
86 29 
225 182 
116 74 
169 12 
198 99 
102 221 
254 11 
221 174 
17 231 
254 3 
167 36 
255 6 
169 247 
143 154 
74 214 
193 255 
81 33 
173 133 
71 47 
172 254 
73 80 
203 96 
148 180 
41 215 
50 171 
47 139 
55 219 
27 188 
225 149 
51 140 
131 60 
116 74 
155 249 
13 200 
142 145 
132 163 
105 75 
66 203 
148 96 
186 253 
248 14 
119 64 
130 20 
224 178 
236 204 
123 126 
240 8 
203 140 
253 5 
184 254 
55 83 
142 174 
21 205 
255 9 
167 19 
213 145 
222 110 
78 149 
121 241 
228 26 
113 102 
32 187 
19 119 
208 189 
44 105 
255 2 
6 191 
18 175 
70 159 
217 255 
155 23 
131 62 
187 250 
77 43 
89 28 
242 102 
151 137 
6 205 
241 109 
178 54 
221 119 
192 206 
177 93 
247 90 
73 211 
244 103 
156 53 
60 207 
211 169 
187 254 
179 250 
128 60 
190 217 
219 162 
166 215 
192 233 
138 38 
20 136 
205 243 
115 38 
87 128 
171 237 
101 21 
229 217 
81 33 
89 56 
226 139 
200 120 
249 120 
213 79 
24 230 
84 84 
158 12 
41 187 
31 147 
250 100 
25 208 
172 216 
105 69 
183 72 
190 91 
78 59 
119 241 
202 253 
181 253 
7 217 
118 90 
113 181 
74 43 
195 246 
140 191 
87 59 
95 77 
158 249 
122 56 
246 6 
164 124 
53 164 
96 83 
116 66 
223 9 
199 183 
41 154 
53 178 
143 43 
73 98 
64 210 
130 116 
11 223 
24 191 
56 106 
58 125 
118 238 
27 116 
196 46 
241 38 
112 68 
160 35 
75 228 
163 228 
113 85 
2 200 
138 113 
37 181 
155 120 
132 230 
66 153 
6 169 
158 28 
203 104 
86 61 
190 231 
95 70 
131 102 
35 93 
22 201 
195 255 
180 233 
195 86 
221 80 
70 106 
58 158 
174 20 
118 26 
68 214 
135 52 
210 241 
98 119 
16 203 
154 210 
99 41 
113 18 
143 243 
239 76 
191 99 
95 26 
97 26 
110 240 
179 255 
57 61 
37 206 
50 159 
57 92 
217 237 
157 57 
98 23 
229 78 
83 132 
195 196 
150 104 
171 119 
186 236 
168 238 
227 122 
140 96 
61 50 
56 164 
173 234 
76 90 
36 173 
160 129 
164 181 
13 154 
45 178 
80 197 
236 121 
223 239 
86 99 
12 133 
143 246 
208 255 
79 157 
152 28 
210 160 
176 192 
99 49 
234 152 
111 50 
7 197 
184 23 
144 255 
95 25 
218 161 
255 6 
255 5 
76 36 
47 212 
104 78 
142 94 
2 174 
142 246 
124 128 
31 209 
72 85 
242 194 
60 177 
65 133 
227 237 
207 255 
206 176 
175 91 
65 44 
92 52 
18 188 
189 247 
172 255 
225 91 
245 6 
54 59 
67 55 
149 168 
21 117 
50 151 
191 35 
255 7 
65 215 
98 186 
19 171 
127 33 
232 72 
35 113 
245 107 
114 239 
255 0 
121 148 
25 205 
140 246 
84 57 
247 158 
12 226 
37 160 
81 51 
47 132 
38 223 
33 211 
164 254 
38 212 
63 108 
226 76 
83 222 
236 74 
6 171 
166 48 
177 227 
159 163 
254 12 
20 198 
247 6 
225 111 
188 249 
21 204 
203 183 
2 198 
180 59 
226 172 
52 116 
18 209 
113 63 
162 236 
223 77 
208 255 
246 6 
49 164 
128 242 
246 183 
246 96 
51 103 
250 5 
29 109 
179 231 
37 193 
191 253 
198 255 
6 152 
120 93 
42 174 
101 64 
245 19 
233 222 
117 122 
167 252 
1 177 
161 243 
156 159 
136 159 
47 181 
136 108 
156 141 
198 11 
20 183 
66 50 
102 94 
233 130 
223 255 
141 20 
234 135 
255 1 
206 178 
47 153 
136 13 
123 41 
104 32 
81 34 
112 237 
188 14 
225 90 
241 153 
25 108 
99 23 
112 38 
155 74 
155 223 
104 211 
173 255 
87 29 
35 158 
157 114 
205 73 
44 216 
179 126 
252 39 
194 252 
132 123 
61 202 
236 85 
96 27 
231 27 
237 146 
119 42 
166 210 
191 95 
170 136 
125 243 
110 24 
25 189 
26 186 
135 141 
62 142 
160 255 
24 227 
202 255 
34 145 
225 25 
241 155 
36 158 
207 78 
33 196 
64 50 
80 121 
47 173 
22 197 
14 208 
116 64 
27 212 
225 36 
114 17 
150 244 
112 129 
91 109 
252 37 
61 209 
56 192 
99 42 
227 30 
21 129 
98 56 
205 100 
215 162 
210 10 
133 16 
111 34 
168 199 
9 210 
157 194 
178 237 
102 37 
231 223 
76 37 
30 195 
168 29 
16 231 
48 182 
104 237 
13 190 
109 31 
52 86 
26 113 
90 45 
71 58 
5 168 
235 160 
97 223 
45 167 
48 128 
69 150 
57 61 
21 161 
87 63 
9 194 
28 224 
250 57 
61 168 
159 236 
131 64 
232 144 
142 255 
18 228 
233 120 
205 166 
102 56 
224 81 
118 226 
124 61 
54 89 
116 69 
121 241 
51 156 
206 240 
81 59 
101 234 
79 33 
102 39 
170 12 
94 25 
129 123 
10 200 
255 0 
198 85 
253 4 
217 86 
250 20 
70 95 
111 77 
12 161 
169 54 
182 184 
4 166 
68 145 
154 240 
93 33 
126 240 
57 76 
204 255 
200 82 
11 221 
151 88 
125 146 
121 239 
33 159 
235 224 
230 122 
101 235 
170 65 
191 125 
251 29 
248 42 
176 12 
76 76 
219 164 
125 47 
4 195 
16 161 
139 47 
8 195 
122 53 
57 203 
162 238 
92 55 
117 126 
226 214 
232 119 
23 135 
96 37 
30 190 
236 209 
244 99 
117 30 
221 65 
194 255 
176 67 
121 15 
124 131 
240 80 
184 242 
147 142 
137 51 
160 12 
224 84 
219 184 
147 242 
49 77 
178 21 
215 142 
218 133 
225 14 
124 22 
255 0 
66 214 
84 97 
223 148 
200 249 
160 63 
133 245 
235 136 
15 127 
123 37 
100 135 
22 222 
91 56 
205 124 
20 196 
176 222 
188 252 
255 11 
149 252 
62 105 
94 73 
89 32 
157 233 
225 151 
181 239 
67 124 
216 26 
95 81 
252 17 
46 127 
171 21 
172 252 
78 57 
161 12 
104 235 
39 209 
0 185 
222 141 
237 187 
118 64 
88 184 
153 39 
196 255 
215 135 
48 109 
15 185 
187 78 
14 132 
147 34 
7 216 
228 175 
2 196 
5 174 
67 89 
75 135 
119 185 
129 133 
79 133 
208 235 
127 99 
85 210 
40 219 
235 92 
188 111 
14 224 
255 5 
203 172 
25 192 
166 114 
204 233 
114 132 
199 95 
45 126 
19 225 
176 47 
187 63 
223 117 
149 174 
50 200 
139 129 
33 166 
137 54 
73 131 
90 102 
122 91 
75 225 
103 98 
55 201 
37 137 
242 7 
70 164 
255 0 
16 196 
161 23 
223 255 
56 148 
168 36 
147 38 
209 102 
134 57 
120 242 
24 233 
35 146 
127 232 
164 15 
40 183 
136 132 
29 198 
51 74 
163 70 
89 204 
133 167 
67 158 
193 102 
127 61 
99 57 
34 110 
199 79 
65 191 
205 239 
28 194 
11 200 
11 133 
144 130 
159 176 
184 25 
154 252 
138 57 
143 164 
201 36 
202 255 
8 216 
243 90 
137 158 
64 207 
27 149 
117 67 
72 83 
101 47 
61 124 
143 28 
80 39 
211 244 
245 42 
126 30 
204 98 
172 121 
57 86 
221 168 
125 223 
214 218 
185 255 
68 96 
152 254 
139 158 
224 242 
143 135 
8 197 
88 213 
81 151 
192 112 
145 244 
123 52 
131 131 
205 129 
189 228 
173 238 
119 59 
124 15 
238 185 
196 185 
181 42 
193 229 
205 92 
179 125 
139 15 
134 235 
27 230 
103 37 
222 255 
147 65 
76 161 
0 176 
87 37 
175 217 
208 139 
246 78 
18 185 
238 86 
247 51 
60 100 
165 237 
81 32 
212 131 
199 244 
111 66 
196 80 
122 240 
159 143 
209 255 
240 172 
190 26 
45 214 
175 223 
72 206 
63 163 
126 44 
141 68 
230 47 
110 20 
31 182 
66 92 
104 83 
254 3 
46 73 
161 80 
234 129 
193 129 
36 115 
213 255 
13 191 
198 183 
209 227 
193 103 
243 68 
39 221 
50 140 
5 208 
126 57 
117 51 
207 237 
111 75 
239 179 
146 245 
67 106 
255 3 
110 70 
109 33 
154 189 
235 206 
50 99 
115 51 
246 7 
167 233 
244 158 
191 35 
195 167 
77 148 
63 132 
26 158 
139 251 
136 92 
216 249 
18 231 
155 196 
202 92 
244 102 
193 15 
109 83 
196 255 
183 249 
66 162 
159 253 
150 249 
175 107 
159 233 
190 51 
97 88 
83 81 
210 166 
43 163 
240 171 
217 59 
236 103 
188 255 
201 11 
94 24 
38 160 
123 207 
66 179 
171 235 
205 249 
107 26 
158 216 
255 7 
71 139 
90 27 
250 40 
77 61 
74 140 
174 54 
186 251 
30 202 
177 229 
72 39 
255 8 
152 12 
237 109 
129 118 
74 132 
36 112 
140 149 
66 122 
240 92 
143 137 
48 85 
126 62 
75 74 
29 114 
163 43 
226 145 
27 117 
165 49 
237 84 
168 65 
34 139 
235 182 
255 1 
203 255 
222 180 
255 3 
8 171 
192 182 
191 72 
41 90 
129 239 
125 59 
142 249 
251 26 
153 161 
209 248 
233 136 
224 14 
88 28 
134 100 
186 231 
0 179 
52 170 
136 169 
255 0 
238 113 
77 47 
17 214 
107 107 
190 88 
3 191 
252 48 
22 195 
234 134 
154 248 
79 93 
170 107 
66 65 
50 210 
141 51 
225 219 
76 95 
159 252 
222 114 
65 84 
69 133 
134 151 
228 214 
73 139 
3 205 
148 35 
106 19 
231 131 
112 87 
30 130 
181 99 
26 161 
101 43 
165 217 
220 157 
65 220 
55 157 
116 121 
187 229 
217 245 
5 187 
229 134 
137 150 
44 206 
243 90 
88 38 
251 34 
3 182 
233 36 
25 210 
81 128 
165 15 
224 205 
60 82 
27 181 
26 219 
182 68 
252 5 
89 52 
62 104 
151 177 
218 32 
54 139 
203 248 
213 255 
117 140 
150 104 
94 27 
118 117 
162 13 
59 169 
137 110 
65 51 
214 120 
8 181 
68 86 
1 187 
146 35 
144 246 
131 22 
151 171 
59 58 
106 61 
35 165 
107 66 
42 223 
121 49 
202 15 
134 21 
248 62 
198 247 
215 247 
138 188 
156 218 
109 110 
156 224 
141 174 
245 93 
179 219 
132 43 
184 160 
128 21 
83 206 
106 54 
229 251 
17 146 
142 41 
179 17 
174 244 
249 27 
150 135 
67 67 
69 140 
253 4 
115 18 
159 16 
201 248 
148 46 
65 45 
184 109 
239 8 
10 222 
6 195 
243 7 
202 255 
71 227 
15 143 
87 97 
156 129 
181 223 
149 245 
201 236 
227 157 
115 238 
138 246 
166 108 
150 251 
55 174 
138 167 
175 236 
187 181 
56 134 
168 46 
255 4 
0 179 
4 196 
120 101 
146 16 
185 120 
32 119 
46 138 
113 33 
179 255 
185 245 
184 255 
248 6 
161 16 
144 105 
186 35 
209 131 
77 35 
120 125 
113 233 
201 21 
211 138 
162 24 
134 246 
5 211 
81 38 
181 81 
192 90 
79 116 
177 124 
56 85 
140 25 
9 221 
204 253 
209 94 
53 137 
200 31 
148 31 
231 178 
34 196 
96 68 
45 135 
16 197 
64 160 
7 184 
115 118 
7 160 
154 233 
97 135 
29 105 
180 120 
117 47 
80 65 
111 19 
63 100 
171 224 
91 182 
123 16 
103 75 
16 229 
71 48 
253 4 
43 219 
164 244 
239 89 
165 14 
255 1 
142 113 
220 142 
7 205 
183 80 
134 201 
1 193 
31 125 
182 40 
0 193 
8 206 
132 242 
138 14 
171 250 
28 192 
153 200 
108 235 
253 15 
57 173 
58 57 
29 126 
232 98 
208 181 
253 21 
240 193 
136 39 
255 3 
105 19 
197 92 
52 169 
41 211 
128 68 
141 209 
59 108 
144 49 
79 229 
249 6 
174 255 
210 255 
83 76 
77 88 
88 84 
15 177 
169 179 
197 255 
166 191 
119 78 
68 58 
136 49 
240 8 
110 237 
238 153 
120 241 
148 63 
51 101 
241 157 
238 81 
96 48 
135 69 
222 254 
20 231 
15 212 
179 211 
213 138 
18 163 
216 178 
144 44 
177 225 
159 198 
55 213 
25 207 
148 13 
167 34 
197 250 
93 105 
112 106 
37 135 
233 9 
132 101 
25 114 
232 127 
31 168 
218 88 
245 176 
6 198 
65 213 
252 12 
160 19 
123 57 
93 81 
44 87 
198 82 
91 27 
146 75 
5 165 
223 141 
36 198 
149 67 
220 156 
231 67 
47 155 
6 175 
126 117 
139 101 
247 169 
47 178 
149 116 
109 58 
158 60 
182 30 
27 108 
39 198 
79 104 
176 111 
205 84 
32 218 
65 81 
182 255 
71 168 
110 46 
191 83 
178 222 
78 84 
186 92 
92 185 
121 61 
216 166 
63 61 
129 158 
72 215 
189 83 
113 42 
111 235 
255 1 
156 158 
226 95 
98 234 
213 94 
130 183 
165 188 
28 174 
228 9 
61 132 
203 253 
121 21 
64 52 
141 14 
150 82 
25 180 
64 110 
212 90 
217 216 
147 146 
73 137 
72 217 
105 31 
255 2 
253 34 
167 19 
14 196 
168 111 
106 56 
144 149 
129 245 
55 160 
195 74 
1 191 
189 179 
227 255 
247 115 
124 58 
244 120 
125 236 
168 241 
114 241 
213 147 
86 120 
194 255 
131 161 
84 65 
43 79 
68 138 
74 39 
6 188 
92 68 
161 68 
14 150 
12 155 
231 77 
205 88 
124 154 
153 182 
25 226 
247 164 
131 55 
112 22 
130 149 
206 35 
54 105 
193 11 
190 86 
149 242 
187 42 
200 255 
65 119 
217 138 
166 92 
230 25 
223 173 
17 152 
255 3 
196 106 
94 25 
59 170 
222 135 
180 235 
26 197 
108 224 
69 100 
220 151 
143 243 
165 248 
137 165 
120 40 
62 164 
225 232 
198 118 
33 172 
217 254 
95 96 
17 221 
191 40 
105 26 
46 176 
35 203 
226 115 
140 175 
221 30 
215 145 
175 114 
7 211 
68 155 
73 37 
138 232 
255 3 
195 100 
157 12 
181 227 
102 50 
4 202 
40 203 
127 213 
52 62 
18 159 
26 200 
77 81 
106 76 
89 90 
106 236 
94 36 
183 103 
86 37 
210 253 
127 155 
43 201 
255 7 
217 159 
207 176 
43 156 
127 206 
186 84 
118 44 
78 43 
179 167 
21 186 
179 34 
89 51 
19 139 
82 32 
219 112 
171 246 
45 73 
161 71 
6 187 
44 213 
211 223 
123 44 
77 35 
244 70 
250 13 
237 62 
186 100 
176 15 
214 104 
182 105 
251 41 
207 100 
77 229 
236 205 
42 165 
97 146 
3 201 
56 201 
155 55 
36 182 
129 52 
253 13 
35 190 
129 144 
55 70 
90 27 
12 187 
183 92 
253 4 
195 93 
115 51 
117 16 
158 213 
67 108 
252 5 
166 255 
24 186 
91 53 
32 127 
100 26 
6 184 
115 38 
117 123 
56 149 
81 70 
61 140 
170 70 
169 126 
155 238 
86 94 
53 185 
34 200 
232 10 
82 227 
202 127 
212 87 
23 178 
209 93 
88 148 
135 118 
173 41 
125 52 
178 135 
36 212 
125 237 
99 68 
152 202 
197 150 
164 215 
162 136 
200 122 
242 148 
3 205 
62 55 
106 88 
5 211 
142 48 
47 103 
197 29 
151 82 
79 34 
57 114 
189 17 
216 130 
231 138 
73 49 
165 177 
97 32 
122 242 
106 54 
165 91 
30 111 
79 57 
211 181 
173 240 
94 29 
196 252 
125 64 
204 76 
249 55 
255 9 
143 46 
204 187 
174 111 
40 217 
128 200 
107 103 
131 244 
189 109 
154 64 
36 176 
162 251 
85 226 
241 168 
68 41 
100 44 
52 68 
192 42 
183 241 
159 221 
6 212 
114 44 
238 72 
110 71 
179 53 
130 244 
41 207 
78 148 
69 55 
129 236 
102 20 
181 101 
85 30 
12 204 
153 163 
14 212 
3 193 
59 132 
255 1 
255 21 
132 143 
25 121 
255 3 
253 34 
230 127 
207 170 
129 246 
23 181 
42 225 
112 44 
138 164 
41 227 
201 101 
31 103 
15 199 
21 200 
228 219 
183 245 
64 129 
97 23 
37 184 
111 239 
2 188 
75 210 
46 220 
100 91 
70 43 
93 43 
122 15 
116 60 
240 129 
11 161 
255 1 
113 50 
128 54 
255 1 
144 44 
153 224 
225 14 
98 59 
58 163 
33 154 
87 76 
71 131 
70 75 
150 162 
118 83 
89 217 
162 156 
218 159 
198 243 
184 251 
235 186 
214 250 
188 184 
134 127 
167 228 
108 138 
40 95 
213 255 
154 255 
246 16 
90 43 
61 51 
4 208 
224 113 
75 76 
178 27 
230 152 
129 232 
234 208 
197 92 
70 108 
17 216 
157 13 
162 210 
213 102 
2 194 
50 68 
112 240 
201 40 
148 206 
135 113 
202 34 
214 208 
153 213 
85 55 
118 36 
106 39 
190 231 
210 254 
255 7 
139 100 
97 80 
12 135 
47 219 
178 178 
36 196 
235 195 
107 61 
93 50 
9 149 
51 141 
231 174 
37 189 
147 106 
236 133 
255 1 
132 15 
213 255 
186 34 
25 201 
78 54 
95 24 
242 143 
222 254 
101 230 
192 88 
76 222 
71 49 
59 78 
137 15 
231 74 
19 209 
88 111 
187 253 
168 12 
174 68 
233 198 
255 2 
109 115 
211 35 
82 63 
139 147 
155 13 
208 77 
124 167 
155 254 
88 203 
255 1 
216 132 
218 81 
48 166 
122 150 
228 222 
57 117 
237 13 
81 129 
92 66 
224 149 
29 220 
220 10 
19 195 
230 187 
43 188 
24 230 
188 64 
76 96 
247 65 
146 125 
234 219 
104 35 
193 243 
193 254 
69 114 
50 216 
2 168 
179 242 
135 251 
216 164 
192 59 
28 201 
151 251 
96 32 
167 175 
114 116 
90 140 
38 225 
170 45 
139 161 
11 192 
43 217 
222 100 
54 147 
35 172 
200 11 
218 168 
179 180 
141 79 
255 0 
160 12 
248 75 
134 64 
32 212 
110 88 
227 164 
62 206 
172 233 
42 214 
124 153 
30 231 
57 95 
195 255 
108 86 
209 82 
8 220 
112 239 
224 17 
184 29 
113 52 
4 193 
49 208 
172 239 
210 255 
184 250 
60 131 
17 189 
78 209 
193 52 
55 153 
13 166 
201 91 
255 7 
254 3 
207 84 
211 96 
172 228 
105 122 
10 166 
114 242 
111 18 
194 106 
151 238 
123 156 
157 46 
196 127 
178 255 
63 187 
28 168 
43 204 
57 139 
18 212 
135 145 
63 194 
58 60 
24 195 
71 157 
183 248 
251 34 
167 232 
224 255 
235 37 
135 246 
54 169 
234 96 
199 242 
80 72 
167 52 
56 82 
155 92 
7 217 
217 10 
255 0 
28 128 
244 8 
87 50 
169 248 
141 55 
169 157 
113 235 
234 220 
250 40 
119 16 
92 26 
63 118 
206 246 
58 62 
28 215 
134 168 
98 187 
91 30 
240 120 
66 94 
11 153 
162 133 
229 10 
147 249 
221 78 
42 116 
65 127 
2 200 
174 62 
67 215 
80 67 
156 227 
119 244 
77 146 
96 24 
24 214 
223 214 
248 6 
108 35 
235 189 
59 139 
228 87 
204 114 
38 206 
10 191 
246 95 
161 190 
213 156 
20 209 
81 32 
108 53 
63 75 
218 234 
105 219 
59 146 
6 153 
196 214 
61 160 
51 97 
55 69 
175 177 
190 255 
239 66 
75 223 
12 159 
198 89 
36 169 
154 172 
150 225 
228 146 
111 86 
76 187 
107 232 
58 102 
255 5 
231 151 
204 255 
163 94 
5 175 
154 41 
127 245 
57 217 
166 246 
188 144 
236 71 
120 242 
76 144 
154 161 
251 22 
189 237 
202 63 
189 94 
45 155 
113 240 
145 156 
144 204 
70 62 
14 229 
34 230 
225 85 
69 120 
53 69 
2 201 
145 247 
178 221 
223 239 
118 36 
41 148 
206 135 
193 82 
209 175 
114 115 
247 81 
125 237 
126 144 
249 29 
143 35 
236 195 
133 65 
110 240 
102 38 
152 28 
118 234 
86 198 
255 5 
232 65 
232 220 
205 45 
181 255 
115 47 
249 40 
50 167 
152 56 
38 115 
242 129 
102 133 
193 46 
158 234 
95 72 
116 81 
30 199 
85 39 
244 108 
81 65 
221 113 
173 137 
45 95 
5 155 
99 234 
114 83 
43 78 
109 18 
140 250 
7 215 
103 54 
251 5 
176 255 
213 141 
39 176 
203 255 
78 216 
115 27 
138 251 
209 172 
223 248 
74 97 
136 116 
172 111 
49 123 
220 170 
18 197 
7 199 
251 56 
124 54 
172 255 
57 143 
17 196 
33 218 
91 123 
237 72 
156 13 
115 41 
89 66 
135 245 
39 166 
252 11 
157 17 
60 90 
186 125 
30 200 
157 178 
226 101 
42 220 
195 90 
117 117 
70 225 
150 247 
86 58 
244 87 
135 153 
255 7 
206 252 
243 115 
20 228 
32 114 
180 229 
229 208 
149 34 
178 173 
127 64 
71 88 
3 187 
239 174 
156 78 
30 117 
227 180 
254 12 
65 218 
241 180 
16 170 
247 79 
220 255 
150 140 
170 252 
182 73 
164 101 
78 220 
206 166 
175 255 
187 245 
246 73 
60 165 
31 205 
170 12 
195 91 
199 255 
219 174 
31 205 
197 130 
201 86 
96 226 
202 11 
114 66 
233 226 
102 20 
245 132 
219 145 
10 137 
249 37 
139 55 
182 255 
148 248 
62 210 
60 218 
67 67 
194 55 
95 54 
112 240 
197 69 
163 48 
75 180 
6 157 
49 110 
217 31 
80 82 
4 173 
209 99 
180 255 
19 177 
208 171 
123 33 
10 223 
227 233 
200 74 
114 112 
103 39 
3 165 
195 121 
109 49 
254 4 
252 13 
184 18 
190 108 
3 205 
97 23 
138 60 
149 253 
118 119 
14 192 
27 206 
89 31 
180 246 
151 231 
232 78 
252 5 
255 0 
19 120 
99 216 
250 5 
255 4 
10 175 
134 75 
73 144 
34 163 
36 191 
181 220 
227 9 
189 137 
12 204 
101 72 
146 202 
188 201 
127 210 
130 72 
56 211 
137 24 
204 255 
173 106 
4 169 
149 149 
11 218 
19 156 
163 248 
210 191 
36 108 
247 6 
197 248 
79 80 
237 99 
125 238 
216 251 
145 54 
168 76 
22 210 
105 35 
157 103 
4 199 
253 9 
31 186 
72 128 
202 238 
13 221 
245 97 
212 91 
212 92 
163 152 
48 123 
80 135 
108 53 
22 138 
196 245 
5 161 
139 163 
0 181 
16 210 
91 73 
164 255 
191 255 
137 139 
5 210 
219 144 
130 236 
27 187 
119 55 
79 223 
43 209 
144 213 
140 247 
76 71 
216 146 
145 175 
255 2 
255 3 
161 29 
74 229 
203 17 
171 187 
107 118 
27 232 
172 31 
40 94 
50 216 
36 199 
176 255 
249 51 
20 152 
123 228 
55 117 
11 221 
158 186 
92 47 
255 2 
230 201 
255 0 
243 74 
51 127 
178 64 
89 88 
102 84 
119 48 
214 190 
108 79 
163 202 
190 174 
29 208 
159 222 
15 194 
146 176 
33 195 
32 152 
175 100 
87 134 
175 86 
26 141 
199 14 
24 140 
29 119 
68 131 
138 121 
40 120 
1 194 
108 85 
136 250 
31 220 
13 170 
255 3 
95 186 
132 247 
194 85 
234 72 
169 181 
228 131 
110 65 
186 255 
35 226 
88 98 
82 111 
143 13 
233 72 
232 9 
226 134 
77 102 
248 6 
151 53 
209 79 
54 118 
186 116 
107 51 
35 230 
179 200 
106 79 
214 128 
44 182 
36 120 
236 93 
1 176 
212 162 
193 50 
91 46 
146 20 
1 180 
89 118 
207 128 
239 213 
163 250 
39 213 
96 27 
202 224 
105 225 
76 53 
26 189 
145 208 
98 22 
251 18 
248 134 
138 243 
54 156 
150 239 
241 7 
48 162 
35 151 
21 208 
126 68 
62 98 
110 235 
242 107 
188 255 
61 144 
102 188 
111 82 
180 237 
9 204 
1 195 
214 100 
44 200 
148 151 
72 47 
187 94 
46 143 
82 94 
82 32 
15 130 
10 153 
127 53 
217 255 
44 85 
203 17 
240 123 
162 204 
58 148 
127 48 
12 138 
103 72 
141 31 
151 156 
16 201 
133 49 
203 74 
133 44 
23 111 
129 215 
125 84 
23 144 
123 23 
250 28 
59 119 
45 162 
80 229 
201 24 
212 107 
38 141 
148 54 
143 143 
3 190 
178 225 
6 212 
71 151 
33 179 
132 233 
10 224 
38 179 
67 95 
175 255 
43 227 
185 250 
69 131 
173 255 
65 79 
31 125 
46 164 
10 193 
99 72 
96 40 
188 197 
95 27 
77 135 
44 220 
8 191 
49 190 
199 109 
123 193 
52 90 
160 83 
42 134 
231 190 
2 202 
49 74 
112 230 
83 34 
90 125 
86 191 
34 129 
116 238 
61 147 
61 122 
237 156 
75 120 
59 189 
211 81 
104 19 
214 241 
128 240 
85 30 
91 26 
238 77 
56 101 
1 197 
243 133 
223 156 
255 3 
224 211 
59 87 
38 173 
1 197 
199 136 
34 99 
138 62 
83 150 
208 224 
14 166 
205 255 
30 196 
78 34 
80 114 
119 127 
53 61 
87 29 
45 123 
241 83 
126 243 
113 36 
232 80 
59 218 
247 25 
52 151 
160 238 
120 239 
158 179 
143 141 
152 194 
90 29 
183 132 
251 54 
83 115 
128 130 
217 141 
209 107 
17 204 
97 39 
174 253 
133 247 
30 207 
142 146 
50 167 
165 24 
83 44 
255 3 
215 15 
233 220 
69 102 
139 40 
220 240 
124 242 
105 19 
8 203 
69 106 
181 32 
147 33 
141 71 
192 255 
1 194 
115 46 
187 255 
23 173 
146 172 
38 87 
61 121 
180 78 
15 180 
124 150 
249 67 
10 173 
176 175 
217 186 
68 42 
70 80 
71 41 
117 143 
177 91 
216 10 
255 8 
127 238 
131 161 
40 206 
191 255 
225 145 
182 108 
177 75 
121 191 
110 17 
173 19 
118 23 
239 79 
3 189 
138 147 
150 255 
157 178 
47 206 
150 148 
38 86 
182 49 
7 188 
99 39 
255 3 
217 142 
10 198 
143 18 
196 62 
42 225 
158 251 
214 152 
178 115 
161 252 
155 255 
145 167 
137 253 
167 96 
165 56 
218 85 
44 212 
149 74 
164 120 
245 101 
94 231 
126 173 
75 160 
112 236 
87 123 
156 97 
34 115 
128 51 
118 35 
254 4 
255 2 
86 29 
146 250 
144 167 
91 233 
231 133 
127 246 
156 255 
22 200 
197 251 
33 213 
68 159 
60 197 
146 107 
64 148 
104 204 
113 181 
167 109 
19 230 
109 50 
100 117 
234 124 
134 23 
215 177 
223 152 
15 190 
145 72 
221 119 
40 122 
148 137 
140 249 
249 45 
162 178 
162 32 
240 21 
204 255 
73 224 
29 107 
195 185 
222 232 
67 93 
150 189 
131 47 
230 101 
223 82 
94 56 
8 145 
252 45 
124 117 
98 55 
255 5 
224 184 
181 176 
9 140 
234 99 
33 221 
31 136 
172 147 
217 120 
190 68 
6 212 
255 0 
50 125 
234 127 
91 205 
88 34 
145 239 
219 251 
10 223 
157 255 
113 30 
77 139 
219 137 
216 255 
27 113 
249 71 
67 62 
98 203 
225 255 
232 173 
242 102 
240 170 
218 78 
116 168 
20 140 
221 89 
138 13 
224 28 
213 166 
61 52 
227 213 
42 221 
153 24 
23 197 
17 186 
205 37 
140 243 
214 69 
38 165 
125 65 
3 194 
120 86 
196 217 
227 82 
159 255 
173 107 
8 207 
245 67 
152 26 
121 245 
199 177 
250 35 
34 228 
64 111 
15 160 
25 164 
2 170 
206 109 
34 187 
56 127 
223 28 
173 255 
62 50 
84 89 
38 192 
115 58 
21 119 
42 116 
75 115 
255 20 
88 29 
195 232 
180 251 
127 22 
46 105 
13 138 
103 62 
66 207 
87 116 
244 184 
132 48 
41 198 
239 8 
150 97 
13 157 
236 142 
57 180 
228 139 
64 105 
202 148 
79 36 
103 142 
2 169 
255 8 
67 75 
156 248 
93 25 
79 58 
50 80 
208 11 
23 230 
51 159 
163 35 
194 255 
30 134 
255 1 
250 23 
209 85 
99 53 
188 222 
243 7 
60 76 
213 85 
182 64 
176 254 
152 207 
218 150 
25 186 
252 17 
18 122 
85 30 
125 15 
30 105 
84 31 
222 190 
37 144 
114 241 
227 166 
255 0 
225 128 
93 25 
9 150 
198 255 
231 255 
116 236 
31 157 
209 92 
219 153 
28 177 
223 230 
161 218 
33 208 
70 41 
149 166 
28 192 
17 206 
78 52 
179 127 
187 220 
52 223 
176 242 
88 94 
245 81 
255 0 
55 166 
164 61 
194 87 
210 173 
24 176 
221 148 
41 83 
18 159 
92 232 
90 29 
178 185 
140 37 
116 49 
154 26 
22 159 
109 36 
80 98 
5 190 
97 30 
147 146 
13 200 
126 132 
236 82 
104 234 
222 154 
31 165 
37 218 
97 43 
80 192 
53 66 
177 219 
183 247 
248 97 
254 11 
10 218 
142 245 
63 140 
166 135 
26 190 
228 117 
120 245 
91 188 
54 130 
103 112 
37 148 
213 255 
211 97 
102 40 
84 183 
151 170 
50 152 
230 255 
152 122 
19 150 
196 116 
154 177 
136 243 
83 217 
123 247 
207 126 
37 179 
243 186 
162 255 
158 42 
51 150 
133 95 
104 54 
233 9 
66 46 
25 145 
160 182 
119 242 
145 147 
216 10 
187 255 
211 150 
243 109 
192 119 
255 0 
66 45 
84 31 
184 86 
126 22 
255 17 
206 156 
147 181 
214 29 
106 98 
178 98 
234 151 
100 21 
90 27 
17 161 
191 228 
30 154 
164 194 
138 13 
207 128 
83 215 
140 20 
143 207 
47 115 
96 93 
80 162 
121 244 
102 82 
34 106 
255 1 
85 212 
165 113 
136 44 
255 2 
141 48 
215 135 
39 140 
60 157 
165 236 
163 54 
44 197 
226 176 
220 130 
37 94 
254 4 
247 66 
47 176 
83 53 
119 122 
148 170 
106 70 
39 231 
86 107 
66 172 
206 82 
237 77 
185 249 
126 46 
128 143 
222 252 
91 75 
31 140 
162 53 
177 20 
36 100 
40 142 
108 228 
93 109 
250 50 
89 57 
247 6 
80 33 
22 214 
184 66 
55 211 
116 39 
6 211 
92 26 
242 102 
12 218 
82 33 
96 229 
91 221 
27 112 
184 255 
170 215 
48 162 
200 252 
231 30 
48 205 
238 108 
135 38 
185 33 
121 47 
204 153 
204 253 
92 49 
30 151 
116 71 
215 252 
26 191 
21 189 
226 87 
32 215 
2 202 
93 57 
164 141 
104 58 
64 178 
58 112 
180 168 
183 182 
208 97 
90 84 
72 84 
177 255 
211 10 
226 80 
215 159 
224 153 
19 214 
202 132 
248 42 
241 117 
245 67 
64 65 
80 118 
51 174 
252 43 
78 69 
76 36 
123 68 
171 175 
158 173 
53 153 
129 61 
72 78 
255 2 
251 20 
9 145 
113 112 
70 224 
255 2 
207 76 
249 73 
77 39 
174 251 
116 240 
73 113 
244 103 
229 249 
133 107 
41 139 
77 37 
183 225 
18 228 
248 6 
180 232 
171 59 
39 172 
243 113 
121 91 
180 43 
168 71 
216 15 
74 78 
130 18 
224 244 
167 239 
187 124 
4 186 
93 63 
9 185 
178 42 
94 61 
48 67 
241 172 
54 198 
95 52 
6 199 
159 126 
220 243 
101 56 
58 133 
30 180 
38 185 
199 111 
175 219 
111 48 
180 102 
136 59 
193 84 
103 108 
246 142 
232 96 
100 25 
222 83 
90 213 
168 243 
252 52 
153 159 
165 243 
236 136 
68 78 
137 149 
125 76 
223 23 
255 7 
56 123 
27 173 
153 220 
90 57 
70 42 
255 20 
107 226 
220 78 
255 11 
173 113 
197 151 
133 51 
88 146 
250 45 
102 90 
20 184 
219 248 
14 204 
106 145 
245 181 
41 110 
21 233 
142 121 
8 215 
90 226 
183 230 
127 134 
32 112 
150 254 
234 93 
199 255 
6 193 
181 183 
63 50 
17 157 
5 156 
166 235 
92 32 
4 160 
22 174 
59 55 
154 246 
116 130 
169 253 
48 70 
18 204 
162 175 
225 97 
255 11 
226 71 
185 45 
81 32 
105 25 
84 128 
71 149 
226 129 
118 62 
8 165 
1 173 
241 193 
143 63 
23 183 
255 9 
79 69 
2 183 
37 116 
80 33 
226 23 
88 61 
202 231 
225 143 
60 110 
242 74 
100 207 
136 214 
110 17 
0 185 
65 125 
8 178 
250 52 
89 74 
164 184 
216 112 
177 79 
61 219 
39 176 
205 25 
208 14 
62 51 
20 191 
181 46 
64 55 
255 2 
22 163 
191 183 
191 79 
39 160 
105 63 
101 107 
172 124 
194 229 
33 143 
78 134 
30 144 
232 228 
106 223 
195 46 
89 61 
10 189 
212 244 
85 63 
102 21 
55 62 
61 218 
91 50 
224 111 
21 183 
41 130 
124 49 
252 16 
67 209 
137 252 
255 1 
242 131 
35 150 
102 87 
73 66 
33 203 
155 154 
140 45 
92 26 
199 86 
28 210 
95 31 
169 216 
139 244 
168 199 
43 202 
112 221 
44 202 
152 230 
61 68 
212 10 
44 148 
48 159 
131 72 
18 156 
255 0 
82 61 
120 16 
151 98 
105 19 
85 174 
226 212 
48 176 
136 125 
134 162 
70 119 
48 148 
120 23 
176 252 
51 115 
189 184 
3 193 
134 98 
155 76 
248 178 
156 14 
94 24 
229 9 
255 4 
108 101 
255 7 
86 103 
93 43 
35 107 
182 222 
250 48 
120 32 
255 16 
235 137 
215 255 
66 45 
139 171 
229 185 
0 193 
237 101 
160 94 
85 110 
26 199 
33 100 
134 147 
131 28 
33 128 
182 255 
5 192 
99 45 
237 71 
102 25 
40 83 
2 167 
189 179 
160 64 
254 20 
75 65 
3 195 
215 255 
172 179 
154 33 
168 237 
10 206 
245 89 
247 33 
88 52 
74 72 
219 188 
102 27 
229 176 
114 39 
165 255 
104 67 
52 119 
244 115 
185 114 
213 168 
122 57 
204 30 
212 32 
153 21 
145 16 
219 31 
125 228 
255 23 
228 163 
10 190 
104 83 
4 203 
24 133 
133 164 
133 165 
133 109 
163 114 
121 244 
103 237 
207 255 
58 57 
46 166 
37 124 
120 56 
53 110 
254 14 
166 169 
17 195 
255 6 
74 37 
54 146 
23 194 
251 38 
189 226 
117 241 
113 68 
181 83 
126 108 
17 160 
238 112 
118 49 
229 54 
129 237 
198 103 
62 124 
78 210 
186 90 
118 70 
164 51 
95 26 
255 0 
240 67 
63 134 
64 92 
71 123 
201 105 
67 138 
192 33 
25 211 
171 110 
120 246 
0 181 
27 128 
246 95 
96 50 
205 138 
222 32 
163 247 
229 74 
143 39 
238 121 
47 136 
82 67 
130 163 
110 233 
129 16 
248 69 
132 67 
249 52 
49 211 
110 115 
255 6 
181 178 
142 28 
103 92 
139 243 
24 114 
246 65 
49 174 
130 139 
155 49 
228 86 
19 131 
130 202 
4 198 
179 255 
10 218 
255 8 
46 148 
178 255 
51 144 
239 124 
138 69 
20 211 
131 177 
34 154 
174 231 
36 103 
51 87 
121 232 
132 14 
155 38 
175 182 
109 18 
190 153 
46 164 
159 149 
71 82 
253 4 
9 163 
12 208 
172 127 
203 252 
82 155 
209 128 
119 124 
220 115 
227 9 
115 114 
103 60 
146 167 
0 178 
84 80 
185 40 
230 9 
5 158 
34 147 
142 141 
45 157 
40 129 
255 2 
246 77 
51 79 
222 107 
44 167 
81 202 
109 234 
161 17 
150 48 
255 6 
20 188 
19 201 
185 22 
40 204 
200 18 
141 65 
255 0 
207 255 
98 41 
49 212 
68 128 
161 255 
23 232 
245 194 
194 144 
98 73 
9 221 
203 109 
35 141 
187 225 
18 219 
171 25 
128 153 
11 216 
36 90 
96 64 
88 208 
133 52 
199 111 
83 91 
176 83 
221 173 
88 28 
54 196 
90 27 
169 250 
192 111 
22 229 
170 16 
95 89 
199 97 
234 182 
101 39 
0 180 
252 41 
94 76 
99 130 
221 150 
199 241 
210 134 
34 123 
225 100 
129 53 
75 120 
130 137 
208 122 
201 131 
153 245 
94 29 
235 8 
49 106 
23 208 
211 13 
251 37 
44 227 
156 108 
212 38 
124 121 
246 91 
82 110 
27 146 
96 56 
185 255 
33 180 
155 129 
59 96 
154 205 
57 126 
37 164 
228 11 
11 193 
63 209 
200 130 
9 158 
72 221 
106 76 
108 89 
23 137 
9 203 
131 15 
159 225 
101 93 
89 28 
53 99 
198 253 
148 40 
18 208 
135 47 
211 241 
230 165 
235 178 
64 56 
26 233 
155 147 
49 149 
38 121 
94 200 
170 23 
140 59 
41 166 
17 180 
132 245 
49 117 
222 78 
52 206 
79 146 
194 77 
5 171 
212 121 
55 92 
193 27 
213 36 
221 179 
201 15 
169 207 
34 194 
255 16 
162 73 
163 24 
221 137 
185 31 
13 155 
89 170 
183 90 
146 160 
230 83 
85 60 
62 179 
100 29 
255 2 
174 226 
96 24 
42 148 
233 80 
183 233 
93 104 
158 203 
150 226 
148 24 
121 18 
218 101 
81 97 
168 221 
51 106 
103 103 
101 41 
255 2 
22 219 
133 248 
97 147 
70 215 
225 238 
197 77 
85 113 
128 224 
244 143 
81 106 
255 1 
200 154 
130 47 
115 23 
5 177 
30 116 
96 235 
251 12 
7 207 
141 103 
112 70 
152 249 
58 96 
147 145 
187 234 
97 66 
237 95 
238 182 
218 85 
253 13 
187 16 
203 128 
29 148 
46 197 
130 234 
4 199 
147 255 
206 73 
173 218 
34 222 
133 101 
154 69 
140 154 
255 4 
32 106 
133 251 
79 117 
243 89 
81 32 
78 34 
144 30 
1 175 
194 202 
157 230 
239 143 
56 81 
108 51 
3 177 
149 41 
99 87 
175 73 
140 171 
192 232 
255 18 
58 149 
24 199 
19 192 
191 70 
222 213 
110 239 
128 59 
88 205 
51 116 
216 167 
134 30 
193 227 
134 20 
107 43 
45 206 
173 248 
52 63 
214 79 
208 255 
240 210 
210 162 
63 60 
254 14 
1 185 
143 139 
177 111 
116 230 
251 35 
140 202 
117 56 
0 190 
198 23 
84 219 
167 179 
13 202 
174 126 
230 112 
112 62 
129 159 
206 148 
149 58 
42 197 
181 84 
200 234 
206 248 
152 150 
111 17 
74 38 
216 117 
227 209 
16 192 
9 168 
200 121 
13 147 
173 181 
3 205 
82 142 
192 242 
89 55 
255 3 
201 112 
152 166 
71 154 
253 83 
243 114 
72 71 
223 71 
177 122 
120 117 
11 189 
16 126 
165 144 
238 8 
97 110 
186 121 
122 125 
238 89 
104 64 
69 96 
149 145 
193 248 
110 236 
142 170 
93 59 
131 99 
160 46 
162 234 
137 248 
76 154 
42 213 
234 171 
128 237 
121 237 
231 204 
45 100 
231 219 
117 43 
87 66 
99 110 
52 136 
219 80 
51 215 
158 13 
154 229 
130 44 
142 33 
255 3 
234 142 
185 19 
46 161 
107 18 
75 107 
255 3 
39 196 
182 71 
160 13 
241 119 
111 239 
200 255 
28 175 
130 56 
26 121 
41 130 
254 4 
27 167 
17 145 
205 133 
152 168 
217 155 
255 0 
170 87 
169 123 
106 126 
86 219 
176 137 
255 1 
40 218 
239 195 
4 209 
10 155 
67 114 
182 16 
126 130 
226 9 
73 151 
216 79 
121 208 
170 82 
204 205 
114 68 
106 116 
237 214 
66 161 
164 144 
173 31 
218 165 
87 216 
148 226 
25 124 
208 136 
255 9 
171 39 
98 49 
131 152 
110 57 
43 123 
43 116 
238 8 
82 192 
168 177 
24 198 
169 95 
37 112 
15 229 
164 112 
197 247 
107 67 
177 38 
146 225 
157 21 
255 3 
219 255 
213 10 
108 73 
73 141 
12 211 
22 227 
52 71 
185 255 
115 141 
243 102 
198 255 
0 187 
214 165 
176 122 
255 7 
53 108 
58 129 
152 250 
85 194 
107 232 
171 77 
210 36 
143 36 
230 204 
100 189 
163 83 
24 177 
44 139 
206 245 
146 42 
168 115 
60 99 
86 110 
151 227 
169 118 
141 13 
198 226 
136 197 
28 183 
3 196 
200 11 
235 76 
176 234 
244 105 
161 18 
254 17 
18 231 
210 125 
255 1 
213 158 
207 11 
78 184 
39 194 
234 202 
255 2 
32 175 
127 15 
133 158 
147 31 
105 48 
128 96 
120 63 
111 210 
22 178 
132 217 
4 188 
53 209 
107 94 
254 23 
28 217 
206 41 
77 73 
242 98 
28 132 
48 104 
85 31 
68 81 
82 86 
245 195 
166 59 
141 125 
86 230 
171 232 
148 158 
134 60 
18 153 
31 104 
84 50 
75 201 
75 140 
98 23 
229 218 
248 51 
20 216 
22 150 
181 255 
212 227 
16 125 
19 225 
111 24 
0 187 
182 219 
180 142 
160 132 
254 4 
63 201 
148 228 
109 115 
197 70 
246 183 
98 99 
255 5 
11 205 
172 100 
255 10 
32 208 
86 232 
108 98 
183 134 
52 170 
56 170 
210 141 
207 75 
78 123 
96 42 
60 146 
221 92 
199 127 
12 215 
17 205 
226 9 
255 22 
90 48 
166 104 
196 254 
163 234 
142 46 
124 15 
121 17 
45 170 
40 210 
192 58 
109 52 
16 207 
123 60 
153 53 
131 98 
190 106 
202 30 
26 153 
58 86 
179 90 
16 167 
14 216 
218 91 
211 211 
53 96 
52 112 
82 143 
183 95 
64 166 
65 121 
1 193 
59 58 
142 118 
60 53 
100 71 
250 32 
207 103 
99 201 
149 255 
23 168 
180 35 
241 178 
173 254 
255 1 
166 181 
101 21 
196 49 
220 89 
134 155 
189 49 
104 39 
124 52 
250 60 
174 212 
221 162 
183 255 
190 117 
129 14 
239 193 
67 118 
125 238 
169 20 
187 97 
247 6 
72 89 
107 44 
170 143 
99 222 
144 240 
238 128 
255 6 
16 230 
19 181 
246 67 
113 22 
158 12 
1 185 
16 147 
135 65 
136 241 
40 155 
64 154 
212 159 
162 255 
4 207 
128 22 
193 255 
69 123 
100 236 
253 4 
248 87 
117 45 
15 209 
161 182 
8 179 
106 227 
38 93 
19 126 
147 255 
253 28 
251 49 
255 8 
74 116 
255 6 
64 127 
160 122 
92 163 
233 85 
20 221 
148 249 
66 217 
255 3 
165 54 
14 220 
108 59 
72 39 
188 122 
114 26 
109 235 
21 166 
189 102 
2 190 
42 189 
52 75 
252 47 
233 188 
78 71 
14 204 
172 241 
87 30 
184 50 
255 18 
255 4 
244 87 
74 38 
176 238 
63 89 
109 69 
29 209 
157 131 
223 121 
83 198 
59 211 
182 24 
106 234 
252 203 
219 149 
194 30 
255 0 
216 10 
211 33 
100 233 
37 157 
43 155 
224 9 
76 162 
174 126 
84 71 
36 215 
74 128 
123 224 
1 199 
9 189 
221 165 
74 145 
228 161 
17 193 
140 251 
69 136 
232 118 
13 144 
255 5 
79 114 
150 236 
208 185 
0 186 
178 244 
141 187 
46 186 
175 24 
226 215 
31 198 
229 10 
170 219 
197 255 
45 132 
200 72 
194 11 
46 184 
39 105 
15 212 
45 169 
85 224 
118 241 
95 98 
26 171 
7 207 
233 8 
189 84 
58 203 
32 104 
69 124 
9 155 
182 78 
112 239 
112 173 
144 252 
214 189 
167 214 
65 104 
192 255 
62 136 
209 186 
107 18 
57 104 
255 1 
73 74 
54 142 
249 69 
77 57 
14 163 
1 175 
156 234 
168 22 
3 163 
130 14 
135 26 
29 116 
187 62 
45 180 
28 143 
75 101 
1 173 
95 47 
124 145 
136 144 
141 165 
35 185 
192 124 
87 146 
22 150 
194 234 
198 89 
25 192 
208 61 
194 231 
241 8 
91 27 
232 118 
48 74 
11 174 
228 90 
58 64 
186 243 
111 17 
23 136 
149 217 
91 26 
39 203 
50 163 
136 36 
177 255 
87 152 
60 88 
160 136 
68 154 
212 253 
245 89 
166 235 
16 138 
15 168 
128 146 
95 45 
172 255 
246 126 
249 45 
133 54 
92 137 
140 113 
178 129 
165 109 
87 55 
94 230 
227 9 
122 117 
162 225 
51 69 
0 188 
79 170 
32 110 
68 117 
61 127 
248 19 
144 153 
175 183 
116 124 
251 45 
171 226 
28 197 
5 210 
100 77 
253 9 
225 79 
193 60 
94 191 
112 99 
206 91 
92 44 
37 226 
34 213 
60 172 
165 133 
25 157 
203 255 
46 169 
84 32 
123 90 
117 237 
93 79 
230 129 
125 58 
201 125 
124 58 
183 240 
182 115 
201 255 
100 60 
209 154 
227 89 
191 244 
80 133 
202 24 
255 3 
177 12 
122 101 
25 162 
187 235 
128 149 
195 36 
32 172 
251 53 
255 2 
58 63 
70 60 
234 132 
12 164 
220 140 
227 247 
48 156 
13 185 
190 131 
209 124 
42 190 
52 197 
145 252 
168 255 
99 44 
153 255 
41 214 
137 236 
15 220 
160 238 
137 249 
54 160 
218 246 
153 45 
19 145 
243 85 
121 246 
186 221 
152 184 
162 138 
237 82 
8 181 
255 1 
255 10 
164 151 
187 165 
115 64 
172 111 
20 167 
174 123 
95 42 
36 139 
228 10 
105 47 
249 21 
131 51 
184 253 
197 66 
255 7 
150 104 
207 143 
255 0 
219 170 
109 40 
63 160 
107 56 
181 110 
45 111 
5 188 
215 89 
23 144 
182 250 
142 179 
193 22 
105 96 
71 190 
255 1 
146 134 
117 70 
127 44 
65 145 
189 255 
126 244 
2 182 
149 155 
220 87 
199 247 
240 71 
164 38 
104 19 
27 196 
135 14 
198 101 
55 104 
163 221 
62 95 
135 62 
66 88 
24 120 
255 17 
141 170 
174 249 
122 39 
44 134 
12 224 
241 73 
45 107 
197 29 
134 33 
47 119 
237 8 
224 172 
145 169 
206 254 
184 250 
68 112 
28 152 
228 162 
223 122 
94 24 
217 155 
242 120 
103 98 
168 20 
132 249 
58 92 
54 182 
249 72 
146 195 
126 225 
235 126 
52 70 
153 12 
93 25 
248 21 
35 199 
83 125 
131 172 
164 174 
136 170 
254 5 
166 250 
170 255 
145 172 
108 41 
142 197 
207 251 
121 232 
53 207 
205 11 
14 136 
198 254 
208 115 
21 155 
138 142 
219 250 
149 209 
237 222 
239 80 
255 2 
156 25 
77 61 
13 136 
214 151 
153 234 
120 27 
221 84 
194 155 
72 212 
115 40 
13 188 
200 255 
227 11 
79 34 
21 175 
80 70 
46 199 
83 67 
255 2 
93 53 
8 208 
30 198 
212 99 
216 158 
198 229 
24 203 
155 131 
67 134 
192 210 
90 231 
156 66 
71 95 
169 22 
164 231 
203 15 
99 40 
101 41 
180 88 
149 91 
186 41 
253 10 
15 228 
39 125 
237 85 
86 67 
227 82 
228 252 
21 145 
242 86 
30 201 
206 138 
105 20 
104 50 
10 187 
216 191 
103 80 
29 213 
201 255 
71 156 
100 81 
19 186 
49 114 
99 25 
35 126 
36 176 
191 226 
73 124 
14 167 
10 196 
127 55 
86 60 
235 151 
72 77 
132 241 
141 238 
99 46 
154 202 
54 150 
212 127 
148 130 
5 166 
83 189 
211 200 
13 197 
101 98 
47 203 
83 147 
196 77 
153 16 
60 94 
100 40 
178 242 
236 89 
177 33 
15 215 
201 19 
201 147 
226 247 
196 228 
90 30 
215 109 
217 253 
130 58 
129 165 
180 243 
196 235 
21 190 
43 199 
185 58 
197 66 
44 164 
132 27 
50 157 
165 183 
43 75 
152 22 
108 75 
194 80 
192 236 
186 119 
40 179 
255 5 
11 183 
72 40 
154 60 
139 245 
55 104 
48 137 
82 213 
236 220 
171 49 
157 246 
119 239 
68 130 
16 209 
145 60 
202 187 
76 141 
235 103 
53 106 
212 107 
122 84 
53 91 
127 243 
61 51 
188 172 
113 118 
251 42 
85 91 
120 33 
26 195 
226 178 
224 10 
88 134 
236 191 
218 81 
24 137 
157 114 
122 140 
51 149 
234 89 
56 136 
202 255 
250 59 
72 46 
185 224 
139 36 
157 104 
111 237 
248 186 
179 255 
82 60 
167 34 
248 152 
188 238 
21 158 
243 18 
171 254 
162 240 
57 165 
0 182 
66 44 
53 94 
232 162 
119 16 
45 116 
239 110 
205 75 
220 255 
116 18 
74 162 
140 113 
242 189 
23 112 
53 65 
195 113 
137 102 
166 19 
62 84 
7 176 
156 73 
47 152 
163 15 
151 101 
110 201 
104 41 
3 172 
92 88 
78 56 
122 235 
185 99 
251 13 
218 156 
24 183 
78 226 
75 42 
122 47 
255 5 
214 129 
114 138 
233 171 
199 16 
104 35 
237 80 
56 134 
9 207 
232 227 
216 255 
244 7 
141 95 
123 231 
158 36 
43 144 
255 10 
84 123 
159 192 
235 72 
104 22 
35 103 
161 113 
84 118 
189 230 
88 28 
229 179 
168 214 
47 224 
136 147 
151 144 
62 69 
229 97 
169 254 
238 184 
41 192 
70 40 
108 239 
73 71 
75 37 
87 193 
29 170 
13 139 
221 131 
208 90 
186 105 
55 69 
64 180 
114 17 
109 93 
186 223 
29 161 
171 243 
118 57 
93 64 
90 28 
71 87 
236 182 
67 73 
255 7 
70 218 
82 88 
250 38 
132 250 
92 213 
59 206 
4 164 
80 38 
74 69 
47 142 
41 194 
199 105 
69 141 
231 138 
82 35 
103 195 
146 134 
158 79 
147 157 
209 162 
217 103 
147 179 
203 17 
204 151 
161 255 
194 183 
195 79 
81 220 
188 255 
202 136 
190 240 
60 135 
118 144 
115 236 
13 152 
73 152 
46 109 
87 74 
196 28 
7 165 
7 199 
123 236 
233 174 
157 255 
230 81 
222 146 
146 141 
97 57 
170 250 
114 48 
158 112 
144 248 
165 148 
125 229 
59 105 
159 255 
253 29 
255 4 
69 47 
163 56 
