2 256
0 0.0125952
0.0125952 0.0190747
0.0190747 0.0225699
0.0225699 0.0274226
0.0274226 0.030611
0.030611 0.0337896
0.0337896 0.0369433
0.0369433 0.0409814
0.0409814 0.0446933
0.0446933 0.0474672
0.0474672 0.0490228
0.0490228 0.0508799
0.0508799 0.0525376
0.0525376 0.05449
0.05449 0.056549
0.056549 0.0589523
0.0589523 0.0608534
0.0608534 0.0629766
0.0629766 0.0652379
0.0652379 0.0669061
0.0669061 0.0687419
0.0687419 0.0703725
0.0703725 0.0722905
0.0722905 0.0742389
0.0742389 0.0762109
0.0762109 0.0780199
0.0780199 0.0803468
0.0803468 0.0818584
0.0818584 0.0840147
0.0840147 0.0861448
0.0861448 0.0884724
0.0884724 0.0910137
0.0910137 0.0928953
0.0928953 0.0945919
0.0945919 0.0973035
0.0973035 0.0996315
0.0996315 0.102324
0.102324 0.104681
0.104681 0.106876
0.106876 0.109098
0.109098 0.111154
0.111154 0.113076
0.113076 0.115575
0.115575 0.116891
0.116891 0.118558
0.118558 0.120652
0.120652 0.123447
0.123447 0.125944
0.125944 0.128173
0.128173 0.129966
0.129966 0.132138
0.132138 0.134407
0.134407 0.136607
0.136607 0.138411
0.138411 0.140529
0.140529 0.141992
0.141992 0.14427
0.14427 0.146359
0.146359 0.148341
0.148341 0.150152
0.150152 0.152095
0.152095 0.154485
0.154485 0.156477
0.156477 0.1581
0.1581 0.160628
0.160628 0.162445
0.162445 0.164094
0.164094 0.16613
0.16613 0.167472
0.167472 0.16916
0.16916 0.170461
0.170461 0.171962
0.171962 0.17316
0.17316 0.17474
0.17474 0.175645
0.175645 0.176783
0.176783 0.178037
0.178037 0.179645
0.179645 0.181181
0.181181 0.182553
0.182553 0.184058
0.184058 0.185321
0.185321 0.186865
0.186865 0.188067
0.188067 0.189835
0.189835 0.19116
0.19116 0.192832
0.192832 0.194522
0.194522 0.196071
0.196071 0.198087
0.198087 0.200064
0.200064 0.201529
0.201529 0.203839
0.203839 0.205275
0.205275 0.206739
0.206739 0.20769
0.20769 0.208959
0.208959 0.21105
0.21105 0.213039
0.213039 0.214622
0.214622 0.216288
0.216288 0.218298
0.218298 0.220111
0.220111 0.221522
0.221522 0.223444
0.223444 0.225576
0.225576 0.228097
0.228097 0.230266
0.230266 0.231904
0.231904 0.234089
0.234089 0.235594
0.235594 0.237687
0.237687 0.239273
0.239273 0.240624
0.240624 0.242384
0.242384 0.244319
0.244319 0.246471
0.246471 0.248112
0.248112 0.250162
0.250162 0.252271
0.252271 0.253985
0.253985 0.256171
0.256171 0.257782
0.257782 0.259789
0.259789 0.261536
0.261536 0.263237
0.263237 0.264453
0.264453 0.266669
0.266669 0.268077
0.268077 0.26961
0.26961 0.271091
0.271091 0.272291
0.272291 0.273799
0.273799 0.275101
0.275101 0.276851
0.276851 0.278369
0.278369 0.279789
0.279789 0.281353
0.281353 0.282528
0.282528 0.284077
0.284077 0.285819
0.285819 0.287083
0.287083 0.288009
0.288009 0.28956
0.28956 0.29047
0.29047 0.292521
0.292521 0.293651
0.293651 0.295031
0.295031 0.296291
0.296291 0.297988
0.297988 0.298932
0.298932 0.300156
0.300156 0.300808
0.300808 0.301926
0.301926 0.303287
0.303287 0.304571
0.304571 0.305459
0.305459 0.306583
0.306583 0.307807
0.307807 0.308805
0.308805 0.309893
0.309893 0.311057
0.311057 0.312283
0.312283 0.313639
0.313639 0.314946
0.314946 0.315723
0.315723 0.316833
0.316833 0.318058
0.318058 0.318962
0.318962 0.319732
0.319732 0.320883
0.320883 0.322328
0.322328 0.32338
0.32338 0.324481
0.324481 0.325934
0.325934 0.326884
0.326884 0.327624
0.327624 0.328625
0.328625 0.329525
0.329525 0.330377
0.330377 0.33142
0.33142 0.33247
0.33247 0.333417
0.333417 0.334358
0.334358 0.335154
0.335154 0.336276
0.336276 0.337197
0.337197 0.337903
0.337903 0.33882
0.33882 0.339525
0.339525 0.340552
0.340552 0.341781
0.341781 0.342389
0.342389 0.343366
0.343366 0.34443
0.34443 0.345552
0.345552 0.346561
0.346561 0.347587
0.347587 0.348352
0.348352 0.349334
0.349334 0.350621
0.350621 0.351383
0.351383 0.352058
0.352058 0.353166
0.353166 0.354275
0.354275 0.355342
0.355342 0.356338
0.356338 0.358226
0.358226 0.359069
0.359069 0.360171
0.360171 0.361184
0.361184 0.361994
0.361994 0.3627
0.3627 0.363418
0.363418 0.364646
0.364646 0.3655
0.3655 0.366332
0.366332 0.367364
0.367364 0.368312
0.368312 0.369652
0.369652 0.371097
0.371097 0.372219
0.372219 0.373404
0.373404 0.374674
0.374674 0.375697
0.375697 0.377415
0.377415 0.378866
0.378866 0.380245
0.380245 0.38133
0.38133 0.382528
0.382528 0.38404
0.38404 0.386048
0.386048 0.388435
0.388435 0.390134
0.390134 0.391508
0.391508 0.393109
0.393109 0.395187
0.395187 0.397535
0.397535 0.399926
0.399926 0.401794
0.401794 0.405633
0.405633 0.407954
0.407954 0.411132
0.411132 0.416897
0.416897 0.421526
0.421526 0.430263
0.430263 0.437329
0.437329 0.44584
0.44584 0.452286
0.452286 0.464949
0.464949 0.471229
0.471229 0.478246
0.478246 0.484928
0.484928 0.511521
0.511521 0.528737
0.528737 1.79769e+308
0 0.134582
0.134582 0.204244
0.204244 0.25706
0.25706 0.285252
0.285252 0.315976
0.315976 0.355998
0.355998 0.388806
0.388806 0.409051
0.409051 0.426327
0.426327 0.442972
0.442972 0.453828
0.453828 0.48264
0.48264 0.522512
0.522512 0.535364
0.535364 0.548563
0.548563 0.558243
0.558243 0.565894
0.565894 0.574973
0.574973 0.581855
0.581855 0.587475
0.587475 0.59076
0.59076 0.594919
0.594919 0.598295
0.598295 0.60092
0.60092 0.603232
0.603232 0.60578
0.60578 0.608309
0.608309 0.6111
0.6111 0.613577
0.613577 0.616858
0.616858 0.619551
0.619551 0.621979
0.621979 0.62453
0.62453 0.627267
0.627267 0.628993
0.628993 0.631127
0.631127 0.632419
0.632419 0.633894
0.633894 0.635759
0.635759 0.637705
0.637705 0.640026
0.640026 0.641478
0.641478 0.643251
0.643251 0.64474
0.64474 0.646358
0.646358 0.648404
0.648404 0.649729
0.649729 0.651039
0.651039 0.652594
0.652594 0.653673
0.653673 0.655291
0.655291 0.656316
0.656316 0.65802
0.65802 0.65991
0.65991 0.661005
0.661005 0.662772
0.662772 0.664289
0.664289 0.66589
0.66589 0.667699
0.667699 0.67016
0.67016 0.671521
0.671521 0.673398
0.673398 0.675259
0.675259 0.676726
0.676726 0.678223
0.678223 0.679814
0.679814 0.681193
0.681193 0.683033
0.683033 0.684311
0.684311 0.685609
0.685609 0.686982
0.686982 0.688632
0.688632 0.689531
0.689531 0.690836
0.690836 0.691949
0.691949 0.69294
0.69294 0.694198
0.694198 0.695625
0.695625 0.696722
0.696722 0.697754
0.697754 0.698845
0.698845 0.699874
0.699874 0.70074
0.70074 0.701705
0.701705 0.702899
0.702899 0.703616
0.703616 0.704601
0.704601 0.705712
0.705712 0.706842
0.706842 0.707843
0.707843 0.708626
0.708626 0.70947
0.70947 0.710873
0.710873 0.71223
0.71223 0.71324
0.71324 0.714503
0.714503 0.715723
0.715723 0.717043
0.717043 0.718424
0.718424 0.719886
0.719886 0.721176
0.721176 0.72245
0.72245 0.723524
0.723524 0.724798
0.724798 0.726193
0.726193 0.727882
0.727882 0.73018
0.73018 0.731503
0.731503 0.733081
0.733081 0.734137
0.734137 0.735156
0.735156 0.736361
0.736361 0.737583
0.737583 0.738198
0.738198 0.738999
0.738999 0.740051
0.740051 0.740964
0.740964 0.742135
0.742135 0.743039
0.743039 0.744063
0.744063 0.745312
0.745312 0.74613
0.74613 0.7468
0.7468 0.748106
0.748106 0.749101
0.749101 0.750096
0.750096 0.75107
0.75107 0.752126
0.752126 0.753421
0.753421 0.754197
0.754197 0.755863
0.755863 0.756374
0.756374 0.75739
0.75739 0.758438
0.758438 0.759712
0.759712 0.760396
0.760396 0.76107
0.76107 0.762101
0.762101 0.762998
0.762998 0.763943
0.763943 0.76506
0.76506 0.7656
0.7656 0.766409
0.766409 0.767238
0.767238 0.767905
0.767905 0.768728
0.768728 0.769323
0.769323 0.769949
0.769949 0.770589
0.770589 0.77135
0.77135 0.772894
0.772894 0.773658
0.773658 0.774762
0.774762 0.775687
0.775687 0.776364
0.776364 0.777591
0.777591 0.778287
0.778287 0.779027
0.779027 0.779997
0.779997 0.780949
0.780949 0.78189
0.78189 0.78271
0.78271 0.783691
0.783691 0.784576
0.784576 0.785841
0.785841 0.78677
0.78677 0.787673
0.787673 0.788881
0.788881 0.789633
0.789633 0.790573
0.790573 0.791617
0.791617 0.792907
0.792907 0.793509
0.793509 0.794507
0.794507 0.795558
0.795558 0.7965
0.7965 0.79735
0.79735 0.798475
0.798475 0.799501
0.799501 0.800605
0.800605 0.801562
0.801562 0.802688
0.802688 0.803656
0.803656 0.80512
0.80512 0.806266
0.806266 0.807135
0.807135 0.808298
0.808298 0.80955
0.80955 0.810818
0.810818 0.81196
0.81196 0.813417
0.813417 0.815739
0.815739 0.816986
0.816986 0.818383
0.818383 0.819218
0.819218 0.820137
0.820137 0.821979
0.821979 0.823354
0.823354 0.824196
0.824196 0.825858
0.825858 0.827441
0.827441 0.829016
0.829016 0.830116
0.830116 0.831114
0.831114 0.832464
0.832464 0.83394
0.83394 0.835166
0.835166 0.836308
0.836308 0.837015
0.837015 0.838167
0.838167 0.839548
0.839548 0.841295
0.841295 0.842496
0.842496 0.843708
0.843708 0.844902
0.844902 0.846454
0.846454 0.847736
0.847736 0.848939
0.848939 0.850104
0.850104 0.851239
0.851239 0.85245
0.85245 0.853979
0.853979 0.854867
0.854867 0.856323
0.856323 0.857897
0.857897 0.859176
0.859176 0.860632
0.860632 0.862623
0.862623 0.864064
0.864064 0.865381
0.865381 0.867076
0.867076 0.868779
0.868779 0.870552
0.870552 0.87238
0.87238 0.875598
0.875598 0.878693
0.878693 0.880513
0.880513 0.882934
0.882934 0.88539
0.88539 0.888187
0.888187 0.890432
0.890432 0.892355
0.892355 0.89462
0.89462 0.896937
0.896937 0.899799
0.899799 0.902308
0.902308 0.905143
0.905143 0.907453
0.907453 0.910821
0.910821 0.913199
0.913199 0.915413
0.915413 0.917279
0.917279 0.919149
0.919149 0.9212
0.9212 0.92297
0.92297 1.79769e+308
