71 246 
138 77 
128 17 
69 86 
196 121 
244 173 
231 168 
210 135 
185 78 
39 196 
153 5 
239 204 
214 139 
138 6 
5 187 
227 235 
13 210 
255 216 
71 246 
245 177 
94 76 
171 81 
220 214 
230 218 
99 52 
200 111 
172 58 
197 108 
74 232 
50 236 
147 0 
23 148 
193 209 
130 29 
116 35 
150 84 
194 100 
156 37 
233 220 
80 78 
227 200 
43 129 
137 3 
195 104 
244 241 
253 189 
153 31 
235 228 
180 61 
128 34 
232 158 
189 253 
137 33 
176 50 
186 195 
101 56 
176 100 
199 160 
255 213 
95 61 
255 194 
25 125 
143 33 
221 154 
13 215 
10 187 
120 33 
200 110 
157 37 
133 44 
92 65 
80 172 
127 31 
191 186 
161 15 
45 219 
200 112 
23 218 
47 172 
60 234 
103 43 
209 131 
178 57 
105 56 
123 53 
132 29 
17 219 
158 10 
172 46 
2 154 
98 43 
185 76 
146 91 
111 41 
215 133 
4 169 
95 251 
253 194 
76 241 
0 171 
75 89 
186 192 
166 41 
105 36 
163 112 
110 96 
206 119 
184 75 
131 20 
95 64 
15 219 
3 189 
79 75 
134 22 
80 87 
96 46 
167 40 
117 40 
131 7 
11 215 
240 237 
212 170 
138 98 
247 208 
25 162 
145 12 
164 246 
218 154 
54 228 
171 38 
250 220 
240 191 
130 11 
57 101 
110 38 
13 194 
60 195 
166 120 
144 11 
18 222 
147 43 
153 101 
228 155 
88 129 
216 210 
101 62 
57 239 
229 222 
23 188 
160 111 
68 84 
34 113 
61 91 
113 54 
166 230 
159 39 
131 5 
166 29 
116 45 
78 250 
72 81 
141 34 
183 255 
151 3 
41 114 
23 196 
210 124 
113 49 
255 203 
189 189 
77 90 
247 178 
19 195 
252 192 
251 186 
115 77 
154 202 
178 92 
20 210 
169 49 
208 121 
164 24 
80 88 
255 222 
168 254 
147 0 
210 253 
65 232 
40 123 
255 211 
65 93 
84 67 
55 199 
145 23 
150 94 
113 46 
143 73 
52 241 
233 169 
39 110 
222 150 
137 23 
204 172 
68 243 
45 103 
232 154 
39 190 
215 141 
148 0 
21 127 
109 53 
191 203 
160 236 
170 37 
212 129 
98 49 
129 12 
51 100 
60 98 
103 42 
24 222 
144 42 
75 250 
72 93 
228 225 
162 47 
77 95 
26 225 
90 63 
214 132 
146 0 
11 210 
104 33 
230 152 
13 199 
2 160 
56 99 
195 106 
86 66 
219 139 
220 143 
177 115 
172 59 
155 189 
127 21 
28 224 
167 32 
52 121 
254 190 
123 73 
176 60 
106 39 
88 61 
148 2 
210 130 
197 105 
79 72 
13 154 
231 172 
224 153 
26 225 
120 95 
142 9 
131 40 
74 87 
232 158 
139 25 
13 187 
68 232 
116 255 
105 57 
79 103 
176 53 
255 255 
40 132 
56 245 
138 32 
233 199 
164 131 
22 224 
12 133 
39 235 
86 64 
255 255 
106 31 
29 227 
73 80 
24 142 
255 255 
15 133 
11 206 
76 75 
159 47 
47 119 
255 215 
104 34 
112 44 
41 108 
151 25 
236 159 
15 130 
241 235 
162 20 
255 244 
181 93 
45 237 
29 228 
62 233 
107 29 
187 83 
241 173 
153 90 
49 241 
197 171 
36 230 
64 92 
85 66 
53 194 
220 139 
221 150 
108 60 
10 161 
148 0 
243 247 
202 167 
135 3 
68 249 
132 24 
135 208 
216 137 
57 103 
118 18 
150 17 
222 143 
28 119 
99 42 
126 42 
75 88 
103 38 
23 212 
34 230 
26 132 
117 21 
215 201 
103 44 
206 124 
58 246 
195 193 
150 8 
12 163 
139 233 
156 199 
77 243 
107 39 
79 83 
130 7 
182 214 
9 193 
98 49 
54 233 
92 77 
135 6 
97 47 
38 113 
13 133 
169 254 
4 151 
123 30 
25 225 
111 61 
42 196 
101 40 
207 227 
103 74 
41 114 
186 137 
199 146 
17 156 
5 205 
119 75 
196 125 
151 3 
28 127 
160 52 
183 128 
127 28 
107 38 
17 174 
196 104 
20 223 
25 122 
50 98 
126 25 
178 62 
40 227 
123 18 
150 3 
215 131 
12 210 
104 59 
36 225 
170 36 
126 208 
155 9 
251 239 
182 74 
89 63 
158 33 
177 54 
56 99 
121 21 
64 93 
216 134 
202 126 
146 58 
175 49 
31 229 
8 207 
176 52 
120 25 
89 82 
206 127 
227 153 
127 16 
141 232 
8 151 
59 90 
247 192 
147 3 
64 233 
18 196 
228 162 
232 156 
67 102 
174 52 
93 252 
82 96 
83 245 
106 39 
153 58 
242 215 
218 255 
172 56 
3 196 
156 9 
98 94 
83 71 
255 255 
54 244 
132 35 
101 57 
91 63 
71 245 
149 18 
24 215 
101 50 
190 90 
178 130 
112 33 
135 15 
50 228 
214 255 
237 160 
135 10 
237 168 
6 161 
108 32 
159 15 
121 73 
205 182 
34 167 
95 58 
136 24 
126 82 
46 104 
142 93 
22 155 
167 29 
49 106 
24 224 
140 3 
166 27 
51 182 
112 99 
47 103 
1 161 
43 112 
198 131 
145 26 
152 8 
248 238 
153 5 
106 31 
255 255 
120 20 
27 142 
82 76 
162 148 
195 212 
187 83 
212 251 
225 204 
5 205 
200 110 
32 229 
116 30 
209 133 
7 209 
131 17 
68 234 
58 89 
112 30 
32 230 
89 57 
77 74 
169 128 
155 70 
169 37 
57 207 
131 23 
0 177 
150 233 
226 161 
218 141 
209 123 
24 217 
84 67 
242 177 
0 164 
161 239 
42 239 
20 129 
95 252 
245 175 
218 147 
163 20 
152 17 
114 42 
171 254 
47 206 
103 81 
2 154 
16 212 
254 249 
228 155 
77 92 
154 106 
233 179 
45 227 
255 222 
112 47 
205 158 
217 147 
246 214 
255 204 
252 188 
12 215 
224 151 
103 65 
113 27 
100 45 
206 255 
51 239 
229 178 
85 202 
6 207 
201 121 
81 80 
164 30 
100 45 
3 202 
229 163 
241 202 
125 45 
219 139 
47 112 
189 91 
5 184 
131 126 
29 218 
225 149 
35 129 
184 150 
145 16 
204 156 
234 255 
86 67 
235 174 
84 252 
179 60 
252 203 
176 51 
127 51 
133 10 
82 248 
160 24 
252 217 
181 241 
177 65 
27 224 
233 255 
81 75 
72 245 
83 251 
212 202 
227 220 
203 122 
7 140 
214 164 
17 129 
75 100 
38 233 
39 111 
146 30 
95 55 
117 44 
24 123 
35 189 
60 246 
114 148 
216 217 
90 212 
93 117 
127 9 
72 103 
203 114 
128 83 
186 169 
97 53 
88 60 
204 159 
106 133 
189 90 
230 159 
82 70 
5 159 
74 238 
203 116 
255 192 
11 140 
191 255 
152 219 
134 20 
121 40 
132 178 
139 4 
205 119 
126 87 
222 162 
231 255 
216 152 
217 137 
216 206 
65 105 
255 207 
184 181 
246 189 
240 255 
94 67 
102 65 
131 39 
183 190 
61 243 
188 255 
36 112 
230 162 
161 26 
62 88 
116 48 
95 66 
168 48 
103 254 
205 117 
235 221 
25 136 
181 71 
171 46 
47 115 
10 215 
129 79 
236 226 
115 74 
30 117 
59 103 
159 17 
142 4 
11 189 
158 23 
112 31 
22 149 
80 95 
176 78 
159 252 
66 231 
102 40 
236 225 
137 10 
2 172 
248 246 
127 12 
239 170 
224 217 
52 120 
208 191 
198 151 
210 124 
122 17 
15 219 
86 66 
19 164 
220 181 
12 201 
69 242 
84 72 
216 145 
102 89 
236 243 
255 189 
86 71 
180 64 
72 87 
31 116 
83 81 
164 42 
75 237 
141 223 
126 57 
197 106 
243 171 
204 227 
15 208 
198 133 
8 189 
247 223 
226 149 
12 216 
36 185 
237 160 
9 209 
77 239 
91 54 
95 254 
124 52 
155 14 
201 150 
142 238 
38 110 
119 77 
239 197 
10 136 
122 174 
26 223 
186 80 
223 253 
75 238 
152 17 
173 255 
18 192 
255 255 
227 151 
194 123 
176 53 
244 174 
115 73 
33 208 
96 72 
232 156 
66 84 
27 225 
201 128 
117 56 
94 66 
92 59 
170 37 
113 39 
63 239 
88 66 
4 155 
11 135 
220 141 
129 25 
192 123 
45 166 
27 119 
173 45 
187 128 
240 167 
209 242 
11 139 
161 117 
237 196 
253 211 
24 151 
165 226 
48 227 
163 252 
239 166 
89 62 
52 181 
126 34 
255 255 
173 149 
221 185 
46 237 
71 98 
198 107 
194 202 
176 91 
108 45 
128 11 
78 231 
150 21 
217 255 
149 1 
116 28 
169 47 
255 194 
172 138 
3 155 
240 169 
94 77 
112 82 
237 222 
29 188 
139 15 
71 248 
188 155 
48 236 
226 169 
10 209 
250 237 
175 52 
242 226 
3 185 
171 41 
67 232 
241 169 
234 161 
5 151 
228 167 
66 236 
216 146 
234 170 
173 121 
112 23 
246 182 
44 127 
52 105 
224 152 
134 89 
251 202 
109 74 
156 67 
60 240 
37 225 
95 253 
30 229 
140 36 
51 97 
125 160 
162 18 
103 39 
96 254 
125 38 
219 151 
29 119 
8 211 
16 217 
79 84 
196 104 
248 181 
238 164 
147 13 
8 140 
185 93 
97 73 
242 174 
198 122 
64 95 
39 109 
221 143 
13 142 
155 243 
25 200 
163 29 
37 111 
14 134 
142 216 
72 226 
97 52 
94 71 
12 168 
61 87 
173 45 
185 112 
151 12 
117 36 
84 67 
82 72 
195 103 
142 8 
190 172 
211 220 
170 91 
19 185 
178 55 
217 144 
13 132 
141 8 
11 172 
104 49 
19 191 
202 116 
81 86 
145 0 
32 182 
30 225 
63 94 
232 168 
42 108 
5 160 
117 27 
123 35 
245 175 
227 158 
19 220 
36 234 
65 85 
87 75 
49 195 
158 104 
175 48 
7 158 
248 186 
40 115 
128 28 
209 135 
69 106 
104 113 
211 128 
55 245 
21 219 
138 81 
141 82 
191 94 
238 162 
101 55 
162 16 
92 65 
85 65 
250 191 
2 186 
135 86 
43 239 
58 102 
225 171 
6 185 
24 205 
232 165 
223 150 
225 199 
185 121 
124 51 
90 73 
224 153 
60 88 
102 48 
26 195 
59 203 
118 19 
162 20 
176 55 
64 244 
254 197 
47 101 
135 4 
212 129 
253 187 
74 100 
174 135 
223 183 
215 154 
54 109 
240 208 
36 123 
149 2 
181 163 
215 131 
110 89 
65 235 
230 255 
213 255 
110 70 
166 27 
28 119 
185 123 
142 1 
212 128 
184 105 
160 13 
158 49 
255 223 
167 37 
77 82 
255 201 
253 186 
225 180 
8 207 
124 56 
62 101 
120 30 
239 170 
232 156 
41 237 
157 240 
118 45 
93 69 
199 130 
134 9 
91 65 
186 168 
225 255 
174 46 
181 74 
114 29 
38 144 
46 241 
148 13 
81 251 
194 98 
255 255 
38 149 
124 38 
210 125 
155 63 
94 252 
148 18 
99 48 
151 61 
91 57 
163 21 
121 47 
227 149 
118 53 
76 77 
212 198 
180 62 
218 211 
126 14 
7 193 
224 157 
46 197 
235 253 
123 32 
170 244 
49 239 
240 169 
155 6 
73 228 
139 10 
7 207 
77 240 
86 64 
130 31 
21 129 
219 145 
37 235 
253 187 
152 245 
93 65 
203 115 
96 252 
248 234 
88 60 
160 251 
140 11 
226 158 
108 50 
243 172 
249 179 
129 7 
178 101 
99 54 
37 114 
207 231 
255 208 
181 96 
228 151 
140 2 
221 144 
200 136 
42 173 
98 63 
8 168 
33 193 
127 198 
117 31 
139 51 
28 118 
233 206 
255 200 
165 127 
236 208 
255 255 
71 229 
93 61 
142 131 
30 140 
78 110 
103 76 
192 96 
84 201 
214 196 
249 220 
133 12 
137 86 
48 123 
0 186 
212 138 
185 82 
233 157 
121 77 
100 45 
194 136 
23 225 
165 25 
204 155 
254 250 
243 174 
19 164 
171 41 
51 243 
143 80 
195 204 
241 212 
34 134 
215 146 
20 218 
203 147 
202 112 
85 116 
116 37 
112 38 
189 116 
82 79 
224 145 
138 37 
249 182 
101 43 
192 198 
249 220 
100 46 
26 226 
159 12 
103 62 
56 98 
96 64 
122 35 
132 26 
15 134 
126 40 
197 197 
110 113 
216 136 
180 90 
43 109 
253 250 
172 41 
168 35 
66 107 
196 200 
113 22 
49 109 
29 226 
64 234 
152 200 
154 122 
57 121 
213 147 
137 21 
207 137 
228 158 
72 109 
254 205 
109 70 
115 43 
31 192 
149 21 
163 24 
188 85 
124 24 
156 92 
91 56 
140 9 
77 96 
85 76 
144 0 
242 209 
184 75 
97 58 
90 59 
78 88 
102 53 
111 29 
57 97 
129 20 
159 15 
254 247 
87 80 
218 142 
2 155 
68 242 
214 129 
143 28 
59 242 
62 229 
42 114 
212 196 
193 102 
7 146 
88 62 
12 134 
198 107 
91 67 
245 183 
75 87 
187 81 
115 71 
68 109 
122 175 
107 89 
20 160 
152 3 
251 255 
21 222 
168 253 
209 189 
231 247 
66 83 
16 128 
119 19 
5 197 
67 217 
142 0 
78 87 
216 138 
87 97 
201 112 
90 62 
250 183 
202 174 
143 20 
1 184 
36 155 
198 108 
102 43 
255 211 
56 241 
187 81 
3 199 
208 165 
244 249 
236 241 
158 166 
66 86 
68 236 
20 144 
134 14 
115 24 
9 163 
130 19 
16 142 
170 38 
220 145 
59 102 
27 143 
249 199 
229 206 
109 26 
81 100 
111 42 
255 212 
241 227 
160 102 
206 192 
247 176 
5 205 
118 121 
27 152 
225 218 
233 164 
32 184 
7 161 
136 160 
39 236 
235 191 
213 132 
98 49 
44 199 
222 187 
52 235 
83 229 
160 111 
255 255 
174 47 
50 98 
61 239 
246 179 
1 190 
206 119 
68 244 
133 6 
36 140 
45 120 
135 35 
61 100 
42 227 
122 33 
222 155 
241 169 
237 254 
217 136 
78 74 
164 70 
96 87 
215 139 
65 240 
230 161 
72 84 
189 190 
39 109 
234 250 
91 55 
176 152 
231 155 
80 83 
116 167 
188 84 
163 19 
136 6 
58 237 
251 213 
12 137 
177 64 
15 179 
245 176 
221 187 
90 55 
121 26 
11 214 
124 12 
23 172 
146 15 
240 200 
138 11 
128 12 
72 79 
68 94 
188 101 
27 161 
62 98 
245 185 
182 109 
179 63 
164 21 
52 243 
205 163 
143 23 
252 255 
65 228 
117 38 
18 201 
241 181 
33 139 
24 223 
92 54 
155 13 
10 203 
10 213 
49 238 
52 188 
166 29 
189 120 
155 9 
5 162 
167 48 
43 106 
178 103 
178 55 
172 78 
168 34 
154 13 
144 238 
81 91 
255 255 
124 28 
41 184 
255 199 
86 72 
19 194 
17 173 
34 229 
4 158 
198 107 
156 18 
99 44 
200 112 
84 181 
102 53 
189 117 
117 42 
98 50 
1 194 
180 66 
48 169 
82 86 
24 220 
5 150 
46 110 
103 36 
20 223 
171 44 
244 182 
115 41 
130 23 
130 7 
25 180 
54 197 
182 163 
220 140 
3 163 
195 124 
189 177 
249 181 
143 16 
233 223 
42 173 
173 44 
105 34 
11 137 
158 49 
159 79 
79 76 
170 126 
141 64 
250 188 
220 229 
165 111 
28 225 
201 150 
86 65 
72 238 
196 109 
242 187 
241 168 
69 81 
219 139 
42 176 
255 198 
28 179 
132 19 
180 66 
172 55 
29 220 
213 130 
17 142 
187 113 
43 227 
230 167 
225 154 
14 137 
114 125 
251 214 
73 225 
16 206 
232 171 
206 178 
204 155 
95 148 
204 119 
138 40 
69 110 
255 198 
0 177 
78 97 
138 3 
92 87 
221 154 
50 230 
241 232 
119 29 
56 245 
234 238 
81 71 
221 147 
111 74 
48 231 
243 177 
169 90 
18 221 
198 109 
35 196 
253 187 
252 218 
183 168 
165 25 
222 154 
175 50 
85 82 
22 146 
182 123 
205 203 
97 112 
107 44 
75 77 
26 120 
171 255 
110 41 
188 140 
64 243 
38 222 
99 41 
255 190 
125 24 
71 226 
243 185 
24 220 
227 224 
164 21 
90 64 
141 13 
9 147 
27 133 
244 183 
18 128 
85 247 
214 131 
70 81 
179 255 
21 126 
63 117 
204 134 
254 211 
90 56 
29 130 
147 244 
220 148 
87 251 
187 168 
217 170 
170 51 
79 79 
106 35 
211 125 
1 165 
254 191 
145 28 
206 136 
25 224 
242 226 
79 206 
18 127 
246 176 
237 164 
83 86 
223 144 
217 137 
19 208 
216 141 
14 214 
35 112 
161 58 
64 231 
97 56 
84 247 
202 189 
227 210 
242 170 
151 192 
123 85 
157 14 
194 107 
170 44 
223 151 
248 183 
85 113 
212 140 
255 255 
72 91 
125 80 
248 247 
79 82 
71 94 
6 201 
240 167 
119 43 
224 157 
112 67 
235 255 
145 148 
231 212 
184 111 
67 92 
100 40 
35 177 
72 83 
59 246 
29 180 
97 49 
6 148 
69 84 
143 9 
9 190 
63 240 
109 27 
6 193 
53 243 
2 198 
100 42 
247 209 
201 255 
250 182 
236 194 
180 255 
123 17 
68 223 
13 217 
103 41 
203 115 
8 146 
213 128 
242 249 
199 133 
251 187 
66 243 
182 201 
122 78 
4 165 
230 164 
137 4 
93 69 
194 118 
255 255 
64 245 
90 78 
133 30 
26 126 
199 165 
134 12 
255 250 
120 35 
236 208 
219 139 
55 92 
15 203 
85 73 
167 30 
6 167 
249 197 
59 89 
223 144 
47 237 
77 75 
73 87 
190 116 
250 201 
72 92 
143 9 
20 173 
131 99 
230 203 
14 131 
104 35 
199 157 
153 5 
158 79 
216 146 
64 236 
174 47 
88 71 
26 140 
230 165 
253 192 
129 15 
230 201 
36 173 
109 62 
67 248 
90 88 
246 248 
145 0 
203 207 
126 39 
58 99 
79 183 
245 197 
84 68 
110 39 
158 12 
7 210 
160 252 
70 97 
159 41 
201 132 
193 191 
86 68 
247 181 
255 190 
183 97 
6 184 
140 80 
21 142 
93 175 
88 77 
186 118 
100 65 
45 232 
124 19 
73 79 
144 2 
21 171 
213 130 
163 117 
200 132 
102 56 
32 120 
102 46 
27 122 
121 59 
23 139 
79 214 
164 120 
245 240 
244 177 
253 191 
196 120 
212 138 
25 130 
213 138 
52 180 
76 250 
223 157 
19 153 
50 217 
160 115 
178 60 
39 118 
255 204 
115 21 
14 166 
63 197 
229 156 
233 245 
195 130 
83 74 
75 88 
170 254 
99 117 
166 144 
246 180 
7 176 
114 59 
24 214 
142 233 
150 13 
132 16 
159 236 
250 182 
176 52 
117 19 
47 101 
195 136 
225 159 
215 134 
241 178 
70 240 
194 99 
210 124 
14 200 
218 137 
92 72 
194 120 
226 156 
66 220 
161 32 
8 196 
235 255 
139 2 
135 14 
9 144 
84 159 
30 215 
103 35 
158 21 
54 123 
239 163 
237 166 
240 167 
155 249 
77 179 
6 178 
185 163 
47 230 
123 68 
25 146 
191 96 
48 217 
219 184 
175 144 
207 121 
145 11 
96 79 
8 210 
18 218 
56 96 
203 154 
88 63 
168 124 
148 15 
249 182 
31 228 
87 67 
187 176 
174 131 
243 204 
111 46 
42 108 
156 19 
125 27 
83 84 
126 17 
180 94 
124 13 
213 137 
48 116 
134 14 
28 213 
31 132 
69 88 
148 100 
77 75 
219 150 
178 67 
101 127 
30 117 
146 24 
94 72 
167 253 
118 61 
223 147 
226 216 
89 180 
221 255 
11 176 
57 237 
137 17 
9 212 
197 117 
144 3 
148 8 
18 207 
141 5 
136 19 
205 118 
106 143 
229 153 
157 7 
207 134 
190 90 
241 252 
91 75 
105 53 
104 33 
50 242 
74 231 
249 251 
255 218 
21 158 
178 255 
128 98 
203 171 
92 69 
114 58 
2 152 
203 124 
80 72 
6 171 
179 59 
169 248 
235 158 
253 188 
55 94 
59 88 
46 102 
119 25 
59 207 
248 178 
211 145 
7 140 
90 72 
8 159 
141 235 
191 94 
244 215 
197 106 
0 177 
153 28 
249 220 
55 245 
61 104 
0 162 
255 198 
154 17 
134 27 
220 157 
52 232 
150 1 
230 188 
9 170 
223 156 
208 140 
170 36 
157 9 
105 155 
181 147 
244 176 
169 68 
21 134 
98 45 
164 219 
183 114 
115 21 
230 204 
155 7 
210 189 
91 251 
134 16 
174 45 
207 250 
55 181 
11 144 
41 107 
101 44 
20 222 
108 85 
0 177 
128 11 
58 238 
111 49 
0 181 
64 237 
212 203 
93 61 
147 0 
183 107 
4 172 
94 252 
97 63 
14 185 
31 123 
1 187 
30 205 
136 11 
108 54 
55 94 
22 209 
204 179 
126 46 
78 75 
240 165 
171 48 
40 123 
15 218 
223 157 
58 89 
14 214 
178 68 
9 142 
67 235 
147 45 
42 162 
176 51 
13 216 
41 125 
191 95 
210 255 
200 136 
43 238 
185 77 
33 230 
193 113 
209 144 
155 6 
149 219 
80 77 
249 182 
156 108 
101 63 
153 133 
186 131 
111 36 
74 79 
31 229 
243 190 
195 128 
70 92 
176 52 
154 87 
175 255 
255 251 
173 150 
153 3 
18 202 
38 118 
35 181 
204 116 
89 72 
16 220 
136 10 
65 221 
255 204 
87 252 
173 107 
247 226 
199 111 
224 150 
194 99 
55 232 
51 104 
245 175 
44 165 
62 93 
109 39 
75 87 
105 70 
148 0 
47 103 
1 191 
118 19 
146 1 
45 240 
205 179 
40 155 
203 133 
157 15 
94 252 
6 154 
152 98 
36 163 
190 181 
85 64 
130 193 
14 217 
215 134 
19 211 
249 180 
74 81 
54 234 
192 144 
194 204 
235 195 
115 22 
175 255 
28 222 
106 90 
166 37 
55 237 
228 159 
118 40 
188 89 
66 83 
227 191 
212 129 
225 149 
46 175 
34 136 
167 40 
252 198 
35 224 
104 44 
255 193 
37 111 
139 29 
188 168 
88 109 
97 63 
161 14 
51 239 
53 179 
193 195 
55 233 
201 152 
139 17 
80 88 
118 67 
206 123 
174 255 
25 222 
112 162 
226 159 
48 113 
139 13 
163 19 
196 111 
128 41 
113 26 
157 8 
159 52 
24 122 
44 103 
189 88 
151 75 
19 213 
93 85 
253 188 
41 159 
107 59 
255 255 
227 189 
70 230 
158 18 
195 111 
12 214 
32 134 
93 78 
211 156 
117 33 
23 203 
72 96 
113 23 
119 72 
44 234 
228 153 
118 36 
1 191 
129 16 
114 61 
242 186 
27 141 
111 70 
69 249 
212 248 
215 213 
19 215 
79 193 
37 231 
20 213 
252 249 
32 227 
179 57 
254 212 
98 54 
52 116 
148 4 
169 35 
2 184 
159 13 
11 150 
235 252 
108 48 
34 161 
145 37 
127 79 
124 23 
197 158 
166 254 
21 221 
30 129 
120 115 
211 139 
69 82 
159 252 
228 151 
155 5 
63 100 
102 37 
145 84 
129 15 
45 127 
181 97 
86 72 
61 91 
82 77 
3 200 
27 204 
216 139 
48 100 
96 71 
115 47 
165 216 
180 62 
41 226 
31 229 
113 34 
31 228 
60 107 
187 116 
13 199 
14 146 
206 154 
120 50 
200 112 
38 112 
207 133 
49 224 
215 144 
199 141 
211 174 
248 221 
142 11 
100 62 
24 122 
147 10 
7 168 
93 51 
185 174 
186 131 
108 73 
82 69 
177 169 
50 234 
232 203 
146 55 
57 203 
150 78 
199 109 
40 117 
4 198 
107 30 
153 57 
229 184 
226 154 
144 78 
245 176 
5 148 
23 224 
247 244 
255 255 
8 170 
76 229 
21 207 
164 21 
195 112 
24 126 
205 117 
26 218 
0 185 
103 47 
224 146 
181 64 
252 220 
115 64 
59 109 
101 50 
21 214 
233 163 
214 141 
147 10 
38 126 
54 245 
20 126 
8 205 
204 116 
112 56 
170 52 
148 51 
202 115 
115 97 
17 212 
111 77 
153 4 
200 133 
134 27 
135 12 
82 74 
255 255 
255 255 
189 114 
143 6 
177 255 
255 251 
58 241 
66 230 
205 116 
114 34 
123 59 
40 125 
45 175 
125 58 
206 175 
136 14 
126 27 
123 34 
251 201 
235 164 
76 81 
129 85 
160 14 
192 96 
134 10 
176 53 
166 27 
31 115 
102 69 
154 73 
118 121 
18 133 
75 247 
120 18 
214 255 
33 127 
9 150 
255 255 
10 170 
211 135 
182 202 
46 109 
87 76 
154 9 
50 100 
71 89 
74 80 
45 188 
7 140 
182 68 
43 199 
64 235 
243 176 
238 166 
248 209 
253 190 
69 221 
187 116 
219 148 
180 85 
101 41 
255 191 
220 140 
205 237 
81 95 
111 55 
147 7 
48 238 
67 85 
181 157 
234 202 
201 114 
253 208 
22 222 
65 86 
135 30 
156 146 
212 142 
36 230 
137 11 
104 47 
192 96 
190 176 
206 130 
12 167 
189 177 
240 187 
209 135 
74 91 
43 131 
58 114 
232 168 
253 188 
219 255 
185 120 
166 71 
138 3 
167 28 
61 214 
161 15 
252 211 
29 122 
62 102 
141 1 
160 27 
242 204 
106 49 
6 182 
69 244 
255 255 
98 139 
255 191 
185 163 
121 39 
151 57 
115 88 
248 222 
255 198 
186 80 
17 218 
177 55 
94 73 
86 66 
156 127 
44 240 
129 32 
47 104 
241 169 
121 173 
4 203 
250 207 
183 255 
28 130 
192 186 
67 90 
35 175 
98 166 
26 227 
188 107 
221 141 
179 65 
255 255 
51 234 
208 189 
94 64 
39 151 
252 202 
82 69 
92 238 
58 99 
47 104 
62 239 
130 42 
155 207 
122 31 
243 202 
102 59 
140 37 
10 214 
58 89 
245 240 
191 126 
255 209 
156 84 
240 173 
244 174 
66 86 
168 31 
135 3 
231 160 
209 122 
66 234 
13 216 
119 42 
219 138 
88 98 
55 205 
179 92 
55 110 
125 54 
184 148 
193 120 
126 23 
165 24 
215 194 
162 30 
157 11 
130 199 
70 236 
62 215 
0 172 
255 255 
104 170 
87 253 
1 160 
123 46 
17 129 
74 240 
172 43 
223 152 
164 23 
187 106 
136 44 
154 36 
246 176 
20 126 
206 183 
147 15 
192 97 
186 199 
183 162 
30 128 
133 14 
166 29 
225 153 
253 188 
238 165 
81 75 
121 28 
177 54 
16 216 
88 71 
119 21 
204 175 
233 255 
174 255 
27 227 
33 230 
221 151 
35 124 
121 18 
194 99 
145 102 
28 221 
214 135 
187 105 
6 184 
39 223 
238 161 
170 42 
154 5 
109 60 
162 34 
131 32 
34 170 
171 42 
100 56 
119 37 
78 92 
237 165 
245 248 
220 147 
255 200 
204 211 
208 122 
92 71 
51 242 
243 177 
60 90 
5 195 
88 63 
189 135 
149 11 
151 206 
252 255 
148 6 
167 236 
77 93 
227 151 
3 169 
205 147 
192 97 
255 209 
246 246 
113 119 
133 80 
76 78 
247 183 
98 57 
126 42 
48 170 
181 73 
97 89 
70 246 
73 78 
120 17 
198 141 
163 214 
216 134 
35 234 
152 18 
76 82 
144 6 
5 203 
175 48 
66 88 
213 139 
197 105 
71 96 
109 90 
129 38 
246 196 
163 247 
62 116 
249 210 
83 74 
43 239 
37 227 
114 52 
127 22 
250 236 
208 141 
60 233 
129 33 
113 73 
38 120 
83 71 
249 191 
186 84 
84 75 
130 7 
230 173 
86 79 
90 57 
96 55 
59 212 
245 173 
220 217 
177 54 
119 19 
22 222 
101 48 
51 193 
210 133 
65 241 
15 130 
174 52 
189 89 
82 69 
232 255 
70 242 
251 183 
191 142 
128 12 
10 181 
203 114 
171 39 
224 149 
211 163 
218 211 
198 107 
72 95 
44 192 
238 248 
235 168 
197 176 
17 217 
94 57 
193 98 
40 183 
203 126 
83 76 
149 19 
161 20 
40 237 
68 86 
142 36 
145 5 
214 131 
223 157 
254 197 
44 130 
95 51 
47 228 
16 218 
226 183 
179 93 
84 252 
200 111 
187 108 
236 245 
23 166 
89 245 
1 158 
192 95 
68 110 
174 135 
194 102 
178 63 
225 255 
213 206 
254 206 
193 179 
239 165 
33 129 
243 244 
162 26 
182 133 
150 15 
245 222 
42 121 
19 215 
216 140 
41 109 
9 136 
116 43 
92 85 
78 250 
66 89 
46 236 
35 208 
97 47 
134 4 
186 78 
174 93 
134 28 
107 109 
212 127 
143 16 
44 114 
171 251 
234 159 
53 232 
159 15 
251 182 
178 56 
157 100 
211 125 
226 183 
255 198 
161 49 
187 117 
20 205 
89 60 
72 237 
124 30 
134 17 
255 248 
13 144 
233 156 
85 72 
154 3 
125 47 
47 110 
218 212 
157 145 
42 127 
53 100 
208 121 
99 51 
206 251 
166 142 
83 69 
207 161 
117 43 
204 137 
45 239 
165 23 
202 169 
22 142 
176 51 
217 136 
68 93 
73 249 
39 171 
255 255 
250 184 
78 249 
141 31 
104 34 
226 159 
249 202 
22 175 
57 214 
4 150 
67 83 
132 11 
85 247 
1 188 
105 31 
240 200 
231 253 
174 46 
255 221 
117 25 
250 240 
255 196 
32 187 
230 153 
8 210 
193 143 
178 56 
62 229 
235 159 
237 167 
80 251 
87 78 
159 12 
124 175 
21 221 
247 179 
231 190 
119 45 
41 224 
23 224 
184 74 
149 194 
16 131 
255 208 
117 96 
83 251 
57 235 
126 10 
236 242 
3 166 
239 165 
216 134 
172 42 
172 41 
82 74 
192 170 
56 105 
193 97 
17 221 
6 190 
173 50 
127 10 
89 58 
192 190 
56 92 
130 10 
33 228 
238 162 
152 2 
67 231 
165 109 
149 15 
254 201 
19 223 
179 93 
64 111 
134 5 
35 223 
39 122 
168 254 
220 250 
177 164 
26 218 
145 8 
115 91 
2 164 
218 137 
23 144 
125 26 
123 40 
98 86 
233 161 
212 134 
46 241 
161 252 
255 255 
136 7 
184 76 
157 251 
205 255 
122 20 
0 160 
73 92 
102 44 
160 13 
224 159 
144 219 
41 219 
131 24 
166 76 
204 128 
222 164 
195 111 
1 155 
170 36 
166 122 
252 184 
15 206 
129 9 
195 129 
140 22 
112 26 
224 147 
232 184 
100 40 
169 245 
244 176 
58 90 
56 244 
200 111 
255 192 
3 172 
3 199 
128 35 
156 86 
191 137 
137 13 
204 253 
109 44 
67 90 
242 179 
152 11 
243 228 
208 184 
208 185 
202 142 
90 58 
63 99 
164 87 
110 26 
242 175 
140 1 
44 176 
137 4 
132 28 
46 103 
228 149 
243 173 
30 172 
147 8 
57 235 
203 116 
156 6 
18 138 
179 58 
111 60 
205 126 
211 126 
69 85 
223 188 
197 125 
182 255 
255 255 
177 142 
178 54 
67 215 
211 149 
30 128 
158 18 
26 196 
103 40 
168 31 
161 15 
238 160 
243 242 
111 26 
196 108 
84 68 
143 20 
63 197 
71 100 
186 255 
248 203 
255 255 
228 223 
87 64 
6 207 
45 103 
29 116 
27 136 
81 234 
21 125 
212 143 
217 165 
158 11 
214 141 
125 27 
199 127 
112 45 
102 42 
12 207 
55 106 
7 206 
149 5 
175 179 
108 29 
146 8 
73 86 
188 119 
96 46 
138 10 
21 125 
209 123 
160 15 
149 0 
182 255 
180 70 
206 118 
17 219 
48 242 
60 207 
58 240 
24 125 
243 169 
129 49 
45 103 
53 99 
148 138 
215 207 
133 226 
58 240 
57 91 
149 249 
3 180 
28 227 
158 30 
29 217 
41 118 
162 21 
218 157 
24 122 
219 186 
99 59 
99 43 
53 243 
136 5 
63 233 
16 215 
74 98 
167 131 
143 1 
48 106 
44 228 
255 217 
225 147 
163 19 
100 94 
237 178 
187 85 
150 56 
114 39 
205 128 
113 93 
233 249 
92 253 
209 124 
89 70 
214 135 
160 230 
162 24 
155 11 
127 34 
3 149 
79 73 
190 93 
71 248 
243 171 
83 77 
182 78 
15 130 
229 160 
133 21 
139 8 
36 231 
164 22 
38 186 
143 55 
16 215 
93 57 
53 95 
114 74 
122 14 
121 16 
12 147 
255 193 
141 25 
181 180 
73 247 
211 142 
85 74 
15 148 
139 2 
167 79 
172 125 
41 189 
154 4 
10 156 
21 224 
16 154 
128 13 
197 113 
3 150 
149 3 
159 110 
239 246 
80 73 
95 57 
180 60 
184 178 
39 230 
97 47 
3 176 
33 180 
147 1 
224 157 
145 12 
77 91 
105 45 
203 117 
147 18 
102 51 
71 80 
237 159 
123 61 
239 166 
166 46 
235 158 
79 75 
103 36 
161 21 
151 2 
36 113 
76 102 
221 164 
142 79 
65 96 
165 25 
150 1 
99 67 
32 224 
191 106 
91 56 
2 191 
95 50 
246 204 
144 7 
100 48 
191 95 
100 80 
172 65 
177 62 
100 41 
194 101 
83 78 
79 75 
78 245 
61 92 
168 37 
29 229 
119 99 
250 189 
202 114 
130 72 
126 80 
54 244 
84 66 
140 9 
81 249 
66 238 
173 255 
246 197 
84 68 
101 50 
144 4 
214 174 
138 16 
1 165 
172 56 
241 183 
118 22 
251 184 
158 9 
118 70 
55 97 
183 100 
107 48 
108 81 
92 53 
62 247 
202 113 
161 96 
217 205 
172 41 
218 238 
89 68 
219 143 
197 106 
57 197 
192 123 
205 134 
105 85 
36 215 
255 248 
52 100 
25 158 
223 188 
37 229 
128 29 
75 104 
232 157 
207 120 
121 43 
34 179 
94 66 
40 188 
87 85 
180 255 
77 224 
255 208 
67 83 
17 161 
253 194 
201 111 
124 99 
134 20 
162 46 
26 204 
25 172 
0 172 
244 174 
140 7 
35 128 
242 170 
111 33 
198 127 
129 24 
161 38 
7 209 
151 1 
39 155 
254 245 
149 0 
58 212 
79 236 
122 60 
72 81 
133 59 
38 143 
195 154 
142 210 
226 255 
201 113 
44 165 
163 19 
245 174 
62 239 
23 213 
192 154 
190 102 
116 108 
51 194 
156 104 
56 245 
132 13 
34 175 
219 138 
56 196 
166 26 
36 188 
113 32 
12 208 
128 17 
74 105 
175 255 
55 234 
130 22 
70 159 
15 219 
165 25 
222 143 
58 233 
24 211 
224 145 
221 141 
196 125 
210 124 
193 145 
3 195 
209 189 
165 23 
0 182 
23 199 
82 251 
184 73 
189 109 
78 96 
192 96 
52 104 
4 190 
101 38 
12 149 
163 101 
172 254 
255 255 
113 78 
215 132 
47 182 
183 71 
61 241 
204 115 
223 143 
156 6 
245 177 
122 46 
168 45 
170 40 
8 181 
81 83 
184 80 
185 92 
15 201 
144 29 
39 121 
37 118 
62 243 
164 120 
74 235 
229 195 
122 27 
0 176 
220 192 
153 16 
29 186 
212 127 
242 243 
57 201 
178 143 
200 219 
251 184 
177 53 
138 12 
221 170 
251 196 
72 80 
203 132 
13 152 
49 240 
38 236 
54 104 
137 2 
255 250 
18 152 
50 109 
208 255 
239 196 
213 157 
127 9 
53 243 
161 17 
151 8 
205 149 
46 234 
11 216 
143 15 
214 255 
88 63 
63 243 
181 68 
146 71 
211 130 
255 195 
146 18 
223 143 
158 98 
67 96 
54 235 
255 193 
110 26 
254 244 
150 49 
182 74 
255 202 
80 243 
235 221 
251 218 
33 231 
185 96 
112 23 
38 235 
133 137 
193 197 
66 233 
131 49 
249 200 
120 60 
173 137 
121 36 
152 2 
190 180 
210 125 
204 187 
158 14 
4 148 
136 11 
177 101 
231 173 
42 239 
225 145 
16 206 
150 5 
237 231 
39 175 
199 108 
221 174 
246 247 
131 48 
74 79 
116 23 
153 4 
132 6 
211 180 
107 46 
84 69 
193 196 
233 157 
124 51 
51 97 
106 51 
22 132 
137 7 
152 18 
60 91 
255 255 
111 80 
236 173 
236 162 
161 114 
151 22 
122 14 
37 115 
174 46 
169 61 
91 250 
11 153 
163 19 
138 233 
188 131 
119 19 
239 210 
167 35 
230 200 
74 78 
50 226 
104 74 
46 124 
134 5 
236 255 
78 77 
220 141 
132 81 
153 57 
97 50 
135 205 
141 34 
91 67 
19 188 
245 175 
104 36 
199 255 
234 247 
28 228 
50 110 
228 166 
142 240 
87 66 
31 230 
7 210 
235 159 
208 134 
59 235 
114 37 
238 250 
133 8 
117 76 
110 127 
138 13 
109 77 
239 194 
155 13 
194 99 
237 199 
231 255 
55 239 
124 84 
123 14 
247 178 
255 208 
194 101 
154 7 
30 228 
61 236 
108 39 
250 196 
214 142 
119 47 
109 66 
199 130 
114 41 
129 30 
85 82 
204 155 
227 165 
169 35 
229 157 
46 102 
238 228 
255 255 
90 71 
2 194 
18 219 
69 231 
154 4 
60 237 
108 38 
113 25 
183 72 
136 76 
214 155 
22 163 
30 131 
37 177 
110 30 
159 90 
54 94 
148 1 
148 79 
35 185 
152 3 
185 108 
51 243 
188 84 
63 238 
104 41 
163 20 
69 104 
175 56 
101 50 
222 156 
236 164 
87 252 
225 253 
151 10 
211 128 
80 81 
32 202 
114 39 
53 240 
198 106 
179 67 
85 68 
33 121 
98 47 
254 190 
33 229 
63 110 
175 58 
50 190 
161 26 
255 207 
193 132 
112 25 
33 223 
55 194 
207 122 
179 62 
201 111 
43 228 
103 49 
91 250 
227 148 
10 185 
90 67 
2 162 
43 115 
162 218 
135 53 
107 31 
60 198 
197 105 
35 183 
141 210 
242 169 
55 231 
75 249 
33 221 
222 255 
109 62 
128 71 
11 213 
160 113 
255 255 
56 229 
58 187 
190 189 
25 123 
12 209 
75 244 
124 91 
127 79 
149 1 
231 169 
153 6 
210 143 
129 138 
216 181 
179 62 
164 125 
203 125 
91 55 
36 112 
173 54 
199 108 
29 117 
104 35 
208 255 
179 63 
18 200 
13 159 
190 255 
7 166 
51 233 
97 49 
165 37 
220 146 
4 192 
105 60 
238 198 
52 236 
108 34 
170 254 
242 237 
162 22 
80 88 
24 145 
198 128 
27 121 
164 24 
49 102 
169 44 
26 226 
52 243 
239 167 
21 145 
33 160 
255 198 
45 104 
152 8 
183 142 
177 158 
104 36 
96 50 
189 89 
41 110 
251 247 
63 97 
151 247 
110 73 
130 36 
8 212 
169 36 
41 129 
148 7 
112 86 
238 222 
152 9 
106 76 
184 74 
182 69 
111 25 
242 167 
217 150 
161 23 
247 179 
198 205 
166 27 
62 245 
23 155 
184 163 
169 105 
54 227 
249 183 
70 99 
104 38 
11 135 
254 191 
116 39 
118 32 
41 238 
124 46 
143 7 
55 103 
201 142 
38 116 
89 85 
81 71 
54 215 
65 218 
31 228 
44 104 
67 83 
238 161 
139 206 
40 238 
63 234 
65 239 
155 8 
44 226 
234 241 
73 248 
234 230 
87 70 
56 97 
164 28 
255 250 
68 86 
116 68 
5 145 
210 149 
53 196 
89 69 
4 153 
70 83 
255 255 
235 248 
125 11 
23 135 
176 51 
186 255 
26 227 
252 242 
101 74 
232 158 
194 101 
62 89 
244 227 
255 204 
8 163 
156 16 
105 72 
226 161 
142 28 
167 247 
227 159 
4 200 
100 52 
76 249 
6 145 
14 205 
2 198 
182 193 
67 85 
159 118 
255 198 
223 149 
33 217 
147 0 
49 105 
124 20 
14 203 
50 105 
126 38 
86 249 
167 33 
58 104 
135 16 
196 138 
254 195 
44 113 
162 35 
107 42 
104 52 
32 224 
221 154 
37 124 
16 211 
2 162 
200 168 
31 121 
88 252 
221 205 
98 100 
37 235 
181 68 
224 150 
255 250 
199 133 
223 148 
238 211 
75 78 
191 118 
3 149 
190 196 
255 255 
83 69 
108 38 
211 135 
60 99 
106 67 
255 254 
188 87 
209 191 
237 255 
21 206 
215 172 
8 156 
59 108 
248 246 
29 117 
153 3 
255 195 
153 4 
180 82 
93 251 
95 47 
146 30 
17 177 
150 8 
182 69 
228 161 
28 158 
104 33 
219 138 
222 208 
248 179 
131 16 
65 217 
107 59 
114 24 
134 3 
220 147 
93 93 
136 2 
112 32 
107 54 
218 140 
31 141 
229 153 
135 33 
155 5 
54 200 
217 197 
234 254 
210 197 
15 210 
117 73 
149 89 
56 102 
76 91 
226 198 
14 136 
146 0 
136 4 
255 220 
0 173 
154 4 
234 255 
66 88 
133 10 
150 14 
116 72 
191 200 
58 98 
239 178 
229 197 
79 73 
63 247 
183 76 
201 119 
125 106 
136 6 
75 81 
148 0 
252 246 
48 101 
62 203 
43 233 
6 207 
172 42 
101 51 
42 221 
84 218 
108 57 
120 32 
12 206 
96 66 
255 255 
110 31 
69 223 
14 217 
98 51 
32 119 
32 119 
201 149 
233 171 
153 9 
64 97 
152 7 
255 206 
187 86 
20 217 
56 99 
151 1 
250 188 
61 94 
137 90 
102 52 
173 43 
69 98 
220 195 
116 32 
154 16 
19 143 
231 250 
174 46 
210 124 
255 255 
78 248 
100 44 
28 118 
77 81 
117 46 
199 135 
10 165 
131 80 
202 173 
124 42 
148 77 
217 148 
209 125 
213 147 
108 59 
189 94 
107 61 
212 136 
89 66 
145 205 
94 55 
93 64 
1 156 
113 26 
255 255 
70 89 
107 121 
3 185 
110 102 
175 60 
248 199 
96 65 
20 171 
191 116 
67 87 
92 62 
158 107 
234 159 
87 62 
69 221 
135 12 
183 115 
186 135 
98 253 
88 171 
116 87 
160 215 
238 255 
22 127 
233 255 
47 101 
76 100 
146 14 
225 160 
251 247 
163 105 
255 255 
237 209 
255 192 
108 63 
50 177 
243 201 
141 5 
227 212 
190 139 
50 101 
120 39 
111 28 
35 168 
46 147 
101 39 
241 166 
132 15 
157 78 
51 243 
93 104 
132 25 
139 1 
64 221 
185 140 
255 253 
76 83 
136 12 
255 192 
59 209 
22 180 
222 149 
134 22 
244 232 
228 240 
73 95 
71 84 
81 237 
91 105 
80 241 
45 126 
228 150 
32 117 
86 64 
246 226 
27 216 
67 233 
12 142 
188 180 
190 186 
171 138 
160 133 
193 192 
197 110 
255 255 
74 241 
126 22 
169 80 
148 4 
108 28 
45 168 
46 169 
185 115 
17 198 
199 108 
188 83 
253 186 
132 45 
95 61 
98 43 
16 139 
85 65 
246 253 
51 203 
123 29 
225 255 
123 66 
87 69 
119 36 
250 249 
229 166 
195 102 
171 92 
9 211 
10 154 
115 25 
234 214 
27 134 
206 202 
202 114 
27 223 
78 77 
177 55 
13 214 
9 138 
5 193 
139 81 
240 255 
222 219 
79 80 
78 74 
66 89 
30 224 
77 85 
186 169 
157 10 
18 204 
199 107 
140 2 
106 30 
246 232 
59 105 
48 228 
195 195 
223 146 
213 200 
17 167 
67 246 
91 58 
63 91 
190 113 
190 92 
92 138 
249 242 
1 157 
246 244 
167 29 
177 87 
255 255 
61 216 
170 126 
28 119 
209 124 
137 9 
236 233 
163 25 
31 162 
5 183 
43 239 
143 4 
196 113 
136 13 
238 162 
142 20 
255 255 
93 58 
237 161 
89 66 
70 246 
0 166 
130 33 
192 114 
101 44 
223 153 
103 37 
92 54 
196 107 
103 137 
15 181 
63 213 
140 100 
49 221 
95 60 
200 138 
70 82 
168 254 
122 16 
133 24 
29 206 
248 182 
70 103 
46 230 
25 144 
46 235 
139 221 
179 93 
38 115 
48 185 
138 3 
52 97 
186 161 
162 215 
129 7 
154 10 
31 178 
95 57 
96 48 
196 255 
242 233 
95 52 
44 236 
97 57 
177 58 
190 92 
169 145 
6 178 
229 255 
154 3 
125 32 
181 163 
163 19 
58 214 
0 170 
255 255 
252 186 
69 105 
167 30 
73 85 
225 146 
156 17 
97 252 
213 169 
36 112 
149 13 
34 226 
99 43 
228 165 
136 31 
178 151 
40 160 
139 22 
125 24 
44 108 
180 65 
7 156 
33 224 
51 97 
7 207 
75 238 
128 76 
167 33 
116 82 
228 152 
29 220 
140 33 
72 188 
37 110 
25 223 
84 244 
71 108 
141 1 
255 250 
40 108 
43 118 
61 237 
242 177 
49 231 
100 40 
44 238 
9 151 
62 92 
188 112 
42 229 
43 225 
217 138 
145 77 
151 225 
90 56 
126 36 
90 219 
247 248 
123 62 
10 191 
193 186 
21 152 
246 234 
53 98 
151 5 
53 106 
241 167 
157 10 
25 192 
82 69 
208 136 
83 71 
157 12 
105 227 
127 22 
173 43 
213 175 
145 0 
176 52 
169 83 
20 126 
148 4 
132 22 
102 137 
214 141 
170 76 
119 80 
88 61 
246 178 
13 175 
155 6 
11 157 
248 187 
76 242 
83 245 
142 48 
157 19 
198 135 
91 64 
97 44 
181 71 
177 151 
1 167 
98 53 
152 2 
205 118 
88 59 
210 194 
168 32 
67 99 
15 219 
128 12 
217 185 
87 64 
38 212 
193 186 
234 193 
79 213 
215 148 
110 47 
255 255 
1 193 
40 186 
224 192 
184 163 
119 19 
175 65 
12 212 
42 185 
44 240 
66 93 
168 40 
89 102 
183 255 
222 154 
133 83 
157 17 
48 242 
229 162 
40 111 
209 139 
210 133 
171 132 
92 126 
213 189 
53 95 
218 148 
88 60 
29 120 
63 110 
255 255 
133 35 
207 120 
53 116 
175 50 
255 199 
18 222 
50 102 
198 113 
84 250 
54 96 
206 255 
53 226 
14 152 
154 101 
128 14 
145 10 
185 75 
210 249 
138 16 
5 175 
18 129 
218 138 
83 67 
34 184 
231 165 
43 109 
226 213 
251 215 
34 232 
240 253 
175 168 
42 227 
104 37 
104 63 
202 115 
136 14 
217 135 
202 180 
219 152 
127 48 
4 162 
0 184 
193 121 
235 255 
106 32 
208 120 
57 96 
236 225 
121 72 
116 70 
32 166 
133 6 
225 170 
214 139 
77 246 
90 61 
38 121 
131 9 
11 177 
32 114 
5 205 
195 122 
233 170 
255 254 
164 35 
121 38 
121 31 
12 216 
245 195 
191 94 
5 151 
180 65 
156 27 
68 235 
168 118 
232 171 
162 120 
49 118 
165 24 
230 156 
131 39 
30 230 
252 187 
255 218 
62 232 
146 45 
249 253 
144 1 
30 180 
22 209 
193 100 
248 248 
201 122 
22 134 
140 4 
184 176 
180 63 
58 205 
130 25 
30 209 
52 241 
22 128 
42 162 
52 229 
2 178 
106 58 
9 211 
240 177 
248 183 
197 132 
111 110 
115 68 
44 233 
247 200 
123 27 
122 18 
211 174 
120 16 
61 211 
146 7 
171 55 
239 172 
65 98 
175 255 
34 225 
200 133 
78 91 
100 255 
244 225 
74 81 
208 194 
28 211 
20 146 
125 22 
135 6 
37 202 
140 230 
38 114 
206 161 
24 149 
55 244 
33 117 
68 82 
34 186 
242 173 
191 94 
49 181 
53 103 
183 113 
182 140 
218 144 
209 124 
170 50 
164 22 
244 208 
202 114 
197 106 
250 204 
95 48 
253 205 
35 131 
55 98 
36 116 
87 67 
208 190 
168 32 
159 147 
213 137 
18 151 
26 165 
178 255 
237 208 
50 204 
94 61 
120 103 
59 90 
173 255 
162 17 
8 211 
96 172 
73 248 
191 95 
248 180 
108 39 
6 153 
144 7 
95 49 
169 254 
107 37 
115 21 
46 228 
201 133 
61 235 
255 255 
192 147 
200 146 
36 126 
180 65 
205 153 
255 255 
120 55 
90 247 
146 10 
122 16 
69 84 
174 164 
26 155 
141 219 
75 93 
207 188 
192 104 
4 201 
232 179 
15 131 
31 126 
255 213 
168 43 
202 143 
182 152 
68 235 
180 65 
209 131 
109 26 
49 230 
237 255 
15 197 
158 75 
38 164 
30 124 
94 50 
94 49 
138 231 
176 58 
57 206 
120 38 
7 201 
149 15 
147 23 
16 199 
244 176 
26 123 
19 203 
208 129 
172 141 
174 255 
255 195 
138 208 
23 124 
72 93 
135 23 
139 34 
99 50 
241 168 
37 141 
238 223 
246 178 
139 5 
66 234 
203 153 
255 255 
86 64 
82 72 
218 138 
177 61 
189 89 
4 202 
191 185 
22 166 
248 203 
182 75 
2 195 
111 35 
94 54 
247 184 
11 173 
20 202 
81 70 
48 103 
211 134 
199 146 
117 144 
235 175 
198 118 
110 40 
147 2 
130 200 
49 242 
225 156 
78 250 
170 145 
255 254 
146 27 
45 230 
201 255 
60 232 
157 195 
174 53 
106 53 
252 209 
181 255 
105 44 
107 129 
42 167 
29 171 
47 115 
4 156 
10 141 
188 92 
114 32 
200 116 
131 13 
168 34 
22 124 
255 253 
128 41 
192 181 
65 87 
234 221 
105 32 
90 55 
107 78 
75 79 
54 94 
97 251 
2 195 
189 122 
181 65 
222 151 
196 129 
2 158 
113 25 
113 26 
81 88 
175 52 
70 94 
108 94 
252 203 
240 241 
133 34 
149 2 
240 164 
244 187 
127 11 
139 30 
153 97 
137 6 
224 160 
207 156 
197 140 
173 254 
172 43 
210 132 
28 129 
17 221 
96 252 
34 115 
231 255 
133 23 
195 149 
241 255 
120 45 
182 66 
174 85 
207 158 
93 68 
165 34 
52 231 
203 181 
60 95 
73 103 
164 37 
213 192 
40 224 
152 8 
128 30 
143 219 
255 255 
73 98 
194 144 
245 176 
219 145 
9 167 
114 125 
99 125 
97 59 
163 20 
13 216 
36 122 
130 28 
9 144 
3 182 
4 159 
25 218 
187 177 
106 34 
86 66 
10 210 
150 1 
137 26 
35 232 
239 185 
87 62 
86 63 
64 101 
14 213 
85 84 
74 82 
146 2 
137 44 
14 176 
109 54 
35 114 
244 247 
32 227 
183 75 
219 137 
110 32 
22 204 
87 248 
232 157 
205 255 
60 205 
109 97 
20 218 
37 234 
40 170 
14 212 
61 113 
17 143 
255 246 
219 153 
67 237 
241 166 
31 219 
121 130 
255 216 
163 44 
200 111 
49 190 
18 216 
167 243 
66 84 
48 117 
38 206 
184 76 
211 129 
71 246 
222 255 
147 24 
117 30 
238 233 
86 118 
122 162 
134 8 
116 20 
1 160 
207 122 
157 15 
82 84 
61 232 
226 147 
146 8 
63 142 
244 174 
69 86 
187 80 
168 253 
254 241 
32 132 
132 27 
60 200 
125 17 
187 86 
106 36 
117 18 
217 135 
255 251 
254 249 
227 255 
62 91 
224 255 
77 79 
196 139 
176 68 
49 242 
136 33 
217 135 
174 47 
176 255 
184 145 
140 26 
31 122 
114 67 
32 218 
77 121 
190 92 
151 2 
21 217 
146 1 
102 58 
96 52 
255 249 
247 207 
65 87 
130 27 
226 153 
105 82 
12 209 
255 255 
229 255 
238 227 
112 68 
228 157 
79 73 
169 87 
122 43 
27 194 
221 194 
177 59 
171 40 
181 161 
189 87 
113 255 
59 236 
186 171 
255 255 
149 206 
191 186 
186 79 
156 13 
95 54 
142 217 
171 51 
203 152 
56 95 
162 18 
65 92 
195 107 
145 5 
126 20 
231 193 
73 94 
73 241 
123 29 
212 127 
74 88 
228 205 
120 16 
235 255 
166 53 
213 134 
76 231 
140 4 
230 158 
198 123 
100 62 
39 197 
249 199 
115 45 
161 214 
218 150 
247 178 
92 54 
20 223 
124 196 
99 63 
99 42 
154 7 
97 59 
181 64 
196 104 
168 69 
109 36 
137 18 
143 225 
14 216 
170 38 
140 14 
70 86 
144 0 
9 212 
192 97 
184 90 
214 131 
233 187 
216 146 
160 43 
245 174 
80 79 
229 183 
113 105 
83 68 
206 255 
71 83 
87 69 
254 245 
152 56 
117 22 
141 1 
215 140 
42 190 
132 5 
137 126 
166 120 
107 29 
10 213 
99 60 
150 5 
59 89 
138 2 
65 103 
186 106 
33 172 
46 179 
106 47 
208 167 
173 62 
109 28 
236 172 
21 222 
156 6 
200 182 
234 171 
139 236 
110 85 
57 242 
102 46 
121 20 
216 200 
144 41 
236 166 
129 106 
109 27 
208 132 
122 81 
111 54 
92 66 
172 119 
236 160 
64 106 
83 69 
31 197 
80 88 
253 190 
240 228 
221 148 
143 2 
118 23 
35 160 
70 102 
232 156 
85 251 
243 244 
6 157 
52 112 
188 121 
204 154 
14 199 
70 94 
184 73 
137 221 
19 149 
215 143 
102 48 
141 3 
173 54 
144 11 
69 84 
80 76 
219 242 
39 182 
65 213 
27 141 
251 248 
220 151 
118 41 
142 13 
32 115 
201 252 
39 237 
13 217 
180 69 
17 132 
28 226 
76 98 
127 51 
121 48 
89 78 
200 143 
107 33 
252 183 
96 61 
132 70 
179 105 
194 101 
41 107 
229 201 
9 146 
40 225 
173 107 
232 163 
26 214 
250 181 
42 112 
57 231 
43 239 
239 170 
169 54 
185 178 
183 255 
127 180 
8 147 
108 34 
233 166 
188 110 
188 172 
156 9 
255 249 
184 255 
144 42 
150 50 
234 208 
119 20 
56 236 
255 202 
93 63 
122 24 
209 164 
43 229 
103 57 
167 31 
215 132 
229 152 
64 107 
221 141 
116 57 
206 122 
153 10 
218 142 
210 123 
90 70 
253 193 
8 180 
112 23 
231 223 
199 108 
227 164 
60 192 
33 198 
222 213 
125 17 
209 255 
255 255 
40 201 
54 220 
16 132 
19 205 
113 28 
202 152 
74 102 
99 45 
162 213 
47 115 
228 245 
10 152 
239 166 
16 220 
255 255 
189 130 
51 229 
255 255 
72 237 
51 119 
84 81 
37 119 
23 213 
93 51 
131 14 
34 231 
109 28 
237 164 
197 123 
45 211 
25 123 
173 49 
206 255 
27 183 
10 137 
20 148 
80 83 
243 171 
202 113 
133 9 
196 130 
37 234 
245 178 
56 246 
14 191 
115 100 
157 8 
147 128 
27 223 
155 32 
216 144 
80 72 
2 160 
76 76 
141 6 
255 254 
49 179 
231 156 
35 138 
94 53 
145 20 
59 246 
151 21 
36 216 
30 153 
91 55 
162 224 
76 239 
197 126 
250 184 
238 165 
68 84 
152 5 
73 241 
222 194 
119 86 
61 234 
75 248 
28 120 
174 150 
207 119 
84 67 
165 31 
252 242 
202 128 
198 111 
64 244 
141 35 
114 157 
110 88 
222 242 
112 48 
56 101 
191 113 
54 202 
50 173 
188 254 
226 150 
231 153 
51 183 
50 119 
201 124 
251 186 
195 105 
168 33 
129 204 
140 2 
246 177 
40 229 
110 28 
190 119 
255 194 
207 132 
255 213 
224 216 
255 255 
173 139 
78 83 
121 14 
57 233 
213 136 
160 106 
211 193 
215 168 
175 51 
43 127 
151 1 
247 179 
105 226 
127 68 
114 31 
63 90 
165 24 
60 93 
255 255 
157 71 
136 19 
116 43 
34 230 
62 234 
236 175 
123 37 
196 135 
76 85 
226 168 
183 69 
185 137 
160 48 
43 191 
218 145 
178 182 
71 106 
64 109 
9 210 
187 130 
19 210 
204 251 
147 22 
96 47 
223 213 
57 95 
41 238 
255 204 
111 26 
230 222 
159 11 
217 180 
109 102 
47 114 
125 21 
81 235 
28 118 
159 12 
249 180 
78 91 
32 115 
118 31 
89 58 
142 84 
99 41 
158 12 
230 169 
65 91 
118 22 
129 22 
10 148 
63 95 
241 210 
71 82 
205 118 
208 125 
59 107 
207 135 
88 70 
46 231 
25 184 
143 0 
175 58 
235 185 
128 25 
30 118 
165 26 
171 56 
17 221 
82 169 
81 70 
68 108 
230 158 
222 210 
25 201 
154 8 
53 216 
50 226 
255 201 
234 173 
98 88 
41 232 
255 193 
6 152 
190 112 
232 161 
238 174 
119 33 
106 59 
9 211 
16 220 
96 57 
165 117 
91 65 
61 204 
127 31 
171 136 
22 124 
16 219 
236 171 
30 216 
101 53 
247 255 
150 1 
132 61 
1 184 
209 124 
155 32 
91 60 
179 60 
255 212 
7 198 
219 141 
196 105 
73 86 
131 28 
1 174 
76 228 
70 95 
225 209 
86 64 
213 185 
4 146 
89 59 
203 114 
122 50 
59 220 
26 136 
250 248 
49 99 
45 134 
118 38 
239 198 
158 210 
172 62 
251 212 
33 232 
148 4 
194 136 
34 150 
161 27 
221 209 
85 70 
251 182 
254 247 
96 72 
227 163 
23 162 
7 191 
192 95 
99 253 
239 163 
71 90 
181 147 
94 253 
234 167 
110 29 
201 225 
231 155 
220 145 
89 74 
135 6 
115 61 
88 60 
77 243 
118 117 
92 52 
234 215 
24 225 
255 197 
149 105 
79 95 
11 174 
255 222 
120 18 
102 50 
31 222 
4 168 
52 187 
82 71 
125 16 
0 188 
93 61 
85 179 
5 185 
187 90 
57 112 
131 8 
165 68 
82 83 
197 107 
17 214 
217 249 
226 189 
114 35 
179 58 
99 73 
23 140 
240 255 
48 232 
37 138 
81 244 
179 178 
71 111 
53 244 
85 70 
135 21 
255 207 
255 193 
144 241 
2 174 
196 108 
179 140 
94 53 
255 255 
54 101 
207 139 
217 209 
100 103 
105 34 
15 195 
53 101 
231 167 
125 77 
241 201 
216 148 
167 29 
34 171 
34 189 
86 68 
47 240 
229 152 
86 246 
105 55 
120 64 
190 91 
73 82 
124 66 
178 63 
106 40 
140 2 
54 236 
207 182 
22 216 
144 38 
89 85 
134 107 
18 128 
227 164 
105 39 
227 153 
19 136 
48 104 
132 77 
68 82 
247 211 
80 76 
255 255 
175 50 
53 95 
244 246 
207 120 
182 70 
171 40 
130 7 
100 76 
74 82 
91 60 
105 56 
29 224 
75 88 
64 242 
138 67 
183 79 
193 127 
1 190 
41 186 
61 231 
39 232 
56 187 
180 181 
218 178 
226 146 
70 224 
16 220 
179 59 
243 171 
45 226 
237 170 
82 75 
37 145 
193 99 
118 18 
76 93 
92 53 
51 99 
185 173 
144 0 
133 18 
199 110 
81 244 
222 143 
44 240 
60 238 
194 127 
49 108 
229 153 
165 96 
13 193 
214 130 
202 143 
198 110 
81 70 
224 145 
250 250 
255 255 
98 69 
3 192 
