25897
55863
59817
8493
53201
45537
45781
47921
57149
24197
60376
44559
47987
60120
20446
43232
21341
44095
25897
45234
8972
56814
41582
44408
7093
52373
58270
52321
25742
23388
60175
16933
41896
59741
6453
55436
52278
59339
44339
9046
44655
17646
60108
52293
43537
45064
59412
43125
57419
59046
48532
39586
59074
57510
40931
7123
53680
46783
44110
7182
45051
16056
59134
47159
21316
20361
6467
52372
59336
58953
9209
30544
5802
35481
60668
23838
53098
21203
18607
23324
6256
47878
57453
6955
6772
59723
21230
60338
57868
16712
6219
57139
55497
6334
47910
20177
26288
45047
26099
20165
8582
40940
58071
6363
54021
10494
53059
57135
59807
9215
21306
20470
8346
59778
8767
6228
58069
6617
60048
21370
43865
46966
54984
44181
19821
60241
39214
47138
23430
57977
44060
45141
60003
13272
6338
20727
24565
54230
60239
21240
59210
55256
48501
31721
41540
7149
23356
44365
19525
54015
8480
12717
13342
6679
38952
59328
60062
60781
6601
26034
8681
59127
39530
60186
12749
20783
52980
6658
44976
35490
8631
45243
20746
45040
45091
9718
37256
56926
21046
58178
52971
60794
8768
44035
39316
60175
42589
25833
12591
44112
8530
9141
24362
59580
55528
6653
55828
23057
45608
12867
47170
59862
46602
25887
13030
48526
19433
47980
60176
16068
6984
40880
39152
57975
47889
7079
59995
13109
13300
6257
21180
59214
25993
8595
43065
58097
8614
22471
7227
47908
60174
21347
6377
48508
20686
20134
13285
52297
9144
48010
48037
53412
58271
35894
5734
22522
58005
12497
45058
9612
57434
6355
7217
60190
47880
52344
8341
16823
45797
48449
22471
9919
59927
58991
8659
48532
59684
20380
25818
27237
6952
11840
57497
43690
17626
23257
59076
44758
33823
22462
16481
22736
9150
43690
5907
22516
8683
17214
43690
16486
20635
8351
59306
12778
44096
6374
6640
12851
59606
48549
16473
43876
60726
43717
56930
22690
22497
23319
5918
57056
45560
55335
23042
46710
22564
8528
9143
24349
48053
47175
6922
20071
60176
43568
46809
60090
25977
59760
37781
48001
13268
5682
59543
48041
15983
6217
6552
8581
6185
21039
22552
17374
5666
41428
6255
52998
23250
40972
60284
20063
38028
37231
26102
6352
8698
60051
40066
20712
7079
23421
8969
60035
6230
12733
16482
39319
16687
5811
22466
6916
24286
6267
42074
9329
12749
34189
47547
16977
20578
9680
53217
60186
16047
58128
34111
5797
6353
19965
52346
21189
16007
13064
5783
57426
22597
5707
60187
47898
21340
6949
22585
57972
27734
60294
43834
57208
7228
59389
57495
13285
5752
8531
48086
53010
58568
58198
22508
20629
57498
5763
8935
52993
48454
5717
38035
16853
13347
44821
60170
25835
20766
45724
48528
11961
58212
26273
11686
26164
6355
58407
44219
42649
58256
20533
60345
10226
9104
43690
23076
59061
7122
7226
25894
59549
21119
7069
57010
34056
6401
59968
23452
42601
45657
60027
45617
20119
6384
60330
9602
46567
18481
7187
59690
9816
12822
55565
17011
60780
13133
22464
60149
60787
18971
10511
13034
20136
12741
47801
59591
60288
43838
60376
5907
43690
5754
17209
9052
34740
41909
57056
42613
44635
20578
52372
22547
5830
47928
21396
59822
25820
13351
5886
22548
7208
8349
34027
56273
57970
24470
59792
20225
38781
45735
48029
52974
21123
9141
45229
20144
39164
22705
17331
26287
45548
47201
60725
59499
6626
39323
24065
10132
16712
21008
43709
48501
8609
55176
45894
22620
44035
6655
47367
47214
44162
44975
45066
21317
48447
9238
5870
6243
42409
23376
45879
25053
20585
53032
8705
60772
6243
20553
45726
44877
6562
48010
12799
57012
20441
54609
21149
48440
17420
34428
59561
47370
43417
9145
45585
26208
57439
44981
57509
6746
60023
26180
60736
44083
39442
57256
22469
43414
9060
26073
26186
41436
44383
53025
16591
46884
17320
11893
22743
12864
59634
7402
6603
16005
19444
23244
32310
41603
25206
11490
5526
11903
53091
55717
35213
7090
7216
47365
31863
57015
48489
9106
16742
25778
53109
45055
16565
39594
37509
59782
6529
36662
60127
53060
9835
47096
43370
47146
48002
41404
11970
44970
35451
45127
43605
9203
9239
59024
35521
23286
39589
12720
45714
60749
13334
6714
9201
58176
26987
53064
44342
17193
57230
57873
12784
21371
55892
43102
9699
15975
13264
59476
60142
20404
59459
5887
16935
8789
57174
38575
25625
6268
43089
59949
20214
43734
5541
45627
44393
12496
46335
47489
52980
5709
21306
9144
19893
46153
20665
25885
9072
47211
10199
43509
45070
9089
57264
8661
15973
8716
58078
25780
37646
6807
52343
45514
42079
21333
47751
20411
44266
48439
21296
19409
45657
21352
25772
7387
26283
6752
60315
47575
38056
12866
9678
44780
16526
28946
21169
57068
42668
25779
59499
39334
20740
43690
48432
53193
57497
45550
9700
23979
9280
48528
8502
22470
47811
6873
9202
7199
57975
6422
23296
9166
16757
16496
48035
59752
53189
18637
15984
57864
34127
45503
42503
16522
54034
44769
44126
17109
38967
23461
39263
45633
7229
18979
6488
43690
34632
46130
22695
11923
52339
41032
56911
6307
60005
25707
59533
42646
60178
5834
57876
45051
33974
16714
45507
8973
9742
44295
19467
59962
25983
34463
23386
45773
21351
43831
58213
43938
20452
57902
25829
45506
45671
16684
45701
25844
47212
45602
54162
5653
45186
12549
13177
48448
55677
44937
9399
56309
23280
22584
26284
22509
59104
13068
29017
60680
6186
26964
6509
47226
15980
21359
21227
8645
52346
45267
45644
60252
16570
56978
9282
45554
53208
8533
12868
48038
16557
38624
20865
60764
12878
16488
37694
25668
7091
9193
20016
13542
57864
53443
60271
6433
9141
9068
52272
59926
35236
41717
56715
19566
57491
47209
16483
59929
19999
7019
19536
53108
8765
60161
19390
22525
13313
45610
12852
20121
5854
6474
45548
48475
21237
22748
8504
9082
24326
55228
58197
16747
45100
12751
59738
47934
11997
11115
47887
23078
21214
55751
55799
57003
45650
7044
60686
9209
9138
45115
20450
55683
22704
13266
45766
20439
20923
45681
47169
44692
53288
6751
8999
48449
13338
7062
20809
24458
5683
60726
57493
25914
44999
13036
60037
47889
45086
11892
33985
46144
47321
13165
44202
12661
60189
35124
47898
10045
25838
43369
42598
9410
60787
15983
53294
60157
47888
53545
60657
58455
44032
57998
8695
44990
45085
45841
20629
6800
13255
5820
45627
48528
22712
38641
6605
9186
47803
60029
9158
35214
43350
57858
57207
5879
18326
23037
60259
26188
52232
43690
18317
6510
52983
58384
26286
59548
7077
58598
7204
60724
6590
48436
6701
8353
41252
57420
41545
5544
20502
48467
24301
43420
6479
39388
23380
45507
60369
25721
59939
20586
26097
9150
59731
17330
47204
22750
45086
38617
9208
53088
26960
43820
7216
39247
59935
48472
7004
45557
45260
60052
53687
7097
12727
42090
44117
53657
48431
60150
47193
47658
18589
7153
20010
24232
28611
5828
58826
15982
44605
44991
54212
44538
43690
25644
7176
32859
17164
11778
9327
52224
25051
41262
44059
59977
55767
12485
20460
47990
57063
48530
9656
6243
47724
22460
60792
47391
43698
45555
19893
57902
23050
55807
41055
44211
17458
47251
21212
47562
53094
11401
6435
6420
53473
9043
48387
59101
45271
6260
41020
44059
6244
22472
60335
7145
13286
9216
6473
59764
16489
6548
40994
11095
48000
56950
12854
43703
57907
57967
11977
41082
5655
13138
22519
25836
37248
54306
12328
47262
59858
47636
48484
11801
44973
9421
6624
20821
59528
60741
57035
5776
55306
7205
59931
11865
9033
60160
44199
57135
7111
7201
8636
7053
5892
13288
59803
60330
43713
8725
48024
16715
25886
47895
59663
23265
23533
12744
41248
52285
16665
7230
16494
52339
9162
45198
8656
57070
9498
12001
28947
10030
19866
60389
43674
21191
39315
46328
43306
8457
17322
5680
20514
25548
60156
8641
48014
11668
53097
7224
45273
46648
59887
20457
18399
52334
6259
44112
23273
57070
20528
46907
43641
43507
36162
8498
25802
16912
59970
5861
20078
59811
17238
57976
47195
13265
17210
45012
44621
5943
11699
6321
44111
43940
53950
41214
45247
20578
10967
17029
44391
45683
19392
20116
36458
22735
46000
47907
7079
24293
46137
23413
26526
54015
43690
57857
13064
23300
45241
20477
53059
25888
60045
17504
12569
59066
13257
22601
6477
47161
45506
43431
48003
8344
56356
10175
47984
25857
45719
8666
35501
12868
43400
7386
34538
48496
8709
29061
57034
60682
60116
23351
44150
16529
57259
20314
45233
46134
7385
5767
21369
5536
19941
60249
44864
59937
59994
8383
8548
53577
19812
13304
45170
53735
57424
60705
23071
46836
59882
43685
25617
6439
20967
45208
17484
21183
7396
60316
20619
21367
23383
19146
60781
53273
60294
20125
58175
12835
53691
57491
56494
57964
60317
38742
8780
43690
5792
19243
44992
9086
20745
19960
22557
16740
52339
59484
6239
53098
29833
7053
53474
6621
7074
20487
57268
18923
8754
21178
16685
12802
6181
21189
57887
45196
6628
59795
60051
19665
24359
35123
48032
20128
53237
35410
45266
59903
44348
18589
57865
6375
16524
58455
56234
8357
54194
56059
45108
42979
53996
22521
47575
9149
25788
52323
45155
45505
8466
48010
19302
44995
19701
59829
57268
58223
21155
47901
17239
53446
22602
45699
48461
16535
10999
44153
25666
20990
45605
46578
47391
30799
53061
58918
12013
44995
20225
11863
60107
8911
47159
23442
43883
5838
23257
43186
9108
47198
9393
23445
45230
56717
21239
52333
24223
45086
44084
35285
60792
47160
58201
8733
16920
53369
41140
11177
6303
8372
16014
39322
6333
34208
25861
23874
6214
45057
5779
25649
45166
21178
43013
60705
9156
59912
16868
17372
45199
17324
26156
47899
8471
39514
16071
12366
47844
44113
7206
17399
38453
47178
26224
35215
46989
58185
8362
6371
52982
20146
45059
59641
47638
22467
43938
24747
16123
45246
45643
8755
47189
48002
20997
48019
21314
12719
58349
25621
7105
26159
46391
44449
45512
37183
9844
60327
52299
57884
47168
45269
11442
47968
43690
8591
9811
43733
8699
8555
20605
45503
6608
48467
9487
43418
33337
44421
53525
8543
6266
19364
8677
23249
19681
7080
16676
8483
59924
20413
23295
5942
20503
23068
20530
6262
44180
42390
45272
44790
39525
5708
25583
21298
6270
53088
16870
47891
43591
47748
45088
25865
40829
9650
20105
45708
60113
9186
53176
43690
25915
9016
59725
16050
46724
59974
43697
6469
44538
48010
13381
20656
9074
60779
20099
45016
13348
47189
22694
8348
8660
53486
44935
8592
59924
19937
54944
44665
16475
6373
47428
60376
56233
47212
25840
57857
9173
17204
45709
45041
59988
44669
18531
6925
25925
8836
43644
60161
41114
6507
13283
30186
44834
9098
6337
60334
21395
39248
11927
59326
47825
46420
9094
45188
45057
53652
20438
55802
17229
30630
9009
53464
9233
22675
5727
8382
60164
19932
47901
54044
47824
7124
12650
6248
16011
6790
17274
25409
54234
43539
45235
45060
53200
47990
17357
47991
18976
26038
47108
16966
23757
54031
57436
12675
44975
5660
20034
24516
48481
43480
47777
9057
8581
39320
11190
34710
45190
20287
6881
21116
38039
60269
59824
38671
45272
57498
5684
13036
47727
48470
47913
45223
25876
52233
52980
20668
48007
8986
53198
48478
25590
58025
20698
43418
60105
59971
16875
30959
21099
6170
59469
12507
45648
45639
45503
38534
30196
20274
35142
22633
9589
17127
53589
23747
46127
34645
53052
60236
9301
21356
21218
13290
47395
7231
54202
60261
45271
22511
9146
35407
34041
44895
6315
12852
59487
5788
8757
5719
56932
5537
47992
12464
59970
21089
17391
8571
55072
8348
47225
57251
11244
15975
59598
8982
39276
6861
47184
44396
29811
42662
20303
23346
59842
21363
53128
60165
60282
20987
60130
59855
53063
31921
48504
60366
47851
57010
43601
8992
7026
6377
23048
25713
43660
44091
16999
39513
54950
46624
9187
6882
16708
53023
9066
20187
57440
39299
48539
45067
13379
13349
13032
5844
24474
45262
47268
16591
8998
16789
38044
57003
44165
52343
20225
59419
44059
23078
13243
20140
44995
59495
59769
47115
23408
60183
46028
20007
47109
47952
57972
60344
32140
34356
45232
56441
17293
6237
40309
53435
5660
44614
60368
46327
26250
59838
57863
42417
18988
16879
12846
6241
21190
10057
20225
60005
23352
6996
20243
25841
41439
7176
60175
53722
20192
26286
7166
20375
16026
20462
20903
59951
6982
13379
21053
46581
6568
8347
45489
58191
12591
21307
47108
13351
21314
57244
16573
25824
59228
18658
57509
21297
12594
57002
42585
47658
22707
57138
22551
53160
47273
60369
37598
9049
45271
55200
7148
33746
34121
6341
8369
22508
45137
47791
8558
57498
55419
39338
43696
34631
60388
20962
12674
19382
53066
9001
21232
59948
25592
44975
26223
53814
43963
52330
48444
52233
23423
13125
45548
18635
13325
6350
8656
9431
60176
13034
20476
5683
60173
23025
46580
18213
47836
60326
26286
16754
55270
18463
35431
9137
36877
21309
47913
21002
45265
8685
23416
47530
41054
44746
5659
39338
21166
10018
57997
23364
48485
6614
57017
8457
46074
47889
48440
18601
17476
58069
45004
22533
6288
45052
12878
59702
35216
11545
7166
60669
23376
18996
40966
23420
47401
59846
8768
9523
53049
39337
21181
29100
48473
12459
59958
60682
52325
58985
5869
60347
58447
16004
13029
57019
56176
21020
8904
45067
18196
6944
43690
46070
25640
59474
52314
21318
17468
8967
47349
6456
20944
11882
5654
9685
22686
48505
6446
20476
59819
6903
45154
17206
9411
25976
42618
41516
21018
24828
22566
21027
43705
22543
57454
44108
7096
12426
60192
57966
20454
60332
16849
43423
7002
18445
59192
9642
5743
47437
39272
21192
17405
10821
47946
8477
38575
48431
60382
13253
6183
55475
59988
12548
53656
9086
13342
9053
20549
20917
48015
13114
9279
6650
40305
57420
22599
22508
6413
22511
13237
53471
20686
16888
47378
6724
53098
12734
47852
23467
47253
47684
46939
44057
59921
7150
16004
60233
20181
7412
35261
34121
9401
9117
35304
23394
44591
58555
24460
56168
52332
12755
20526
5905
58408
46041
48456
56148
45233
16675
22463
43557
43690
20006
25697
20932
60705
53157
16060
53064
21128
20459
6250
48388
57265
44042
9477
13212
7069
21031
45678
47981
60233
12610
23079
16070
20627
53066
6890
58230
58527
53089
10502
21009
9388
60379
47827
59769
59973
9058
43690
43690
53495
60139
39510
43696
23277
25624
53067
6408
6794
12593
18598
6813
46595
59966
5787
6475
44934
45685
8691
55704
60670
52224
60024
57497
60787
15962
9255
56199
10967
17309
26064
5700
42601
12628
16855
43690
20002
47920
40818
12813
9029
60295
13110
8574
8684
19209
16591
57222
24282
25839
45231
45634
44139
45063
25570
53471
47221
56865
6264
45056
48032
42146
8790
6976
60208
23382
8500
34504
44578
53101
44121
21186
8509
59715
33524
47972
22564
59950
6293
52224
35412
47858
20037
35410
45157
47934
8587
17632
12386
45610
45067
42650
53289
56361
60107
60783
23623
60668
44127
16029
13250
60152
60751
44894
7015
20264
25891
43690
31969
45056
35142
6526
58582
9957
44054
44995
57068
21229
57492
8983
9144
54287
23024
59051
12821
45506
28952
20597
44953
39530
17398
46438
8521
18522
29368
22475
53557
48034
57262
43690
23393
46331
9212
18304
44982
9117
26374
13283
12821
23299
58978
37296
5809
44873
7131
59107
21368
13351
43539
53249
44116
55370
45563
45550
8498
60821
60090
45717
52973
25826
21297
6611
48009
11628
24428
56927
13163
6765
34426
53185
5739
60795
41265
60760
60340
36913
25804
23619
20218
43690
29222
26220
20137
6579
17320
26092
57909
47167
60719
53537
58928
59356
45246
16070
46569
60250
52227
40915
35121
17404
59981
60781
48450
45067
45645
9060
5817
57495
21226
9173
5676
46597
43414
39337
22474
22551
47172
12639
5703
52233
55101
21153
47915
53550
20438
23872
45655
57890
60381
6921
58018
59055
18504
57889
7120
6444
8622
45640
43643
47199
44991
41823
52972
9189
23051
45230
13340
20508
7231
34156
60276
37313
43685
60206
39119
8610
48432
20172
47604
52227
44116
43560
10774
55729
8366
45184
7117
6552
18924
57202
10178
25896
8381
5699
47687
40337
48086
22755
59500
8692
60220
20596
58197
8516
47988
52344
11925
10039
59031
44836
39216
12364
44141
9057
22704
22580
6686
5737
43828
47955
23323
59048
9704
12670
9104
45116
57052
9077
60051
45799
9025
7207
7103
23669
45538
41617
57495
5680
21186
7065
24332
47927
25858
16473
58212
57016
9117
43413
25880
45274
34217
59994
20343
53091
57978
48443
46858
41545
52339
8597
24314
43452
45615
46513
21224
7191
52231
19327
53009
9055
59550
60729
22715
8494
59118
60216
47899
47108
44999
17652
7408
22629
21228
45849
56924
26208
52373
53535
43467
19841
26328
16727
52223
12014
33985
52274
57427
43350
41415
44968
46500
45646
17410
43573
60744
34093
60265
44269
12583
21018
48016
12850
16513
6623
8907
26034
8519
22692
23983
6230
60038
57144
56749
59718
10396
52933
59903
12790
39306
48537
23409
60330
45275
57452
55241
52982
45849
44995
58114
53468
20937
7219
25787
5806
59837
43711
16881
48529
9073
60387
6572
12801
41590
33522
12603
13091
52971
7072
42419
33896
9118
46846
6622
47643
22700
60716
46631
17218
57509
48003
8547
25986
18544
43690
45094
26045
59652
6374
48473
44941
19947
23677
16686
8458
60021
26156
20467
5908
44864
43372
57858
44036
5848
43756
44997
19397
48509
21356
47700
57452
23533
48538
45636
26191
9027
60335
28943
21192
45242
46017
6606
22593
22463
57132
37175
17317
44117
10555
26186
23342
5528
43508
20153
45646
48086
57908
57907
9058
46694
13185
52226
21234
20418
58205
5529
7213
46422
13360
60002
22545
45650
60390
25626
53986
60262
44989
21242
56924
12031
60039
23888
12667
39316
42678
35089
21128
60227
9952
20148
48007
16917
5789
6543
10168
45672
47918
23037
39249
43690
60117
57136
38580
42406
5750
20138
8593
6254
60657
48469
37615
23854
59759
56524
47866
47046
52314
16716
57972
54226
45082
20651
60008
47790
59876
5868
48389
45952
6266
39384
45232
13346
23258
52373
45055
20213
20528
59045
55366
34198
59954
42403
6305
8521
45219
60303
43935
46272
46275
47672
7202
13306
56623
5944
45553
60153
19290
60113
59722
13033
48417
45556
19718
60229
23342
53109
60364
17250
57441
6917
53005
52985
8482
46085
53218
39529
43690
34301
57490
25530
47286
17404
59474
20854
6271
60821
60668
45654
43531
5947
52320
9098
59887
24516
11919
39577
44943
43690
44367
9151
20585
13030
15971
17189
26471
16072
47973
47064
60339
47981
5788
53226
6641
6258
20645
13169
20587
60194
35664
5899
60228
8663
53477
6228
59938
16072
52974
60671
60179
39529
57228
53058
21230
23044
24485
23276
16059
45516
58792
13030
13084
33652
41408
37943
23276
13358
38520
20255
22517
59394
21138
12759
60727
47133
16004
46113
7114
6218
23068
60115
23316
21013
11874
33818
60158
13134
22624
44092
48390
60682
10222
45917
57054
58580
6425
47867
9970
43394
26275
52979
9175
47915
38932
60740
60298
6489
16692
8342
57005
25983
45514
9054
57154
16473
45721
59784
59941
22565
60718
19416
58858
21013
7192
13390
9698
5554
5697
16885
45052
59672
35361
26068
47963
9079
16837
60105
56512
54177
19224
60380
16798
22449
16974
59993
53144
16691
60188
55211
43459
9065
7188
57418
35396
22571
6230
20229
19379
60172
48467
60241
8628
6290
53110
59555
7057
8469
48550
6836
45633
58088
48539
8346
6181
60728
60185
12723
11846
47049
55811
11945
60792
60183
9226
22528
53563
7205
20475
7409
44910
60223
7066
57002
10138
56401
57431
6265
52279
9041
8346
26055
13323
57969
22498
10544
45111
53090
55916
9812
23076
9140
59931
26178
25848
39334
44839
9098
7069
60218
46952
59844
20146
58256
45204
5672
45093
60349
9512
13078
53647
7013
10075
7395
23233
53095
53929
41400
57907
42808
9169
48026
52343
24536
53189
47847
10098
23951
43711
13088
17047
46085
22562
59737
11823
48531
53055
6534
19361
9202
19226
8742
39525
25683
44117
8458
19880
45047
52374
10591
59782
58098
20918
19739
20218
45550
60133
17423
45512
6396
53227
59755
58045
21396
60182
18394
43719
60179
23668
25765
6838
8681
58742
17513
47457
37714
43353
53096
18635
60682
45549
23299
21036
47462
53570
10698
24331
55226
23257
59979
18521
48009
24538
60786
19424
6403
21338
59817
11821
39338
23419
59794
31041
21306
60792
48041
23335
21061
48387
48034
53217
52980
47528
20490
46328
60716
20244
20778
26187
57131
53512
11862
52224
13178
20422
6189
16843
53942
39332
43690
9725
47909
19265
57216
23282
53087
48042
60364
45234
6578
57881
57900
20347
8710
57066
56977
20670
59643
12668
12685
23289
54234
25737
44726
5769
20224
41296
59497
19485
52933
43529
24450
34299
41765
45093
57496
59956
47031
45023
8682
47839
16827
23041
22732
13180
60109
43697
16964
13149
42581
44783
47330
5526
23068
60674
60287
47586
22680
21295
59904
42601
7231
23290
57225
56113
47883
45050
59554
48042
55288
11941
23417
45052
5944
43718
58519
57208
44977
26117
44342
44065
22550
53609
5653
22737
32984
41016
25831
58798
44931
6842
33976
6521
60390
35428
52983
46367
60328
16672
59951
53682
45798
22705
48386
20990
60199
43116
18538
52335
47015
43563
58799
8369
5669
60379
60044
46261
6299
9099
41017
48530
6751
13068
7009
17286
60118
59500
13343
43690
10069
45579
45660
54029
59521
5554
12726
57858
58296
26249
16774
60682
38029
34143
5680
44529
58000
44670
8370
23458
9358
12556
60039
43429
8359
48035
55731
58408
7085
36972
59127
9162
19551
45548
6362
42346
43475
22496
13144
45702
38398
9147
22507
21395
48538
47932
23328
6429
43442
60017
9675
11009
59959
9378
44785
60316
52233
44774
43370
23360
9824
5555
45243
44117
52279
60371
22510
23307
6351
45020
47976
6592
9463
47803
6631
59735
8733
47391
45750
57966
48482
13032
43108
43690
9177
20488
21217
25638
60380
23305
6348
5864
57215
55856
47323
19857
17395
19352
5890
55355
13378
60177
56165
19404
60389
53531
23050
57034
23297
6273
60725
11987
58261
7069
47110
45642
26223
43346
60273
47887
8707
24166
6425
23059
52338
57248
9097
12648
6233
45058
22546
13227
58265
19192
60749
44970
47771
5867
23892
24345
53051
57425
52374
22645
7060
26249
48437
20365
9163
20130
12746
40290
58756
5904
24524
52344
19386
37725
45517
23424
25990
23896
42665
6925
55957
21366
54017
43690
23507
19081
35495
16006
21339
26079
9887
9642
60178
45782
60375
47961
33005
46193
57425
54217
53022
7386
12720
58221
52335
15970
6373
42581
57424
20966
16806
39593
20097
23406
7080
57992
47196
20496
6939
44776
23370
6388
39320
43869
60722
8768
17129
47806
16012
60794
13117
57883
22472
23071
45632
16914
18433
44995
12825
60288
34241
34557
6362
7084
57016
12861
43728
13308
38442
9405
59036
21360
57971
17640
60207
9748
44290
60289
9374
57132
57223
5948
45499
47229
60734
45242
41069
60787
23239
17008
35141
53800
23481
45270
11921
6358
16496
45059
6437
6460
22717
6574
60138
13098
47677
12678
8920
9108
23683
25543
22511
12826
8458
45655
37019
22716
23315
25852
60293
22622
43501
25987
43122
9091
13289
60768
43697
8494
9504
16658
47287
24355
9170
16761
8475
43690
43397
5532
17280
57509
39577
22475
43764
9335
48532
52279
13335
43957
44975
20079
59482
9347
45735
59660
39210
48474
20602
7050
26041
16663
20653
20530
40727
8500
54337
44995
47182
23912
60175
13122
5728
20659
13127
6504
26237
58004
13188
59839
47732
45049
12793
58017
6281
7024
22528
47159
12617
21007
20130
46634
16022
26256
41378
10294
22750
57225
48444
43697
47748
47183
44531
8371
53483
16692
40902
43690
9118
6348
47920
13301
9443
43691
57039
46334
43430
20935
46959
16784
13215
43734
15970
60388
45050
60379
56862
26292
7424
59634
19624
60284
57223
45723
17060
6377
48009
41556
45263
59823
25538
6944
5862
60089
47199
8866
60110
6400
7033
48030
17166
48504
59068
60382
24444
41336
43416
41245
21331
9688
55506
13270
8629
44690
16532
60174
60112
44037
20219
60380
43417
8516
60023
60264
9690
40895
13282
45913
44680
8342
23232
57157
53116
10653
60116
8686
60176
43724
13115
24499
22668
20585
57908
7070
23863
25308
6963
6464
20644
9220
43690
5889
25580
21309
7073
12693
12693
47570
45604
60290
11947
60373
44971
57041
21211
13285
60182
45108
13319
55597
7052
57910
11933
41311
6458
59494
17232
43377
57858
52980
43690
26044
6240
15982
8690
6599
47744
20087
55727
46647
6558
56163
47219
52978
47262
6965
56999
6942
47994
9165
37362
7401
9211
16721
5869
43690
8573
11054
20452
10434
58277
45013
9219
19935
53487
8496
7174
55219
48537
7235
25570
59973
53434
34161
26973
30607
9765
40341
43433
16067
43414
13036
11850
60248
45737
43728
53964
43690
44536
45055
6927
18951
44870
60130
44447
34203
13111
6527
5893
18501
18257
6188
45501
59983
56231
23050
11569
59763
60102
25595
34233
43692
8693
59952
45055
23652
19590
47181
59778
43888
43280
8598
8485
26456
11566
26115
12551
48430
12697
9150
43960
21135
25828
16558
35424
35480
33929
33851
40961
52327
43690
26093
5736
56811
60192
5898
18619
18621
53452
20759
52335
57077
45085
58955
7182
6219
17253
9138
43629
24394
5812
43350
9547
9092
6447
43655
45703
52275
56735
21358
16776
5860
44504
17371
41138
53090
21168
8359
57492
21319
16519
20498
55750
43605
41627
8703
8344
8519
22524
8648
35213
60343
20980
52336
60150
5906
43902
13190
23450
40970
47187
41433
19900
25907
7203
13328
53501
57006
31670
43751
16722
43556
60780
56894
43690
23601
54194
15983
52979
59944
43153
60742
19795
20262
22704
60143
53147
59953
45650
59886
43690
7197
45656
9165
25896
20158
59053
53164
6241
47164
6182
7396
52341
31956
20326
23630
55008
23800
7183
47660
8472
39316
5710
59761
20909
45268
11907
22632
17131
22683
37662
56924
12729
19179
60107
13073
35149
40339
60052
60296
19697
7188
7082
42341
43885
7407
22688
7106
57447
57006
34664
20274
43366
60387
6483
35124
60682
23672
20164
43690
45084
11986
60779
8664
48391
59483
26961
46968
12720
60258
22536
6218
45705
59711
34329
18666
59867
5779
12810
57267
16751
22531
13068
20586
25779
55898
58004
9782
48506
21155
59129
30000
12877
21182
26144
12005
60152
43697
12848
12763
23304
45229
23444
6266
22702
16852
13324
53498
22647
22604
48013
56146
38844
7206
6500
25225
43647
6835
20401
46439
17019
43896
13085
60198
13175
45500
60343
20801
9117
47936
9104
60321
26694
5737
57910
46950
60161
57498
56804
16070
60192
59788
31959
47981
56502
9791
7217
45240
19982
60369
16796
45103
26100
26164
58876
59486
47745
9157
6225
57230
34326
20156
7095
60390
53063
7215
41224
57962
11936
21306
59994
46120
9151
23942
46439
44743
25422
47247
6313
43690
20482
19238
44714
35141
5680
56406
21322
19245
23024
8541
57898
11645
39530
47160
55734
59480
23044
45725
12863
47948
47927
34015
11270
46306
13390
47220
7216
16019
13227
43690
59062
53055
12427
58201
44992
21240
13106
53143
26230
13076
42409
23479
16828
55261
59990
60237
57134
42567
59844
20204
17325
48008
9120
19406
45710
12854
44445
44154
22758
43603
35007
22601
6361
6933
53089
59966
48084
46558
47151
6741
20124
20458
53186
43418
6380
52970
13291
43089
9601
9508
18492
60045
45767
47987
26061
7223
12669
60014
20300
12710
20578
53195
45607
43691
58015
6525
5822
21296
44828
57003
16684
57267
59445
25823
54140
45605
54246
12477
60795
48494
59024
22504
45087
44091
23318
59229
43666
60163
19694
21053
52281
43648
53031
17282
60128
35392
57423
24477
59757
21079
23057
17342
18658
23435
20232
6946
21358
45225
45269
47753
10411
9503
22673
44927
5770
5704
46939
5696
23646
60209
58224
45573
11949
39338
22535
47827
8627
26981
43955
8685
41230
21087
16926
5741
60035
24183
37998
12728
46845
17113
23077
12696
8478
19400
45559
57003
18962
13100
53436
34252
47206
52979
58184
60718
44186
53090
52343
44958
7423
44962
17418
13081
12682
9146
46332
57962
33530
47992
16945
19831
39513
44539
24414
7181
10623
13347
39334
60685
21359
29434
25987
57002
45264
6351
16765
60223
7422
39319
6366
5660
22628
47826
23326
43690
47525
47566
12620
57267
47384
43690
6783
26323
60232
5710
8483
35014
17035
37686
8604
46351
52288
20601
45893
16474
16041
44110
57893
47675
34518
25823
57267
47878
5943
23447
43430
20676
56243
18468
16036
7410
7421
38001
57446
24471
6524
20606
60262
59578
20757
45232
16009
20960
47875
33955
39337
45050
37734
16079
8595
59776
59081
7075
45505
17506
44291
45240
60124
25826
47396
43690
9150
9068
48008
57432
57016
20598
35478
19842
44943
57209
20489
6394
7400
45183
19998
20956
9111
13119
47923
47547
32275
45584
53122
6332
60171
36932
23047
48465
26034
34663
43691
59593
22637
42390
23322
37212
58215
7031
44123
39526
6289
31820
18643
19766
12784
16736
16567
56992
6404
53104
59998
57964
16076
43692
58985
46489
8510
44343
6379
7385
9371
8368
13378
26956
20489
53277
57266
47171
47795
16728
5864
5869
8771
58213
8552
9996
44981
43523
59063
60189
45488
45173
5530
59705
55272
60119
45738
47375
47689
39335
57909
47926
17401
21234
26960
12707
43370
59790
47518
43606
6587
57272
56775
47361
9185
58013
23439
46556
13317
11900
57993
41275
22592
60288
59734
37690
43690
11885
47532
45233
47204
20092
10999
11252
7110
60725
21297
12660
59740
16875
20251
16741
21127
35404
6370
9144
21346
60183
59693
22757
45974
7235
7233
11953
21325
8739
8674
60168
58931
20308
6983
12705
43567
22543
57210
48006
6398
20940
26239
48531
42406
24483
10482
21212
22749
18574
21324
12376
17236
43715
47150
25846
45501
21146
32717
44095
58101
52373
19197
21222
39194
8502
12465
24130
57136
47884
25897
42665
59599
5831
43159
11394
29026
60030
5664
20137
53051
60326
8758
23321
48393
60228
17833
45550
8493
57071
39315
43773
17466
59765
24506
5714
57041
6364
5687
48084
43696
43709
43354
13329
43349
8364
47733
57242
23047
59073
48084
57857
39509
34371
59676
16025
9483
23910
12178
57006
60185
21208
60173
7128
7088
43710
44906
8510
59747
48455
10093
21339
43690
43366
43099
9488
48483
8342
56788
6537
20811
41309
57444
57903
35128
57038
27222
23349
35209
43690
37319
35481
57147
60323
7403
37693
58186
47397
13375
60680
8529
52298
60216
5732
44732
8599
26088
5812
52933
8580
44619
5696
43418
58157
47917
25711
60128
48488
53211
7150
24196
45012
6646
40343
47224
45243
7396
21189
28618
7152
6217
60371
7110
57265
52346
56443
6345
59853
37974
21310
57976
59910
8488
60160
21363
52227
56974
47899
45958
47212
58053
45549
9045
45862
10728
9119
42409
8474
9092
43719
58410
5671
60152
47983
19218
60043
54589
54230
5918
21367
7157
60199
13348
60104
11964
53538
18513
19281
6297
46911
58285
5897
45578
21191
60364
46548
45603
38069
10061
23271
6248
5753
41344
59201
45638
54887
5942
47930
9805
6977
9206
54127
45658
11972
9118
20838
8768
45063
43930
47179
60145
5673
18447
11906
48528
26228
43573
16749
12442
53275
47388
20673
8552
57131
37656
16948
47978
7062
60148
58221
60239
8483
9050
42721
19329
25522
17206
43653
47173
6615
59917
12709
42385
22734
21298
57227
17307
22518
11868
6746
6721
9021
47679
6382
45285
7163
55948
53708
52279
12846
44658
16871
22595
53814
45679
21106
45277
12740
23510
22704
45627
58237
35399
39530
28911
16869
6388
45693
53516
35232
60345
43710
39573
59214
58514
44484
5679
23344
44977
7172
5774
46905
22644
7126
60778
47909
48507
11973
48034
6875
53048
60301
48024
52961
9176
45042
20346
5653
44352
52335
45749
24560
24215
41575
5714
42582
43690
24107
23780
17306
20982
5875
47398
11896
6236
40349
12784
43297
16772
45633
21232
43690
34141
23454
43690
25787
12474
8721
12686
21036
7412
59985
22553
5897
45643
53212
24052
16006
58194
42409
19674
16525
16928
8709
45514
53095
60018
47796
22749
45239
23254
20395
10527
60347
33711
21168
59375
47210
9066
20134
8352
60135
43691
18956
48495
17481
7405
59571
23249
59534
23920
17085
7386
38916
25775
53229
45094
45645
8480
60377
26088
41304
9771
23325
25989
16016
34626
53056
9141
60774
43764
47812
52329
25914
59124
32349
10046
42744
6656
13273
53502
24434
18935
39588
48434
48510
18970
12475
53019
45091
52294
57963
36945
60150
45245
22651
5894
53481
45051
47855
44110
44394
43690
33972
8697
5565
23336
47995
53956
41222
46975
58202
12602
60182
45242
26695
9573
5883
13331
60795
13321
43690
56270
59855
6623
22552
23314
45583
6516
47759
8651
45774
57220
34178
58112
19216
47207
35352
11993
12027
21357
34123
21001
42421
59577
6229
41574
13372
22717
44975
5947
44354
60336
46195
10445
12785
5730
26468
15982
60335
45265
8627
12709
5827
7213
55790
6214
60334
45783
8524
5672
59799
16860
13312
44205
8473
53063
52977
13194
47850
9172
22635
19497
60159
58265
45964
59753
15976
60791
58255
21234
30535
9111
12000
48488
41560
20866
60292
23763
23458
44990
45597
10190
22657
45052
16764
53500
45675
45570
6462
6947
21358
21232
7107
54050
9158
24481
5802
33925
16076
21231
45621
21140
7048
43626
60183
58699
20457
52979
59375
7221
57439
44111
20521
48028
52345
8663
59743
20221
25696
8553
44456
9150
46290
16670
7214
53091
6728
23583
17190
43652
13062
17613
6440
44779
37464
58286
44149
22761
60192
47724
18360
60748
41554
9101
45275
43713
9280
45728
19859
20416
52223
26972
45648
8561
34356
26285
45691
5895
42050
48496
47195
9005
60035
6902
7216
26102
10797
7392
44505
22465
44996
55160
8618
19985
44035
5700
7058
21161
20176
19167
9107
5715
20464
7176
29854
20440
56969
12393
60015
56353
8713
52340
21015
42626
46071
6411
57441
9286
17221
43605
23402
17527
26169
35337
12010
23075
9101
59780
44970
45052
38403
20210
52320
34293
7405
43690
13095
47632
41538
10287
6375
20730
13090
45696
9634
44866
47216
60780
18507
19447
9094
23039
48507
26152
7036
9536
57011
8679
9566
57427
6276
60150
23366
46571
21206
59196
8920
54905
17324
45749
6356
48454
17263
13120
55883
8478
44176
9050
43690
58201
13390
43566
53055
57218
57903
60051
9312
8674
7221
6955
22523
8581
25860
56011
57152
53246
20477
19239
23526
22741
19077
35363
46178
48392
25660
21232
57440
45514
22621
45623
9059
18328
52230
5682
8611
7395
13066
35256
60160
59831
52331
26169
48041
23024
23302
53233
13137
48504
53913
20722
47896
47675
52328
9111
48387
43656
43690
9271
20495
