2 256
0 0.0171788
0.0171788 0.0231517
0.0231517 0.028747
0.028747 0.0316817
0.0316817 0.0347128
0.0347128 0.0371212
0.0371212 0.0402597
0.0402597 0.0420091
0.0420091 0.0439803
0.0439803 0.0459464
0.0459464 0.0479836
0.0479836 0.0491035
0.0491035 0.0508513
0.0508513 0.0523919
0.0523919 0.0539185
0.0539185 0.0550157
0.0550157 0.0559927
0.0559927 0.0572603
0.0572603 0.0583895
0.0583895 0.0594524
0.0594524 0.0606511
0.0606511 0.0624542
0.0624542 0.0633879
0.0633879 0.0652339
0.0652339 0.0662924
0.0662924 0.0677345
0.0677345 0.0692197
0.0692197 0.0707616
0.0707616 0.0722341
0.0722341 0.0738534
0.0738534 0.0750546
0.0750546 0.0766276
0.0766276 0.0780267
0.0780267 0.0790952
0.0790952 0.0807252
0.0807252 0.0823887
0.0823887 0.0835395
0.0835395 0.084933
0.084933 0.0860742
0.0860742 0.0874796
0.0874796 0.0895791
0.0895791 0.090621
0.090621 0.0926589
0.0926589 0.094113
0.094113 0.0951799
0.0951799 0.0967484
0.0967484 0.0981181
0.0981181 0.0999769
0.0999769 0.101044
0.101044 0.102339
0.102339 0.103761
0.103761 0.105396
0.105396 0.106749
0.106749 0.107628
0.107628 0.109832
0.109832 0.111045
0.111045 0.112261
0.112261 0.113636
0.113636 0.115259
0.115259 0.11599
0.11599 0.117292
0.117292 0.118429
0.118429 0.119358
0.119358 0.120581
0.120581 0.121277
0.121277 0.122551
0.122551 0.123764
0.123764 0.124853
0.124853 0.125815
0.125815 0.126546
0.126546 0.127432
0.127432 0.12814
0.12814 0.1298
0.1298 0.130967
0.130967 0.132189
0.132189 0.133635
0.133635 0.135306
0.135306 0.136859
0.136859 0.138532
0.138532 0.140171
0.140171 0.142109
0.142109 0.144558
0.144558 0.14731
0.14731 0.149977
0.149977 0.151936
0.151936 0.154366
0.154366 0.157296
0.157296 0.159394
0.159394 0.162212
0.162212 0.163987
0.163987 0.166956
0.166956 0.169946
0.169946 0.172461
0.172461 0.174984
0.174984 0.178769
0.178769 0.181912
0.181912 0.183877
0.183877 0.187492
0.187492 0.190827
0.190827 0.194325
0.194325 0.196874
0.196874 0.199787
0.199787 0.20208
0.20208 0.204727
0.204727 0.208548
0.208548 0.211476
0.211476 0.214327
0.214327 0.216028
0.216028 0.21812
0.21812 0.220627
0.220627 0.222852
0.222852 0.225465
0.225465 0.226823
0.226823 0.228513
0.228513 0.229629
0.229629 0.231617
0.231617 0.233727
0.233727 0.235921
0.235921 0.237795
0.237795 0.240051
0.240051 0.242078
0.242078 0.244625
0.244625 0.246798
0.246798 0.249473
0.249473 0.2519
0.2519 0.254626
0.254626 0.25656
0.25656 0.258817
0.258817 0.261442
0.261442 0.264051
0.264051 0.266981
0.266981 0.26921
0.26921 0.271904
0.271904 0.274095
0.274095 0.276846
0.276846 0.279649
0.279649 0.28215
0.28215 0.284659
0.284659 0.287091
0.287091 0.290686
0.290686 0.294411
0.294411 0.297207
0.297207 0.30076
0.30076 0.303634
0.303634 0.306497
0.306497 0.309042
0.309042 0.313186
0.313186 0.317172
0.317172 0.322976
0.322976 0.328473
0.328473 0.333493
0.333493 0.337711
0.337711 0.343047
0.343047 0.347962
0.347962 0.353235
0.353235 0.358383
0.358383 0.365421
0.365421 0.367888
0.367888 0.373298
0.373298 0.376881
0.376881 0.382442
0.382442 0.386819
0.386819 0.392489
0.392489 0.396119
0.396119 0.402206
0.402206 0.406952
0.406952 0.411791
0.411791 0.41533
0.41533 0.420374
0.420374 0.424041
0.424041 0.427645
0.427645 0.432102
0.432102 0.436081
0.436081 0.440345
0.440345 0.446185
0.446185 0.451712
0.451712 0.454907
0.454907 0.45902
0.45902 0.462249
0.462249 0.466048
0.466048 0.470595
0.470595 0.474243
0.474243 0.479918
0.479918 0.485916
0.485916 0.491011
0.491011 0.49398
0.49398 0.498206
0.498206 0.50235
0.50235 0.506096
0.506096 0.510514
0.510514 0.514731
0.514731 0.517855
0.517855 0.520189
0.520189 0.522351
0.522351 0.525865
0.525865 0.529332
0.529332 0.532478
0.532478 0.534355
0.534355 0.536344
0.536344 0.538253
0.538253 0.540363
0.540363 0.542898
0.542898 0.545127
0.545127 0.547655
0.547655 0.550435
0.550435 0.552578
0.552578 0.555178
0.555178 0.557214
0.557214 0.559982
0.559982 0.56155
0.56155 0.563882
0.563882 0.565798
0.565798 0.568059
0.568059 0.570086
0.570086 0.572001
0.572001 0.574461
0.574461 0.576071
0.576071 0.578024
0.578024 0.580043
0.580043 0.582059
0.582059 0.583874
0.583874 0.585841
0.585841 0.587255
0.587255 0.588925
0.588925 0.590667
0.590667 0.592358
0.592358 0.593873
0.593873 0.595081
0.595081 0.597026
0.597026 0.598314
0.598314 0.60032
0.60032 0.601516
0.601516 0.602726
0.602726 0.604253
0.604253 0.605156
0.605156 0.606262
0.606262 0.607212
0.607212 0.608425
0.608425 0.610296
0.610296 0.611655
0.611655 0.613103
0.613103 0.614854
0.614854 0.615969
0.615969 0.618481
0.618481 0.619781
0.619781 0.621588
0.621588 0.623256
0.623256 0.62509
0.62509 0.626087
0.626087 0.627756
0.627756 0.629295
0.629295 0.630649
0.630649 0.633001
0.633001 0.635066
0.635066 0.636709
0.636709 1.79769e+308
0 0.0174265
0.0174265 0.0266884
0.0266884 0.0337883
0.0337883 0.0378731
0.0378731 0.0411135
0.0411135 0.0459974
0.0459974 0.0491437
0.0491437 0.0522159
0.0522159 0.054828
0.054828 0.0566111
0.0566111 0.0588258
0.0588258 0.0623747
0.0623747 0.0648232
0.0648232 0.0669323
0.0669323 0.0691234
0.0691234 0.0716541
0.0716541 0.0747557
0.0747557 0.0774131
0.0774131 0.0790188
0.0790188 0.0814596
0.0814596 0.0836296
0.0836296 0.0856355
0.0856355 0.0871234
0.0871234 0.0896974
0.0896974 0.0907623
0.0907623 0.0925333
0.0925333 0.0942223
0.0942223 0.0969759
0.0969759 0.0983932
0.0983932 0.100139
0.100139 0.101768
0.101768 0.103335
0.103335 0.105416
0.105416 0.106724
0.106724 0.10871
0.10871 0.110425
0.110425 0.112036
0.112036 0.113542
0.113542 0.115234
0.115234 0.117404
0.117404 0.11906
0.11906 0.120974
0.120974 0.122942
0.122942 0.125403
0.125403 0.127589
0.127589 0.13007
0.13007 0.131964
0.131964 0.133641
0.133641 0.135662
0.135662 0.138228
0.138228 0.139682
0.139682 0.141481
0.141481 0.143049
0.143049 0.145001
0.145001 0.146724
0.146724 0.148214
0.148214 0.149641
0.149641 0.15068
0.15068 0.151528
0.151528 0.15332
0.15332 0.154042
0.154042 0.155343
0.155343 0.156405
0.156405 0.157746
0.157746 0.159861
0.159861 0.161807
0.161807 0.163474
0.163474 0.165038
0.165038 0.167666
0.167666 0.169762
0.169762 0.170731
0.170731 0.17289
0.17289 0.174387
0.174387 0.175737
0.175737 0.177899
0.177899 0.179675
0.179675 0.180976
0.180976 0.182253
0.182253 0.183723
0.183723 0.185281
0.185281 0.18677
0.18677 0.18816
0.18816 0.189633
0.189633 0.190946
0.190946 0.192234
0.192234 0.193534
0.193534 0.19518
0.19518 0.196546
0.196546 0.19803
0.19803 0.199478
0.199478 0.200483
0.200483 0.202181
0.202181 0.203304
0.203304 0.204444
0.204444 0.205942
0.205942 0.207291
0.207291 0.208405
0.208405 0.209579
0.209579 0.21126
0.21126 0.212716
0.212716 0.214156
0.214156 0.215736
0.215736 0.217451
0.217451 0.219035
0.219035 0.220278
0.220278 0.222202
0.222202 0.223321
0.223321 0.22484
0.22484 0.225914
0.225914 0.227698
0.227698 0.229539
0.229539 0.230947
0.230947 0.232696
0.232696 0.234419
0.234419 0.236433
0.236433 0.238025
0.238025 0.239833
0.239833 0.241101
0.241101 0.242725
0.242725 0.24416
0.24416 0.245594
0.245594 0.247629
0.247629 0.248791
0.248791 0.250479
0.250479 0.252181
0.252181 0.253474
0.253474 0.254816
0.254816 0.255963
0.255963 0.257863
0.257863 0.259135
0.259135 0.26023
0.26023 0.261523
0.261523 0.262829
0.262829 0.263934
0.263934 0.265132
0.265132 0.266391
0.266391 0.267705
0.267705 0.268933
0.268933 0.270217
0.270217 0.271356
0.271356 0.272843
0.272843 0.274292
0.274292 0.275903
0.275903 0.277255
0.277255 0.278258
0.278258 0.27975
0.27975 0.281197
0.281197 0.282278
0.282278 0.283509
0.283509 0.284693
0.284693 0.285976
0.285976 0.287328
0.287328 0.288635
0.288635 0.28997
0.28997 0.291083
0.291083 0.291906
0.291906 0.292985
0.292985 0.294355
0.294355 0.295852
0.295852 0.296475
0.296475 0.297581
0.297581 0.298839
0.298839 0.299817
0.299817 0.300842
0.300842 0.301682
0.301682 0.302644
0.302644 0.303835
0.303835 0.304689
0.304689 0.305489
0.305489 0.306362
0.306362 0.307235
0.307235 0.308483
0.308483 0.309417
0.309417 0.310633
0.310633 0.311802
0.311802 0.313125
0.313125 0.314426
0.314426 0.315771
0.315771 0.316585
0.316585 0.31758
0.31758 0.318955
0.318955 0.319758
0.319758 0.32151
0.32151 0.322397
0.322397 0.323801
0.323801 0.324893
0.324893 0.326305
0.326305 0.327396
0.327396 0.328662
0.328662 0.329883
0.329883 0.331196
0.331196 0.332622
0.332622 0.333349
0.333349 0.334534
0.334534 0.335499
0.335499 0.337028
0.337028 0.338203
0.338203 0.339654
0.339654 0.34074
0.34074 0.341878
0.341878 0.343451
0.343451 0.344441
0.344441 0.345366
0.345366 0.3469
0.3469 0.348325
0.348325 0.349421
0.349421 0.350666
0.350666 0.351805
0.351805 0.353108
0.353108 0.354502
0.354502 0.355319
0.355319 0.356192
0.356192 0.358222
0.358222 0.359457
0.359457 0.360863
0.360863 0.362518
0.362518 0.363531
0.363531 0.365004
0.365004 0.366747
0.366747 0.368023
0.368023 0.369471
0.369471 0.370497
0.370497 0.372335
0.372335 0.374465
0.374465 0.376815
0.376815 0.37906
0.37906 0.380703
0.380703 0.383128
0.383128 0.384703
0.384703 0.386823
0.386823 0.389091
0.389091 0.390944
0.390944 0.39232
0.39232 0.393959
0.393959 0.395821
0.395821 0.398019
0.398019 0.399388
0.399388 0.40101
0.40101 0.403193
0.403193 0.405866
0.405866 0.408866
0.408866 0.412308
0.412308 0.415879
0.415879 0.419242
0.419242 0.422223
0.422223 0.425576
0.425576 0.430371
0.430371 0.43357
0.43357 0.437582
0.437582 0.443995
0.443995 0.449617
0.449617 0.45977
0.45977 0.47276
0.47276 0.489665
0.489665 0.509611
0.509611 1.79769e+308
