3 2 
146 145 
123 124 
70 71 
198 198 
237 238 
232 232 
210 210 
183 183 
26 28 
150 151 
245 243 
213 213 
134 135 
44 44 
238 236 
28 26 
255 255 
3 2 
240 241 
106 104 
175 174 
230 228 
239 238 
110 108 
196 197 
173 173 
194 195 
8 10 
10 8 
147 146 
58 58 
199 198 
119 121 
108 109 
154 154 
191 191 
158 158 
242 240 
75 75 
236 234 
71 70 
136 136 
192 193 
252 251 
248 249 
156 155 
244 242 
178 178 
116 118 
227 228 
189 189 
124 127 
174 174 
190 189 
93 95 
180 180 
205 203 
255 255 
105 103 
252 253 
59 59 
131 134 
222 221 
29 27 
46 46 
111 113 
195 196 
159 159 
117 119 
85 87 
85 84 
117 118 
197 196 
157 158 
15 15 
196 197 
22 21 
35 37 
8 7 
100 100 
208 208 
176 177 
96 97 
104 106 
140 139 
28 27 
156 156 
172 172 
47 46 
102 101 
183 183 
151 150 
103 104 
210 211 
47 47 
0 0 
251 252 
2 3 
42 42 
67 68 
190 189 
168 167 
114 113 
168 166 
125 123 
201 202 
182 183 
123 125 
87 89 
33 32 
43 42 
89 88 
141 140 
68 70 
100 99 
168 168 
106 107 
131 131 
31 30 
249 247 
218 216 
146 145 
251 250 
38 38 
148 147 
162 162 
220 220 
11 10 
168 169 
255 254 
243 243 
127 128 
78 77 
105 105 
46 46 
28 31 
171 170 
139 140 
31 30 
151 150 
157 157 
225 226 
99 98 
225 223 
92 93 
6 5 
239 237 
31 31 
164 163 
73 73 
59 59 
67 67 
99 101 
167 167 
160 160 
133 133 
165 165 
103 105 
5 7 
74 74 
129 132 
176 178 
148 149 
69 67 
28 28 
205 206 
100 102 
255 255 
194 193 
90 89 
241 242 
29 29 
249 250 
247 247 
129 127 
156 155 
180 180 
25 24 
171 171 
203 204 
159 160 
68 70 
255 255 
162 163 
146 146 
215 213 
8 9 
69 68 
255 255 
82 81 
86 86 
25 29 
135 137 
155 154 
102 103 
149 148 
10 10 
233 233 
60 60 
221 221 
128 130 
210 208 
3 2 
68 67 
224 225 
30 30 
214 214 
148 148 
51 51 
98 99 
197 195 
159 159 
168 168 
208 209 
96 96 
134 134 
73 72 
80 79 
101 101 
39 39 
148 148 
8 9 
65 66 
239 237 
164 164 
63 65 
22 21 
87 88 
209 211 
146 146 
29 28 
111 110 
222 223 
30 29 
42 42 
77 76 
193 193 
84 86 
214 215 
217 217 
181 180 
173 173 
157 157 
121 122 
20 19 
166 166 
77 75 
249 251 
135 134 
177 177 
103 103 
90 90 
148 148 
208 209 
193 193 
83 83 
41 41 
233 233 
223 223 
23 23 
133 131 
137 138 
117 119 
87 86 
227 229 
128 131 
47 47 
8 9 
0 4 
95 96 
93 91 
175 175 
255 255 
46 47 
16 16 
125 128 
240 238 
169 168 
29 29 
50 50 
18 17 
93 93 
255 255 
109 108 
21 19 
83 82 
44 44 
255 255 
48 49 
29 28 
78 78 
162 161 
51 52 
255 255 
106 105 
102 103 
65 64 
153 153 
228 229 
53 53 
249 247 
161 161 
255 255 
182 182 
13 12 
22 21 
8 8 
110 109 
184 184 
237 238 
157 156 
14 13 
204 202 
16 14 
81 80 
85 86 
27 30 
213 215 
220 220 
96 97 
52 51 
147 147 
251 249 
207 206 
135 135 
14 15 
123 125 
138 138 
213 214 
79 78 
119 119 
144 146 
216 218 
59 59 
106 105 
112 115 
68 69 
103 103 
23 22 
19 17 
60 60 
116 116 
223 221 
114 113 
205 205 
16 17 
202 201 
146 147 
52 51 
137 138 
158 157 
2 1 
103 103 
71 72 
134 134 
185 184 
45 45 
95 96 
9 8 
77 80 
132 133 
97 97 
65 64 
53 52 
164 165 
48 48 
114 115 
24 24 
97 98 
26 28 
102 101 
215 213 
117 115 
55 55 
189 188 
204 202 
40 40 
37 36 
132 130 
199 198 
151 151 
48 49 
163 163 
186 185 
135 134 
103 104 
36 36 
192 193 
27 27 
54 54 
67 67 
118 119 
178 178 
14 13 
120 120 
147 148 
208 210 
39 39 
94 95 
15 14 
167 168 
129 128 
151 152 
255 255 
181 182 
88 88 
159 159 
175 176 
62 63 
117 118 
65 66 
210 211 
203 203 
150 150 
173 174 
21 21 
39 38 
175 175 
114 115 
73 75 
206 206 
223 224 
122 123 
141 141 
43 43 
69 69 
248 247 
144 144 
8 8 
46 47 
228 228 
226 227 
86 84 
174 174 
0 0 
95 94 
1 1 
102 103 
156 156 
248 247 
216 216 
173 173 
40 39 
153 154 
111 109 
79 80 
223 233 
12 12 
119 121 
93 94 
87 88 
2 2 
151 151 
23 22 
96 96 
186 187 
182 181 
107 108 
129 130 
11 11 
202 204 
228 230 
131 132 
234 234 
49 49 
107 107 
155 156 
134 132 
212 210 
60 60 
90 91 
126 129 
138 136 
70 69 
149 148 
40 40 
165 165 
74 73 
24 24 
143 143 
163 164 
32 34 
127 125 
61 62 
45 45 
70 69 
201 200 
135 137 
147 148 
255 254 
149 150 
108 107 
255 255 
117 117 
43 44 
76 76 
166 166 
202 200 
184 185 
218 216 
235 233 
35 34 
195 196 
19 18 
110 111 
209 209 
37 36 
138 137 
7 8 
73 73 
109 110 
21 20 
95 94 
84 83 
174 173 
158 158 
168 168 
21 24 
122 124 
39 39 
149 149 
227 226 
216 216 
204 205 
22 21 
85 86 
239 239 
45 44 
160 160 
21 21 
57 57 
0 0 
239 240 
218 218 
161 161 
146 147 
104 105 
166 166 
22 23 
118 116 
44 44 
41 41 
255 255 
225 225 
65 67 
158 157 
236 236 
13 12 
255 255 
101 102 
210 209 
217 217 
251 250 
255 255 
248 249 
34 33 
222 222 
116 114 
111 111 
98 98 
185 187 
10 8 
234 232 
82 83 
34 33 
201 201 
73 74 
164 164 
98 98 
35 34 
229 229 
246 245 
109 112 
214 215 
73 72 
187 187 
45 45 
141 140 
20 18 
221 222 
66 64 
188 187 
148 147 
209 207 
231 231 
83 84 
236 235 
6 10 
177 178 
253 253 
174 175 
138 136 
129 131 
1 0 
159 159 
255 255 
182 182 
178 178 
37 37 
225 226 
76 77 
2 2 
2 4 
220 218 
237 236 
202 202 
50 49 
219 218 
54 54 
90 88 
16 15 
65 64 
134 136 
92 92 
104 106 
54 54 
30 31 
15 16 
125 123 
225 223 
87 88 
104 102 
131 130 
88 86 
197 199 
140 138 
190 189 
93 94 
94 93 
208 207 
120 117 
186 187 
228 228 
81 82 
49 48 
4 5 
199 200 
250 252 
46 46 
183 184 
152 152 
126 128 
109 111 
139 138 
137 137 
201 202 
138 136 
224 224 
227 227 
219 218 
213 214 
225 223 
84 83 
255 255 
188 187 
246 246 
227 229 
84 86 
90 92 
117 119 
187 186 
4 4 
179 180 
62 62 
229 230 
161 161 
70 71 
102 104 
85 88 
170 170 
0 1 
200 201 
244 242 
60 59 
180 180 
171 171 
53 54 
33 32 
140 139 
245 243 
129 127 
56 57 
80 79 
159 159 
139 140 
46 46 
158 158 
108 109 
42 42 
64 66 
179 179 
155 155 
8 9 
102 101 
245 243 
133 134 
46 45 
255 255 
125 125 
235 236 
234 232 
77 75 
215 213 
203 202 
204 205 
120 120 
34 33 
85 86 
38 38 
226 224 
43 43 
3 2 
78 79 
216 216 
117 115 
246 244 
249 250 
79 81 
179 179 
86 85 
61 60 
73 74 
166 165 
5 7 
143 143 
137 136 
193 193 
236 237 
211 209 
27 26 
201 201 
33 32 
253 252 
221 222 
35 34 
31 32 
229 230 
38 37 
4 5 
95 94 
12 22 
136 134 
155 155 
206 205 
140 140 
61 61 
132 131 
243 242 
51 51 
130 128 
21 20 
183 184 
228 227 
4 6 
147 148 
167 168 
47 48 
255 255 
222 223 
196 196 
175 175 
238 239 
129 127 
22 22 
107 105 
226 227 
79 78 
21 20 
202 202 
100 102 
85 87 
89 90 
168 168 
105 106 
5 4 
84 86 
48 48 
51 51 
215 216 
120 121 
195 194 
37 38 
59 58 
172 172 
191 190 
234 235 
217 215 
53 53 
166 165 
242 240 
255 255 
41 41 
167 166 
12 12 
158 158 
233 234 
97 96 
33 35 
115 116 
255 255 
178 177 
229 227 
12 10 
62 63 
193 194 
201 199 
180 179 
101 101 
133 133 
9 12 
152 152 
207 208 
147 147 
111 112 
170 170 
252 253 
177 176 
48 47 
235 236 
106 103 
127 125 
245 244 
30 31 
132 133 
5 5 
192 191 
10 9 
229 228 
29 29 
255 255 
175 175 
249 248 
44 44 
169 170 
8 9 
235 236 
229 230 
49 49 
230 229 
6 6 
217 217 
234 234 
178 176 
116 115 
243 244 
72 70 
58 59 
222 223 
144 143 
252 252 
124 122 
159 158 
5 4 
15 14 
1 5 
24 23 
126 129 
71 70 
134 132 
160 160 
102 102 
4 14 
113 115 
220 220 
60 60 
33 32 
26 25 
91 90 
192 193 
243 245 
231 232 
141 142 
47 47 
185 185 
110 107 
238 238 
200 200 
82 81 
64 63 
217 218 
55 55 
153 153 
27 26 
164 164 
61 61 
54 54 
144 144 
12 14 
94 94 
81 84 
51 51 
73 73 
171 172 
187 186 
146 147 
108 109 
87 88 
78 79 
192 192 
146 146 
196 195 
219 217 
174 173 
50 50 
175 176 
216 217 
50 50 
137 138 
37 37 
97 98 
31 30 
200 200 
69 71 
145 145 
56 56 
18 17 
81 80 
232 232 
67 66 
41 41 
125 124 
112 114 
239 240 
226 226 
26 25 
21 21 
73 73 
76 78 
61 61 
163 162 
173 173 
50 50 
246 246 
54 55 
119 120 
209 209 
87 85 
119 117 
207 208 
17 18 
24 22 
146 145 
148 147 
187 188 
230 231 
113 111 
159 159 
85 87 
93 92 
248 249 
43 42 
145 144 
20 20 
60 61 
229 227 
35 34 
25 24 
231 231 
221 221 
234 232 
188 187 
136 134 
78 80 
223 223 
75 74 
98 98 
28 28 
24 27 
118 118 
161 161 
176 176 
4 4 
252 253 
64 64 
138 138 
207 209 
247 249 
61 63 
179 178 
230 229 
218 217 
78 76 
246 245 
66 65 
147 147 
184 183 
208 210 
126 124 
6 6 
231 231 
211 211 
125 123 
164 164 
58 58 
188 187 
141 142 
207 208 
186 185 
157 157 
161 160 
255 255 
167 167 
72 73 
254 255 
247 248 
231 229 
30 30 
136 135 
82 80 
112 114 
235 236 
225 226 
17 16 
156 156 
130 129 
104 102 
202 201 
138 138 
85 87 
191 190 
227 225 
172 172 
181 181 
111 111 
66 64 
21 22 
150 150 
3 5 
190 191 
242 250 
41 42 
111 114 
206 207 
158 158 
0 0 
141 143 
97 97 
155 154 
91 91 
159 160 
105 107 
221 222 
101 103 
77 77 
220 218 
178 178 
227 225 
123 124 
44 43 
224 224 
26 28 
242 240 
113 115 
170 170 
11 9 
235 236 
153 153 
10 13 
134 135 
38 37 
3 4 
88 88 
119 121 
58 57 
217 218 
21 22 
248 249 
150 150 
85 87 
199 200 
0 0 
255 254 
93 93 
156 156 
144 144 
226 225 
98 100 
237 238 
241 243 
130 130 
181 180 
93 94 
66 64 
215 213 
255 255 
183 182 
222 223 
138 139 
218 218 
203 203 
35 36 
89 91 
38 38 
28 29 
132 132 
110 111 
146 145 
56 56 
241 239 
255 255 
170 169 
243 242 
236 239 
10 12 
88 89 
148 147 
62 61 
92 91 
118 116 
189 190 
83 83 
222 220 
253 253 
138 138 
146 145 
74 73 
39 38 
212 212 
184 184 
226 228 
133 132 
98 99 
197 197 
28 27 
162 163 
209 207 
255 255 
238 239 
38 38 
170 170 
15 15 
149 148 
202 201 
247 246 
65 63 
216 215 
25 24 
206 206 
196 198 
97 95 
107 108 
105 106 
192 191 
74 75 
218 219 
124 127 
243 245 
100 100 
198 197 
254 254 
98 98 
25 25 
157 157 
117 115 
63 63 
87 90 
111 114 
123 125 
55 55 
112 115 
204 203 
125 123 
212 213 
182 182 
58 59 
255 255 
170 170 
167 167 
85 84 
203 201 
117 116 
74 73 
19 18 
7 7 
154 154 
158 157 
79 78 
215 215 
127 130 
208 208 
227 227 
88 87 
254 255 
123 122 
104 105 
53 53 
142 143 
163 163 
185 185 
117 118 
160 159 
99 98 
144 144 
92 90 
97 95 
144 144 
248 247 
182 182 
91 92 
90 91 
67 69 
115 113 
109 110 
77 77 
122 123 
155 155 
255 255 
74 75 
216 216 
47 47 
3 2 
207 208 
132 135 
6 5 
10 11 
70 69 
220 218 
191 192 
51 51 
96 94 
53 53 
194 194 
83 85 
243 244 
89 87 
183 184 
129 126 
86 84 
130 129 
123 121 
39 39 
149 150 
221 226 
26 25 
164 164 
217 215 
242 239 
76 76 
53 53 
118 118 
42 41 
16 20 
142 143 
68 70 
213 214 
100 98 
197 198 
99 98 
245 246 
208 207 
134 136 
37 36 
40 40 
194 195 
100 100 
255 255 
7 5 
183 184 
38 37 
214 212 
252 251 
246 244 
161 160 
79 79 
5 6 
57 57 
128 130 
114 114 
51 50 
123 124 
56 56 
168 169 
218 218 
80 78 
43 44 
250 250 
237 236 
113 112 
95 93 
103 104 
255 255 
249 247 
165 164 
213 211 
239 241 
36 35 
131 128 
40 41 
236 234 
231 231 
32 32 
50 50 
143 142 
19 19 
240 239 
209 210 
107 105 
57 58 
229 227 
9 7 
67 69 
164 163 
255 255 
172 173 
67 67 
5 4 
241 243 
40 40 
202 202 
2 2 
137 137 
66 64 
50 52 
122 124 
81 80 
13 12 
113 114 
223 223 
235 236 
241 239 
211 213 
80 80 
167 167 
109 106 
214 214 
4 4 
229 229 
71 72 
194 193 
63 62 
244 242 
92 92 
180 180 
225 226 
92 91 
124 123 
185 185 
159 160 
133 134 
7 5 
254 254 
54 53 
178 177 
50 50 
239 241 
228 226 
94 94 
115 116 
31 30 
127 127 
55 55 
139 140 
245 244 
133 133 
125 126 
80 80 
64 65 
188 188 
39 39 
62 63 
244 244 
184 183 
178 179 
160 161 
14 13 
210 209 
134 136 
248 248 
10 12 
107 109 
27 27 
240 240 
44 45 
23 22 
93 93 
151 151 
42 42 
35 35 
10 9 
30 32 
165 165 
192 192 
155 155 
49 48 
169 168 
60 61 
181 181 
175 176 
175 174 
167 167 
155 154 
143 143 
66 68 
220 226 
116 117 
60 60 
255 255 
78 80 
47 47 
52 52 
17 15 
48 48 
193 194 
151 152 
99 99 
197 198 
88 88 
95 96 
191 191 
105 107 
108 106 
38 37 
179 179 
37 38 
69 71 
22 21 
49 49 
72 71 
108 107 
27 26 
171 171 
242 243 
105 106 
122 123 
133 133 
34 34 
26 29 
185 184 
215 216 
47 47 
198 197 
194 193 
243 245 
136 138 
242 240 
35 36 
171 172 
106 105 
53 52 
160 160 
163 162 
76 76 
175 174 
148 147 
247 248 
231 229 
170 169 
20 19 
205 204 
94 94 
4 5 
195 195 
243 243 
234 235 
77 77 
214 215 
34 35 
253 254 
34 34 
124 126 
179 180 
172 172 
19 18 
209 210 
57 56 
189 188 
13 12 
231 231 
223 224 
55 55 
127 125 
254 254 
13 15 
43 43 
233 233 
212 211 
209 207 
103 101 
201 202 
123 126 
87 85 
254 255 
42 42 
63 65 
137 137 
103 101 
222 221 
11 10 
249 248 
112 114 
14 14 
244 242 
85 85 
219 219 
126 124 
11 10 
240 240 
173 172 
28 27 
194 195 
27 28 
247 248 
255 255 
186 186 
163 163 
222 222 
174 174 
72 74 
58 57 
184 184 
212 210 
109 106 
101 101 
81 81 
57 57 
165 166 
122 120 
192 192 
4 3 
16 15 
103 102 
249 251 
118 119 
12 14 
242 242 
22 21 
237 235 
159 160 
86 87 
135 136 
52 52 
61 60 
243 244 
54 54 
1 1 
209 210 
75 75 
173 174 
57 56 
83 82 
206 206 
255 255 
96 95 
61 61 
143 144 
219 219 
1 0 
191 190 
222 221 
171 171 
74 75 
105 105 
205 206 
41 40 
250 251 
134 136 
207 207 
23 22 
249 248 
75 75 
53 53 
240 241 
232 233 
69 72 
218 219 
213 213 
25 24 
215 215 
39 39 
60 60 
164 164 
9 9 
92 93 
1 1 
208 207 
236 234 
236 237 
154 153 
136 134 
157 157 
193 193 
170 170 
222 221 
244 245 
98 96 
212 212 
255 255 
66 67 
137 135 
255 254 
91 89 
64 66 
40 40 
234 235 
106 107 
224 224 
127 125 
238 237 
149 149 
240 238 
186 186 
65 66 
104 103 
34 34 
72 72 
12 13 
33 33 
104 103 
50 50 
82 81 
146 146 
45 45 
4 4 
115 114 
43 43 
15 15 
38 37 
100 100 
251 250 
183 185 
244 245 
241 240 
173 175 
120 121 
14 16 
32 31 
112 110 
199 200 
51 51 
207 208 
249 248 
202 201 
247 248 
3 2 
185 184 
135 133 
40 40 
230 230 
135 135 
82 84 
195 195 
232 241 
5 5 
101 100 
122 124 
49 50 
205 204 
129 130 
255 255 
111 112 
242 241 
214 215 
71 71 
28 27 
96 94 
165 166 
48 48 
249 249 
73 73 
217 219 
11 10 
86 85 
69 70 
192 192 
251 251 
65 66 
138 139 
54 53 
142 141 
239 238 
51 51 
106 105 
204 203 
152 152 
161 160 
216 216 
6 5 
172 173 
79 81 
44 45 
230 230 
250 251 
125 126 
238 237 
35 36 
96 98 
11 13 
101 99 
254 252 
143 144 
210 208 
114 116 
61 62 
81 81 
247 247 
93 92 
104 105 
154 155 
34 34 
155 155 
86 85 
160 160 
204 203 
199 198 
81 83 
243 244 
249 251 
184 184 
35 34 
147 146 
44 44 
99 97 
75 77 
189 188 
113 111 
12 11 
120 121 
82 81 
142 142 
54 54 
208 209 
167 166 
203 202 
115 113 
62 62 
98 99 
60 59 
101 104 
59 58 
71 72 
168 167 
253 251 
240 241 
249 250 
198 198 
212 212 
48 48 
212 213 
33 35 
10 12 
224 223 
56 56 
16 17 
165 164 
177 177 
68 67 
255 255 
116 116 
52 52 
68 68 
226 226 
244 241 
198 197 
93 92 
68 69 
165 166 
113 110 
171 170 
242 243 
48 47 
128 126 
23 22 
142 141 
145 146 
126 127 
159 158 
244 245 
174 175 
119 118 
64 64 
200 199 
225 225 
211 212 
239 240 
3 3 
190 191 
205 205 
29 29 
213 214 
79 82 
196 195 
225 225 
15 17 
162 162 
43 43 
227 228 
138 138 
130 131 
45 45 
92 91 
20 19 
107 106 
158 158 
77 76 
230 232 
233 233 
234 235 
152 152 
81 80 
36 36 
189 188 
11 10 
135 134 
42 43 
189 190 
52 54 
226 225 
180 179 
202 204 
139 140 
109 106 
31 30 
26 25 
64 64 
208 207 
96 95 
172 171 
142 143 
244 246 
20 18 
83 84 
191 190 
179 178 
247 246 
101 102 
68 67 
157 157 
117 118 
71 73 
122 123 
182 182 
123 124 
212 212 
53 54 
139 139 
21 21 
63 62 
84 83 
152 151 
81 81 
220 220 
178 178 
115 112 
60 59 
137 139 
106 104 
162 163 
99 101 
220 220 
237 235 
94 93 
200 204 
36 35 
7 6 
130 132 
31 30 
198 198 
141 142 
150 150 
43 43 
138 139 
128 130 
201 202 
119 117 
224 225 
155 155 
207 207 
186 187 
248 247 
77 80 
119 117 
108 107 
13 12 
9 11 
255 255 
255 255 
56 56 
172 173 
139 138 
208 207 
81 84 
99 100 
47 47 
203 203 
81 82 
48 48 
177 177 
169 169 
227 229 
248 249 
75 74 
75 74 
67 66 
115 115 
22 25 
241 242 
213 213 
49 48 
100 98 
51 51 
139 139 
187 188 
250 249 
193 193 
43 42 
155 154 
254 253 
15 15 
82 80 
45 44 
255 255 
149 150 
123 125 
222 222 
10 9 
150 150 
236 235 
50 49 
223 223 
210 210 
168 168 
154 155 
116 114 
184 183 
240 241 
172 172 
47 47 
99 98 
167 166 
185 185 
121 120 
238 237 
155 155 
218 216 
0 0 
127 129 
172 172 
212 211 
69 68 
54 53 
64 63 
110 108 
26 25 
123 121 
41 40 
126 127 
6 5 
100 101 
41 41 
6 5 
220 219 
88 89 
145 146 
185 185 
38 38 
0 0 
89 91 
33 33 
62 61 
42 41 
48 48 
141 141 
98 99 
68 68 
24 23 
211 209 
110 113 
87 86 
232 234 
171 171 
69 68 
28 27 
224 223 
75 74 
27 26 
179 179 
53 52 
6 7 
151 151 
38 39 
174 175 
29 28 
70 68 
188 189 
196 198 
203 203 
15 14 
183 183 
19 17 
194 193 
211 211 
154 154 
149 149 
75 76 
244 245 
160 159 
115 113 
157 156 
189 188 
106 106 
76 76 
21 19 
245 245 
198 197 
65 66 
174 175 
158 157 
165 167 
255 255 
178 177 
150 151 
27 26 
67 66 
33 33 
199 200 
78 81 
30 29 
132 133 
14 17 
255 255 
2 3 
177 176 
253 252 
196 197 
222 222 
190 191 
9 8 
60 60 
239 240 
37 38 
80 79 
120 118 
68 70 
121 118 
147 147 
71 70 
39 38 
118 118 
146 146 
19 20 
211 210 
39 40 
205 204 
153 154 
0 0 
50 50 
156 156 
38 38 
195 194 
90 90 
135 135 
28 27 
211 212 
42 42 
242 244 
74 74 
9 7 
196 195 
201 200 
241 239 
115 115 
169 170 
20 18 
121 119 
167 167 
7 6 
227 227 
107 108 
186 186 
75 75 
235 233 
207 208 
221 221 
35 36 
64 63 
167 168 
252 252 
16 15 
100 100 
251 252 
59 59 
127 129 
192 192 
100 99 
89 91 
158 158 
10 8 
34 36 
199 198 
9 7 
205 204 
132 133 
68 70 
131 129 
204 204 
168 169 
22 21 
122 121 
226 226 
74 73 
133 134 
160 161 
195 195 
138 137 
112 112 
155 155 
162 161 
57 57 
64 63 
186 186 
155 155 
25 24 
105 103 
248 249 
39 40 
95 97 
255 255 
234 232 
9 11 
158 158 
195 195 
29 28 
63 62 
104 102 
215 215 
109 111 
46 46 
88 86 
116 115 
132 131 
12 11 
224 225 
128 127 
38 37 
124 125 
98 100 
243 243 
60 60 
126 124 
17 20 
219 218 
224 222 
25 23 
78 78 
15 14 
24 23 
255 255 
18 17 
176 176 
255 255 
93 94 
52 54 
144 145 
167 168 
43 43 
158 158 
54 53 
243 241 
99 100 
38 39 
149 149 
139 137 
118 118 
203 202 
161 162 
24 23 
62 61 
133 131 
211 211 
74 74 
154 155 
222 223 
153 153 
82 81 
104 104 
150 149 
124 125 
72 71 
183 182 
78 80 
78 77 
75 76 
36 35 
25 24 
214 214 
66 66 
82 85 
102 104 
167 167 
178 178 
14 13 
21 20 
107 108 
20 19 
57 59 
189 188 
44 44 
55 55 
210 209 
103 105 
196 197 
65 64 
207 207 
13 13 
215 215 
203 203 
217 216 
253 253 
136 137 
113 110 
55 55 
141 142 
49 49 
98 97 
190 188 
190 189 
123 122 
83 83 
181 181 
10 9 
240 238 
151 150 
23 26 
154 154 
194 196 
69 67 
33 32 
114 113 
156 156 
235 234 
224 224 
150 149 
239 240 
49 49 
27 26 
255 253 
255 255 
49 49 
10 13 
25 24 
160 161 
195 195 
50 51 
200 201 
21 20 
41 41 
98 99 
219 220 
179 179 
255 255 
128 126 
81 79 
112 110 
41 41 
230 231 
214 213 
142 143 
68 66 
18 20 
56 56 
40 40 
200 201 
98 100 
172 171 
152 151 
199 200 
129 127 
25 24 
127 125 
150 150 
202 202 
124 126 
130 131 
77 78 
255 255 
255 255 
191 190 
146 146 
171 172 
255 255 
5 4 
9 10 
200 201 
108 108 
102 105 
69 68 
34 36 
104 107 
213 211 
141 141 
118 119 
113 115 
252 252 
231 232 
73 74 
141 139 
158 158 
188 189 
131 131 
175 175 
163 164 
58 58 
116 114 
158 157 
131 129 
57 56 
2 1 
119 119 
193 196 
64 63 
52 52 
255 255 
50 50 
210 211 
184 184 
72 71 
76 78 
154 154 
71 70 
67 68 
85 84 
30 31 
48 48 
180 180 
25 26 
6 6 
239 240 
233 234 
252 251 
249 250 
15 18 
190 189 
219 219 
181 181 
109 107 
250 252 
214 216 
212 211 
94 92 
125 123 
143 144 
11 9 
80 79 
184 183 
241 239 
198 199 
255 255 
24 23 
72 72 
123 125 
160 159 
214 213 
16 14 
132 133 
116 115 
188 190 
196 194 
206 206 
38 38 
194 192 
241 241 
209 209 
89 87 
71 70 
80 78 
232 232 
248 249 
220 220 
188 187 
169 169 
140 140 
164 165 
18 21 
158 159 
254 254 
61 60 
83 81 
142 143 
160 160 
247 246 
98 99 
35 34 
3 2 
255 255 
108 106 
250 251 
189 188 
110 112 
155 154 
130 127 
254 253 
254 255 
183 184 
27 26 
176 176 
104 102 
95 94 
159 159 
20 21 
118 120 
60 60 
235 236 
129 128 
36 35 
253 252 
177 178 
47 48 
198 196 
83 82 
34 35 
106 104 
25 25 
190 189 
215 216 
179 179 
251 254 
10 8 
216 215 
87 89 
40 41 
253 253 
82 83 
74 76 
61 62 
72 71 
5 4 
115 117 
156 156 
114 115 
247 247 
92 94 
126 129 
34 34 
73 72 
253 251 
194 193 
255 255 
159 159 
236 237 
238 239 
71 72 
165 166 
135 135 
228 229 
203 204 
7 7 
36 35 
107 108 
213 214 
100 98 
23 25 
181 181 
56 57 
106 108 
187 186 
195 195 
119 120 
162 163 
223 221 
163 162 
157 157 
135 134 
6 7 
17 21 
41 41 
230 237 
112 110 
13 20 
46 46 
107 109 
51 51 
3 3 
171 171 
222 222 
161 162 
188 188 
120 123 
156 156 
239 241 
53 53 
213 211 
140 142 
189 190 
190 189 
186 185 
62 61 
128 129 
165 165 
223 223 
248 249 
233 234 
76 77 
114 115 
176 176 
38 38 
79 81 
117 117 
210 209 
234 233 
169 170 
24 23 
18 17 
221 221 
49 50 
119 119 
190 191 
150 149 
20 18 
211 212 
188 187 
46 46 
15 14 
230 231 
169 170 
153 153 
96 98 
164 163 
120 122 
36 37 
170 170 
112 109 
108 110 
65 67 
232 233 
253 252 
219 219 
255 255 
212 210 
203 204 
80 83 
13 13 
240 240 
78 77 
42 42 
97 96 
192 191 
144 145 
153 153 
214 220 
149 149 
169 169 
91 89 
223 223 
47 46 
209 208 
189 190 
255 255 
254 252 
127 125 
144 142 
75 76 
244 245 
108 106 
112 115 
36 37 
181 181 
110 107 
3 3 
79 79 
120 120 
203 202 
166 165 
211 212 
22 22 
154 154 
73 73 
140 141 
38 37 
173 173 
82 81 
213 213 
192 193 
63 64 
124 122 
116 117 
248 248 
161 161 
83 81 
253 252 
77 78 
16 16 
15 14 
100 101 
120 121 
255 255 
210 209 
8 8 
117 119 
128 126 
67 66 
93 92 
248 248 
185 185 
76 77 
131 131 
233 232 
74 76 
96 95 
105 103 
19 22 
237 238 
230 227 
175 176 
118 118 
24 24 
97 98 
28 30 
209 210 
4 3 
51 51 
174 174 
186 186 
86 86 
228 228 
3 2 
245 246 
195 194 
125 126 
48 48 
197 199 
168 169 
220 221 
216 215 
227 224 
193 194 
63 65 
28 30 
247 245 
233 233 
204 203 
26 25 
91 91 
189 190 
32 33 
204 204 
94 93 
143 144 
156 157 
18 18 
70 71 
147 147 
141 142 
209 210 
223 223 
253 253 
71 70 
94 94 
12 11 
28 27 
233 231 
181 181 
11 15 
196 197 
188 187 
246 244 
56 56 
1 3 
46 46 
188 189 
86 85 
178 178 
191 192 
178 178 
221 221 
221 219 
255 255 
199 198 
232 233 
64 63 
250 249 
162 162 
185 184 
152 152 
251 250 
49 51 
40 40 
215 215 
66 65 
49 49 
104 106 
103 101 
4 5 
82 81 
11 10 
22 22 
103 102 
135 135 
183 183 
177 176 
142 141 
122 120 
206 207 
136 137 
71 70 
169 169 
228 229 
9 9 
158 158 
244 246 
176 176 
162 160 
205 206 
232 231 
254 255 
164 163 
189 189 
26 25 
90 90 
5 6 
116 117 
127 128 
255 255 
55 55 
225 227 
78 79 
152 152 
108 111 
57 58 
227 225 
161 160 
70 68 
75 74 
203 204 
95 95 
210 209 
171 171 
90 90 
212 211 
105 106 
206 206 
13 13 
161 162 
207 206 
44 44 
174 174 
212 213 
85 83 
11 13 
36 36 
255 255 
246 246 
2 3 
130 132 
109 108 
226 226 
251 251 
54 54 
17 20 
48 48 
78 77 
128 130 
1 1 
37 37 
111 110 
245 244 
239 237 
172 172 
255 255 
114 114 
255 255 
253 255 
31 31 
224 225 
33 32 
198 197 
176 177 
10 11 
228 230 
234 234 
14 19 
75 76 
156 157 
132 130 
25 24 
242 243 
237 236 
105 107 
14 14 
25 24 
182 182 
151 150 
55 55 
255 255 
131 129 
1 1 
7 6 
129 129 
246 244 
47 47 
232 234 
211 212 
170 171 
170 170 
93 92 
198 197 
78 77 
189 190 
31 30 
44 44 
173 173 
127 127 
92 92 
198 196 
74 73 
127 128 
18 16 
231 232 
151 152 
9 10 
170 169 
142 144 
254 254 
29 28 
181 181 
84 83 
134 134 
16 15 
68 67 
163 164 
229 227 
182 181 
21 20 
140 141 
130 127 
46 46 
212 213 
43 44 
117 118 
110 113 
113 110 
230 231 
210 211 
18 19 
156 157 
211 218 
140 140 
183 183 
153 154 
199 200 
118 119 
44 43 
65 66 
99 99 
158 158 
225 225 
145 145 
16 15 
122 124 
170 169 
205 205 
225 224 
195 195 
45 45 
168 168 
171 170 
245 246 
27 26 
128 128 
199 199 
132 133 
112 112 
219 220 
237 236 
106 104 
169 169 
240 240 
76 75 
11 11 
196 197 
250 252 
46 46 
35 34 
116 117 
160 159 
195 194 
131 132 
206 206 
101 102 
67 68 
240 240 
147 148 
250 249 
215 214 
215 214 
206 205 
92 91 
61 62 
168 167 
113 112 
238 239 
140 141 
34 35 
135 136 
122 124 
69 68 
221 222 
237 238 
36 36 
142 143 
8 6 
200 200 
154 155 
57 57 
177 177 
97 99 
205 205 
206 207 
83 82 
231 229 
200 199 
175 176 
255 255 
181 180 
175 175 
62 63 
215 214 
48 48 
153 154 
49 49 
111 109 
165 166 
158 159 
229 230 
251 249 
112 112 
194 195 
84 85 
135 137 
27 30 
87 86 
177 179 
250 250 
239 247 
238 237 
86 88 
37 36 
65 65 
58 58 
60 60 
7 11 
55 55 
213 213 
221 220 
155 156 
214 214 
117 118 
201 201 
102 103 
100 100 
28 27 
58 59 
32 31 
150 150 
180 179 
109 109 
147 147 
69 70 
191 190 
99 98 
133 134 
54 54 
204 205 
156 157 
148 149 
177 178 
180 180 
201 202 
27 26 
20 21 
22 25 
6 4 
59 58 
235 236 
111 114 
63 63 
63 63 
153 152 
224 222 
133 133 
6 4 
70 69 
145 146 
45 45 
24 24 
159 159 
20 19 
70 68 
157 158 
221 220 
56 56 
226 224 
92 93 
101 101 
13 13 
134 135 
8 8 
39 39 
89 88 
172 171 
142 143 
59 60 
13 12 
255 255 
219 220 
159 160 
115 112 
237 238 
185 185 
154 153 
106 107 
205 205 
128 126 
243 241 
1 1 
205 205 
79 82 
211 212 
160 159 
161 161 
155 155 
116 117 
48 47 
84 84 
187 188 
5 6 
236 238 
75 76 
182 182 
52 51 
228 228 
125 126 
135 136 
16 15 
162 162 
31 31 
149 148 
26 25 
90 91 
69 69 
128 126 
125 124 
121 121 
54 54 
252 253 
146 146 
184 183 
2 2 
213 212 
77 78 
56 55 
142 141 
171 170 
176 175 
30 31 
151 152 
52 52 
28 27 
55 55 
134 133 
197 197 
45 45 
149 149 
163 162 
248 246 
79 79 
91 91 
177 177 
188 187 
15 14 
97 97 
45 45 
33 33 
145 145 
224 224 
139 140 
66 67 
100 100 
200 201 
139 141 
96 97 
78 78 
228 230 
102 105 
233 234 
168 167 
226 228 
88 87 
106 105 
160 160 
149 149 
63 62 
91 89 
224 224 
148 147 
63 64 
162 163 
147 148 
87 90 
17 16 
191 191 
98 97 
36 35 
95 95 
249 249 
140 141 
110 108 
188 189 
114 112 
174 173 
177 177 
101 101 
191 192 
74 75 
77 77 
1 1 
67 67 
168 168 
23 23 
132 130 
248 248 
198 199 
141 139 
138 137 
17 18 
89 89 
135 136 
1 1 
5 4 
166 167 
248 247 
92 91 
96 96 
141 142 
220 219 
143 143 
45 45 
173 173 
241 241 
116 116 
246 247 
156 156 
132 130 
64 65 
184 183 
121 119 
124 121 
94 94 
14 14 
197 198 
166 165 
226 224 
169 170 
227 225 
83 84 
216 217 
193 194 
26 30 
195 194 
206 206 
121 118 
19 18 
255 255 
62 62 
39 39 
231 229 
15 14 
118 120 
90 89 
226 227 
202 203 
107 110 
33 34 
85 87 
58 58 
99 97 
175 176 
65 66 
255 255 
75 75 
54 54 
251 251 
196 197 
136 134 
125 127 
164 164 
47 47 
55 55 
42 42 
238 239 
136 137 
66 64 
235 237 
107 107 
200 200 
137 136 
163 162 
32 31 
150 150 
40 41 
255 255 
147 148 
19 22 
6 9 
134 133 
82 82 
143 142 
43 43 
201 200 
144 144 
229 227 
197 198 
37 38 
160 161 
237 239 
5 4 
23 22 
198 197 
190 190 
130 128 
62 62 
160 159 
15 16 
127 129 
35 35 
212 214 
27 30 
164 164 
30 31 
123 122 
41 40 
123 124 
89 88 
170 171 
8 7 
122 123 
80 79 
34 33 
161 162 
216 218 
8 8 
23 23 
218 219 
215 217 
199 199 
204 205 
197 197 
41 41 
217 215 
162 163 
40 39 
27 27 
5 8 
181 182 
191 191 
63 65 
189 190 
59 60 
34 33 
106 104 
54 54 
168 167 
167 168 
255 255 
127 126 
210 211 
32 33 
181 181 
4 3 
198 200 
216 217 
153 154 
240 241 
107 109 
170 170 
169 169 
35 35 
71 72 
183 183 
185 185 
28 27 
133 135 
68 67 
52 53 
4 4 
169 168 
6 8 
237 235 
116 116 
41 41 
228 226 
154 154 
32 32 
206 207 
250 248 
24 28 
182 182 
207 205 
245 246 
175 175 
143 142 
225 224 
250 250 
79 78 
205 204 
54 54 
12 12 
20 19 
77 76 
139 139 
255 255 
41 41 
75 73 
204 205 
243 242 
217 217 
129 129 
12 11 
157 158 
152 152 
209 208 
11 10 
33 32 
136 137 
186 190 
88 88 
4 3 
180 180 
151 150 
208 209 
252 253 
138 139 
216 218 
162 162 
63 64 
8 7 
251 253 
117 116 
255 255 
154 153 
182 182 
255 255 
2 2 
244 242 
255 254 
23 23 
186 185 
114 114 
18 17 
142 141 
199 198 
8 8 
142 140 
251 250 
101 103 
177 176 
110 112 
151 151 
196 194 
206 206 
211 210 
157 158 
49 48 
131 132 
180 180 
233 233 
18 18 
218 219 
27 26 
147 148 
246 244 
61 60 
194 195 
226 225 
254 253 
113 116 
76 76 
115 115 
152 152 
132 132 
218 216 
100 100 
81 82 
199 198 
226 227 
136 134 
70 69 
98 99 
58 58 
141 141 
154 154 
67 68 
255 255 
126 124 
236 235 
231 231 
166 165 
153 153 
124 124 
66 64 
172 172 
171 171 
0 0 
53 53 
161 161 
137 136 
192 191 
118 117 
246 245 
167 167 
237 237 
77 77 
12 12 
119 117 
48 50 
133 134 
238 238 
88 87 
215 216 
143 142 
157 156 
105 103 
138 138 
128 131 
83 86 
49 49 
238 240 
105 104 
183 185 
244 242 
23 22 
75 74 
229 229 
140 140 
96 95 
22 21 
36 35 
228 230 
208 208 
7 6 
107 107 
246 244 
137 136 
131 129 
124 122 
143 142 
125 123 
242 242 
155 155 
190 191 
242 241 
201 205 
7 6 
136 135 
123 123 
241 243 
255 255 
191 192 
154 154 
21 20 
6 6 
103 104 
250 250 
214 214 
104 106 
124 122 
202 201 
105 106 
119 120 
97 95 
209 208 
228 228 
166 167 
227 227 
65 64 
246 245 
238 247 
79 82 
40 39 
26 25 
8 10 
153 153 
6 5 
119 117 
113 113 
181 182 
145 144 
217 217 
56 56 
62 61 
59 59 
108 108 
163 162 
69 69 
146 146 
152 152 
31 32 
150 150 
187 186 
16 16 
185 185 
5 5 
101 101 
159 159 
86 85 
176 175 
114 111 
223 223 
232 232 
5 11 
232 230 
146 147 
207 208 
73 74 
24 25 
106 106 
9 7 
193 194 
179 179 
82 83 
51 52 
97 97 
249 251 
18 16 
83 82 
176 176 
30 31 
161 161 
255 255 
197 196 
113 113 
17 15 
28 31 
203 204 
178 178 
195 196 
13 12 
97 98 
0 0 
219 221 
47 47 
83 85 
41 41 
70 69 
165 164 
144 143 
108 108 
26 29 
192 193 
32 33 
144 143 
235 236 
9 9 
4 4 
18 16 
196 200 
124 122 
140 138 
30 29 
165 164 
255 255 
10 10 
31 33 
195 194 
52 52 
28 27 
2 1 
137 135 
139 137 
149 149 
232 232 
153 153 
212 212 
139 138 
222 221 
178 178 
169 168 
203 203 
93 93 
59 59 
173 173 
194 195 
58 58 
110 109 
187 191 
178 179 
28 27 
53 53 
183 184 
49 49 
10 8 
96 96 
166 166 
219 219 
42 42 
94 96 
243 242 
9 7 
118 116 
164 165 
250 248 
162 162 
92 91 
43 43 
201 201 
59 58 
159 160 
62 62 
170 170 
24 23 
17 18 
234 234 
58 57 
39 39 
254 255 
68 67 
153 152 
187 186 
181 180 
112 111 
95 95 
186 186 
57 58 
255 255 
82 80 
147 148 
125 123 
117 119 
34 34 
167 168 
69 68 
144 145 
127 125 
246 244 
148 149 
122 119 
182 182 
180 181 
118 117 
233 235 
218 218 
161 161 
242 243 
205 204 
164 165 
7 6 
58 57 
188 187 
173 172 
11 11 
245 246 
86 85 
103 103 
52 51 
250 251 
106 107 
111 112 
17 17 
108 110 
139 140 
77 76 
205 204 
67 65 
72 74 
82 82 
17 19 
16 19 
19 18 
66 65 
78 78 
229 231 
142 141 
19 19 
7 7 
5 4 
152 153 
13 13 
245 243 
3 3 
244 242 
97 96 
63 64 
164 164 
255 255 
83 81 
130 128 
49 49 
213 212 
26 29 
81 83 
48 48 
81 80 
253 255 
245 243 
127 127 
46 46 
174 174 
180 181 
26 25 
255 255 
115 113 
227 228 
191 191 
69 69 
251 249 
255 255 
39 39 
156 156 
120 117 
227 226 
132 134 
167 166 
227 226 
39 39 
94 96 
3 4 
45 45 
43 43 
36 36 
185 184 
79 79 
163 162 
254 255 
221 221 
19 17 
145 145 
73 72 
119 120 
43 43 
74 73 
136 135 
1 0 
166 166 
79 78 
128 129 
200 200 
252 252 
71 70 
163 163 
101 102 
96 97 
17 16 
222 221 
67 65 
26 25 
47 46 
206 204 
51 52 
1 0 
231 229 
111 108 
20 19 
180 180 
222 222 
255 255 
202 201 
220 221 
245 244 
85 84 
193 192 
46 46 
195 194 
255 255 
82 83 
104 104 
210 210 
80 78 
121 118 
255 255 
186 186 
217 215 
241 239 
25 24 
221 220 
51 51 
57 58 
255 254 
57 57 
152 152 
252 253 
150 151 
181 181 
0 0 
99 99 
135 137 
35 35 
146 147 
180 181 
228 228 
39 40 
110 109 
213 214 
232 230 
242 243 
125 127 
17 20 
122 120 
114 114 
135 135 
219 219 
105 102 
137 136 
108 108 
121 119 
215 215 
44 44 
223 225 
143 142 
152 152 
25 28 
224 222 
240 238 
218 216 
41 41 
131 129 
153 153 
60 61 
66 67 
235 233 
55 55 
145 146 
134 135 
255 255 
44 43 
153 153 
238 237 
81 80 
130 131 
152 151 
130 128 
197 196 
78 77 
239 239 
236 235 
80 80 
16 18 
182 183 
200 201 
137 136 
134 134 
73 74 
147 147 
255 255 
71 70 
24 28 
13 12 
33 32 
170 171 
95 96 
48 48 
76 77 
122 120 
111 113 
42 42 
107 105 
255 255 
108 108 
14 16 
30 29 
95 95 
62 61 
53 53 
206 205 
234 234 
153 153 
62 63 
152 152 
255 255 
185 185 
40 40 
77 76 
149 149 
247 248 
79 78 
145 145 
115 113 
170 171 
86 84 
228 226 
109 110 
155 155 
57 57 
241 239 
172 172 
204 205 
255 255 
2 1 
99 99 
57 57 
89 88 
103 105 
202 201 
51 51 
142 140 
208 207 
110 112 
153 152 
218 218 
205 206 
215 215 
96 97 
187 188 
95 97 
211 211 
99 97 
147 146 
92 92 
87 88 
45 45 
112 113 
240 248 
85 84 
121 119 
36 35 
126 124 
176 175 
249 249 
87 89 
37 37 
193 192 
70 70 
87 89 
162 161 
228 229 
90 90 
15 17 
130 131 
186 185 
190 189 
0 0 
94 93 
131 128 
162 161 
231 232 
50 50 
234 234 
63 63 
91 89 
148 148 
226 226 
255 255 
168 167 
255 255 
244 242 
251 252 
122 120 
34 36 
247 246 
138 139 
237 235 
194 193 
61 62 
109 110 
120 119 
37 37 
70 69 
103 102 
232 234 
126 128 
161 160 
19 21 
105 102 
140 139 
139 139 
14 16 
189 188 
255 255 
88 87 
132 132 
251 252 
21 23 
53 53 
221 221 
125 127 
251 250 
238 236 
88 86 
83 82 
5 9 
102 100 
2 3 
72 71 
221 222 
62 61 
87 88 
252 251 
21 20 
7 8 
55 54 
192 192 
196 195 
175 174 
164 163 
199 198 
195 196 
255 255 
3 3 
119 121 
173 172 
145 145 
111 111 
37 38 
36 38 
187 186 
29 28 
194 195 
184 185 
247 248 
141 140 
89 90 
100 100 
56 56 
88 88 
252 251 
23 25 
115 116 
225 225 
135 133 
80 82 
109 111 
255 255 
230 230 
191 192 
175 174 
31 30 
41 41 
113 114 
242 241 
61 60 
214 212 
198 199 
20 19 
75 76 
176 176 
28 27 
51 51 
43 43 
146 146 
202 208 
232 230 
73 74 
85 84 
68 69 
18 17 
70 71 
190 189 
154 155 
26 26 
193 194 
138 139 
110 109 
253 252 
80 79 
12 11 
201 200 
219 220 
221 219 
54 53 
3 3 
90 91 
80 79 
192 192 
187 188 
101 99 
255 255 
46 46 
254 253 
165 165 
180 180 
255 255 
17 20 
175 174 
56 56 
205 206 
142 141 
245 244 
162 163 
38 39 
45 45 
17 16 
145 145 
196 196 
131 132 
230 232 
133 135 
255 255 
90 91 
230 231 
84 85 
3 2 
44 43 
118 120 
193 193 
99 99 
222 222 
111 109 
99 98 
194 194 
115 113 
50 49 
19 23 
148 147 
15 14 
89 90 
203 203 
81 80 
162 163 
120 121 
123 125 
23 23 
243 245 
60 61 
12 11 
43 43 
11 10 
140 140 
181 181 
66 65 
31 33 
136 137 
72 71 
191 190 
164 163 
130 130 
154 154 
34 34 
91 91 
97 97 
189 190 
250 248 
104 102 
13 11 
91 92 
176 177 
187 188 
174 173 
46 46 
230 230 
152 153 
115 116 
184 183 
160 161 
59 60 
44 44 
240 248 
246 247 
86 85 
165 165 
70 71 
219 220 
150 151 
0 1 
218 217 
63 62 
144 145 
16 15 
99 99 
229 229 
124 126 
182 181 
38 39 
130 132 
133 132 
70 69 
179 179 
51 50 
17 15 
69 69 
32 31 
4 6 
139 138 
166 166 
130 128 
223 224 
20 18 
128 131 
76 75 
60 60 
22 21 
1 2 
88 86 
140 140 
255 255 
64 63 
51 53 
6 5 
239 240 
10 10 
103 102 
14 13 
52 52 
67 67 
190 189 
13 12 
14 13 
213 214 
150 150 
152 151 
94 94 
114 116 
84 85 
255 254 
102 104 
32 31 
199 198 
41 41 
253 252 
64 64 
151 151 
76 75 
234 235 
156 156 
30 30 
88 88 
209 209 
80 81 
157 157 
102 101 
120 121 
171 171 
219 218 
145 146 
174 175 
173 172 
52 52 
148 149 
124 126 
115 113 
214 214 
173 173 
132 130 
94 93 
241 242 
51 50 
152 152 
53 52 
247 247 
2 2 
1 1 
148 147 
152 153 
202 201 
86 87 
100 99 
180 180 
181 180 
46 45 
93 94 
151 151 
200 202 
91 91 
218 216 
166 166 
61 63 
29 29 
126 126 
223 222 
94 93 
49 49 
199 198 
240 238 
72 72 
217 217 
101 102 
255 255 
37 37 
59 59 
232 230 
187 186 
118 118 
177 177 
29 28 
31 32 
17 17 
83 82 
169 169 
101 99 
176 177 
222 222 
143 142 
158 158 
17 17 
229 229 
58 58 
211 210 
209 210 
175 174 
102 100 
221 219 
68 68 
218 218 
92 92 
53 53 
84 82 
255 255 
120 122 
202 203 
52 54 
174 174 
253 254 
29 28 
61 61 
197 197 
1 0 
66 65 
184 186 
12 12 
55 54 
158 158 
124 125 
147 147 
182 182 
216 214 
131 133 
37 37 
55 55 
213 215 
90 89 
32 32 
231 231 
69 68 
236 234 
255 254 
20 20 
247 245 
180 179 
13 13 
104 103 
92 95 
199 199 
130 132 
210 212 
208 207 
220 220 
109 113 
40 40 
40 40 
195 194 
226 227 
114 113 
202 203 
64 65 
245 243 
134 132 
129 128 
59 59 
132 132 
229 228 
213 213 
2 1 
98 96 
67 66 
129 130 
49 49 
59 59 
34 33 
197 197 
234 233 
255 255 
165 165 
109 111 
113 114 
32 31 
247 247 
188 188 
50 49 
179 179 
157 157 
6 7 
173 172 
233 233 
167 166 
75 73 
163 163 
225 226 
140 139 
24 23 
247 248 
255 255 
9 9 
150 149 
255 254 
142 143 
33 33 
24 23 
191 191 
255 254 
201 201 
58 58 
137 138 
187 186 
178 178 
23 26 
121 122 
22 22 
9 8 
58 58 
38 39 
11 10 
44 44 
95 97 
30 30 
239 239 
245 246 
201 200 
126 124 
129 127 
12 11 
249 249 
116 117 
119 119 
217 216 
121 120 
20 23 
141 142 
172 172 
236 237 
83 82 
169 170 
16 15 
203 202 
66 67 
12 24 
251 249 
86 84 
216 215 
22 22 
43 43 
119 120 
139 139 
24 24 
140 140 
55 56 
211 210 
42 42 
14 14 
63 62 
77 77 
31 31 
237 238 
187 188 
33 34 
76 75 
185 184 
185 184 
217 217 
204 205 
171 171 
161 162 
248 247 
198 199 
193 194 
252 252 
101 100 
254 255 
65 64 
76 75 
54 55 
84 84 
216 214 
166 166 
163 162 
212 212 
56 56 
57 57 
172 173 
244 243 
58 59 
89 90 
133 131 
69 70 
166 167 
159 160 
34 33 
102 100 
3 3 
188 189 
242 244 
103 104 
50 50 
146 146 
96 96 
163 164 
104 104 
117 116 
12 11 
203 203 
7 7 
217 223 
197 196 
204 203 
48 49 
179 179 
210 209 
255 255 
102 104 
1 2 
140 141 
121 121 
73 73 
179 178 
40 40 
143 143 
64 66 
215 213 
192 192 
33 33 
236 235 
55 54 
49 49 
255 255 
169 169 
205 204 
184 184 
6 6 
179 179 
208 208 
114 114 
11 10 
239 238 
45 45 
161 161 
37 38 
62 61 
96 95 
97 96 
137 137 
176 176 
22 25 
109 111 
32 30 
151 151 
137 139 
29 28 
239 240 
59 58 
45 45 
207 207 
176 175 
166 167 
253 254 
141 141 
57 57 
65 66 
126 128 
126 129 
109 107 
234 236 
43 44 
246 245 
241 242 
136 136 
7 7 
207 206 
255 255 
90 90 
78 79 
213 214 
177 177 
186 186 
34 33 
197 196 
56 55 
250 250 
181 182 
35 34 
107 107 
92 93 
245 246 
50 50 
27 26 
86 86 
61 61 
210 210 
203 202 
128 126 
236 236 
198 199 
103 104 
144 145 
134 133 
18 19 
224 225 
4 6 
175 174 
255 255 
136 138 
12 11 
184 186 
8 8 
159 159 
174 174 
97 98 
254 254 
173 175 
100 101 
121 119 
37 37 
58 57 
74 72 
42 42 
52 52 
187 187 
109 109 
198 199 
127 128 
167 167 
52 52 
255 255 
114 116 
198 197 
79 79 
243 241 
108 107 
96 95 
122 120 
84 83 
72 71 
0 1 
40 40 
192 192 
179 180 
221 221 
200 199 
47 47 
113 114 
121 120 
93 92 
174 175 
64 65 
124 122 
253 253 
249 247 
120 123 
149 149 
231 233 
244 244 
131 131 
127 130 
157 156 
134 135 
225 225 
212 211 
202 201 
167 168 
171 171 
209 209 
47 48 
31 30 
0 0 
57 57 
228 228 
123 125 
201 200 
244 243 
106 108 
179 180 
177 177 
212 211 
82 85 
166 166 
10 9 
210 208 
64 65 
89 87 
165 165 
220 219 
14 14 
148 149 
118 119 
144 144 
255 255 
88 87 
199 198 
240 241 
217 218 
50 50 
127 125 
112 109 
91 92 
160 161 
36 36 
66 65 
120 122 
52 52 
45 44 
41 41 
21 20 
192 191 
105 105 
94 93 
30 29 
149 149 
126 129 
18 17 
240 240 
94 94 
89 89 
60 61 
27 26 
71 73 
73 74 
143 143 
145 144 
35 35 
122 121 
62 62 
252 250 
18 16 
182 182 
212 213 
107 108 
45 46 
1 1 
226 227 
185 187 
23 26 
124 122 
39 38 
19 17 
36 37 
40 40 
82 80 
56 56 
255 255 
220 220 
5 5 
233 235 
19 17 
132 130 
255 255 
165 165 
196 197 
62 62 
25 24 
168 168 
77 77 
74 73 
22 23 
183 183 
207 209 
2 2 
220 220 
138 140 
111 112 
247 245 
98 96 
131 129 
131 132 
117 117 
45 45 
204 204 
157 157 
71 72 
8 8 
219 221 
141 142 
80 79 
238 239 
70 71 
183 184 
163 164 
255 255 
63 62 
122 124 
25 29 
121 122 
185 185 
116 115 
121 121 
210 212 
255 255 
255 255 
231 230 
68 68 
225 224 
74 74 
200 199 
178 177 
16 15 
123 125 
211 212 
172 173 
170 171 
188 187 
129 132 
62 61 
128 126 
18 17 
91 89 
187 188 
151 151 
23 22 
144 144 
93 95 
105 103 
255 255 
250 250 
80 79 
120 122 
223 224 
120 118 
40 40 
255 255 
222 223 
246 245 
126 125 
225 226 
86 86 
173 172 
108 110 
29 29 
230 228 
177 177 
169 169 
184 183 
186 186 
0 3 
7 6 
190 189 
255 255 
151 151 
197 196 
183 183 
156 156 
92 93 
145 144 
172 172 
207 206 
76 75 
159 159 
66 66 
194 193 
141 142 
120 121 
237 237 
64 65 
3 3 
115 116 
206 207 
68 69 
237 235 
121 121 
230 230 
168 168 
211 211 
9 12 
137 138 
227 228 
200 200 
91 93 
55 55 
250 249 
103 104 
163 163 
219 219 
241 242 
92 93 
30 29 
129 128 
90 92 
104 103 
150 151 
90 91 
179 179 
192 193 
171 171 
105 105 
129 131 
144 144 
29 27 
168 169 
145 144 
70 70 
145 145 
32 31 
189 190 
184 184 
208 210 
238 237 
217 217 
162 162 
238 239 
74 75 
235 233 
128 126 
87 87 
184 186 
83 82 
81 83 
255 255 
155 155 
116 116 
140 140 
214 214 
59 59 
132 132 
145 145 
171 170 
113 112 
36 35 
91 92 
151 151 
72 71 
137 137 
84 83 
187 187 
36 36 
33 34 
99 100 
214 213 
174 174 
110 110 
235 235 
25 24 
154 154 
206 205 
234 234 
136 136 
125 123 
7 5 
113 111 
118 118 
224 222 
148 148 
233 233 
140 139 
112 111 
208 208 
135 133 
98 100 
84 87 
176 175 
229 231 
58 59 
91 90 
27 27 
67 69 
249 250 
248 247 
219 220 
145 145 
115 115 
38 39 
87 86 
225 227 
1 1 
252 250 
50 50 
55 56 
191 190 
209 208 
29 29 
86 85 
181 182 
139 138 
42 42 
215 216 
113 111 
139 139 
173 173 
147 146 
72 72 
76 76 
229 226 
32 33 
19 23 
44 44 
255 255 
220 221 
106 108 
136 137 
60 60 
203 203 
21 20 
35 35 
180 180 
48 48 
22 21 
91 89 
108 111 
105 107 
75 77 
204 203 
107 106 
245 246 
89 90 
143 141 
182 181 
191 192 
64 63 
237 236 
52 52 
14 13 
177 176 
230 231 
22 21 
243 245 
69 68 
9 9 
16 15 
235 236 
171 171 
189 187 
179 179 
134 133 
44 44 
106 106 
232 232 
190 189 
192 191 
156 156 
255 255 
178 179 
148 148 
154 153 
242 240 
117 117 
8 6 
255 255 
87 88 
116 117 
214 213 
13 11 
94 96 
166 166 
209 211 
223 224 
84 82 
214 216 
100 101 
204 204 
149 150 
216 217 
204 205 
80 83 
250 251 
47 47 
114 114 
241 239 
194 195 
228 228 
30 32 
26 26 
232 230 
121 122 
187 191 
255 255 
24 25 
15 16 
56 55 
26 25 
110 111 
206 206 
90 88 
99 99 
165 165 
74 73 
238 237 
53 52 
233 234 
32 32 
255 255 
193 192 
11 10 
255 255 
5 6 
76 75 
73 74 
66 65 
23 22 
97 96 
126 127 
20 19 
111 110 
231 232 
199 199 
54 54 
53 53 
172 173 
186 189 
32 32 
52 51 
57 57 
71 72 
236 238 
197 198 
130 131 
200 199 
19 18 
241 241 
18 20 
47 47 
129 127 
155 155 
151 150 
21 19 
157 157 
216 216 
85 85 
46 46 
84 83 
145 144 
255 255 
33 35 
226 227 
65 63 
93 94 
137 138 
17 19 
153 153 
46 47 
60 60 
93 93 
163 163 
4 4 
200 199 
245 246 
233 234 
72 72 
152 152 
3 3 
230 228 
133 131 
7 7 
2 2 
54 55 
179 178 
201 202 
91 90 
166 165 
255 255 
204 203 
196 196 
4 3 
147 146 
124 122 
125 123 
233 231 
101 102 
61 62 
193 192 
24 26 
35 37 
185 185 
221 222 
224 225 
32 34 
76 74 
202 202 
246 247 
193 193 
166 167 
133 133 
142 142 
241 242 
14 13 
110 110 
193 192 
252 253 
207 207 
255 255 
234 232 
248 251 
178 177 
90 89 
123 123 
9 8 
211 212 
165 164 
219 217 
220 219 
174 174 
71 70 
150 150 
242 243 
101 101 
139 137 
109 110 
79 78 
163 164 
78 77 
246 248 
160 160 
128 130 
104 106 
17 16 
7 7 
236 236 
112 114 
200 199 
70 71 
229 229 
180 181 
188 187 
162 162 
59 59 
217 217 
182 181 
88 86 
84 83 
30 29 
190 190 
42 43 
207 207 
138 140 
98 98 
233 231 
77 76 
19 18 
255 255 
112 112 
240 238 
156 156 
223 222 
124 122 
73 72 
119 120 
7 11 
58 58 
156 156 
242 244 
66 67 
59 59 
111 112 
92 92 
149 148 
102 101 
157 158 
232 231 
67 68 
116 116 
121 122 
53 53 
81 80 
247 246 
82 81 
201 202 
206 206 
81 79 
208 208 
80 82 
11 10 
32 32 
143 143 
176 176 
238 238 
119 121 
55 56 
164 164 
172 172 
29 28 
88 87 
87 87 
86 85 
227 228 
232 230 
47 47 
150 151 
56 57 
12 12 
255 255 
235 235 
112 109 
14 13 
251 253 
50 50 
191 191 
229 230 
237 237 
110 112 
95 97 
37 37 
32 31 
91 92 
170 169 
85 87 
23 27 
136 135 
176 175 
56 56 
29 28 
235 235 
20 19 
94 96 
241 242 
149 149 
142 141 
42 42 
205 206 
157 157 
89 90 
177 178 
255 255 
42 42 
216 217 
193 193 
70 71 
121 123 
44 44 
11 14 
63 65 
235 233 
91 90 
220 219 
46 46 
97 95 
198 199 
134 133 
15 16 
45 46 
255 255 
68 67 
72 71 
107 109 
243 243 
160 159 
173 173 
254 254 
21 21 
148 148 
197 196 
41 42 
161 161 
231 229 
79 81 
244 246 
255 255 
108 105 
227 227 
56 56 
33 32 
188 189 
0 0 
230 232 
85 84 
184 183 
0 0 
233 233 
110 110 
207 206 
225 226 
218 218 
77 79 
133 134 
128 126 
95 94 
2 2 
131 129 
95 95 
243 241 
27 26 
253 255 
154 153 
63 66 
37 36 
255 255 
125 124 
114 113 
18 16 
39 39 
65 64 
90 89 
122 123 
39 38 
88 90 
89 89 
35 34 
186 186 
79 78 
130 130 
169 168 
94 92 
194 194 
25 24 
224 222 
234 232 
107 108 
176 177 
112 109 
59 58 
236 237 
10 9 
44 45 
2 1 
182 182 
88 86 
16 16 
80 81 
126 128 
255 255 
251 253 
141 142 
39 38 
194 194 
182 182 
93 93 
255 255 
61 61 
209 209 
226 224 
115 113 
113 112 
30 29 
61 62 
231 231 
138 136 
246 245 
217 217 
164 165 
36 36 
30 31 
97 95 
14 13 
223 224 
1 1 
95 97 
133 131 
186 187 
84 84 
136 135 
178 178 
102 102 
143 143 
8 7 
214 212 
23 22 
148 148 
72 75 
144 143 
51 51 
228 228 
102 103 
223 224 
57 57 
72 72 
143 141 
78 78 
252 251 
89 89 
255 255 
174 174 
71 71 
252 250 
201 203 
180 181 
169 169 
129 130 
114 111 
86 85 
89 90 
95 97 
19 18 
67 69 
4 3 
146 145 
183 183 
196 195 
37 36 
31 32 
9 9 
15 14 
31 33 
183 183 
224 223 
218 220 
13 15 
29 28 
177 177 
236 237 
13 12 
235 235 
76 77 
42 43 
190 191 
118 118 
65 66 
96 95 
72 72 
189 188 
144 144 
126 127 
195 196 
2 2 
216 217 
18 18 
6 5 
197 196 
74 73 
224 225 
170 169 
31 30 
208 210 
206 205 
195 196 
84 84 
218 219 
255 255 
255 255 
111 109 
42 42 
