11
33293
10933
8233
41000
43181
43136
41480
35370
694
33323
43548
41506
32809
2208
43172
670
43690
11
43523
10372
34987
43054
43177
10414
40993
34978
40969
142
132
33291
2696
41001
10964
10403
33416
35498
33448
43534
8330
43166
8235
32896
40963
43701
43649
33461
43550
35336
10788
43039
35490
10927
34984
35495
8870
35360
41140
43690
10452
43683
2698
32795
41639
668
2216
11092
41013
33450
10790
8748
8739
10791
40995
33447
170
40993
557
2076
213
10272
41472
35329
10243
10382
32927
671
33440
34976
2217
10279
35370
33321
10367
41483
2218
0
43679
9
2184
8223
35495
35029
10759
35030
10908
41101
35369
10932
8830
2051
2187
8835
32931
8228
10271
34944
10379
32778
681
43732
41614
33293
43657
2088
33311
34824
41632
137
34945
43691
43530
32767
8359
10370
2216
687
34953
32949
681
33321
33442
43021
10251
44372
8867
39
43174
682
34847
8322
2698
8202
10292
34858
34816
32802
34850
10366
44
8328
32785
35342
33313
8244
672
41127
10286
43690
40973
8839
43527
674
43661
43562
54612
33461
35360
641
34954
41119
36181
8228
43690
34825
33288
41516
129
8225
43690
8717
8744
696
32980
33417
10283
33315
136
43138
2720
41634
32782
41476
11
8245
43009
680
41512
33312
2570
10249
40988
33450
34944
41473
10240
32808
8321
9045
10274
2090
33312
129
8205
43174
34848
13652
557
8831
41484
33288
675
10411
41643
679
2184
8355
40962
8750
41513
41602
35361
34978
33442
10887
565
34856
8348
43660
32811
35330
10282
8840
33312
41473
40962
8714
2178
43138
41642
554
32820
32903
10790
8745
43036
32783
2218
129
58
11605
8884
34986
43690
2219
512
32763
43862
34947
674
2568
519
8866
43690
10401
564
8715
2208
43690
2563
675
8360
34829
2613
43690
10375
10283
8195
33410
43043
2594
43732
34818
43690
35368
161
557
128
10413
35456
43181
33441
173
41142
510
8705
8749
691
41510
41632
10243
2591
33290
43654
41131
32810
169
10932
32904
41511
8361
10794
33284
41604
2698
10375
10767
8227
10282
555
518
2720
10784
41638
10759
41122
513
41095
33289
2591
32903
33453
13
10282
8405
32808
35457
2210
11605
131
8689
32803
10242
8195
2595
34849
2560
10763
640
10247
694
10279
41516
10804
2602
35491
41142
2176
2081
32822
41001
33322
2563
34826
35469
32811
10367
2080
40963
650
2600
8202
10793
35336
173
10880
33333
41486
2090
8873
171
34943
32771
33407
43690
35367
8832
33450
35669
2729
10791
8205
41483
41098
33320
34983
546
2091
34986
10763
8326
41128
43007
10889
32930
2186
8226
43733
33280
128
2219
43040
43019
8740
34984
0
8875
2
10283
33440
43733
41600
34978
2175
33421
10412
8703
42772
160
10964
8871
8831
8
33322
555
10240
35465
35373
10399
32781
138
41118
43044
32799
43144
2562
10378
33439
32814
41526
2720
8843
32765
32910
8237
33315
2176
34850
8333
640
32938
34869
2062
10918
2727
2210
8237
41091
32980
33333
43691
33325
10421
43690
10786
2229
8352
34856
41092
35459
41614
43148
2057
41013
521
10409
41474
2081
32909
127
8322
10407
545
8875
8735
34989
33448
34944
729
10934
2090
33314
43017
41600
41123
557
8749
43178
2211
34816
546
2690
0
43519
41608
34818
33289
10369
34856
553
10798
2208
2178
43690
43010
8204
33453
43168
161
43690
10285
41479
41602
43657
43690
43649
2055
41640
10806
10410
10248
35462
132
43150
8713
2055
41090
8327
34848
10248
2057
43042
43559
11097
41513
8321
35466
2210
32931
566
41645
8196
35487
33311
41468
43050
8757
43167
114
35341
43682
34985
32910
32780
1
33450
43690
35368
35336
2082
43021
8353
8
54
41630
43171
41096
2573
41611
2600
8836
511
8195
32982
8864
10382
2600
683
853
10908
44372
8831
10454
32777
8918
41004
32926
35495
8871
8877
41471
10875
35465
43040
8711
2561
33
41087
43678
2216
35541
33408
32764
10406
32907
32898
41101
32910
43008
43018
41611
41511
44372
8735
43690
35487
43560
43036
8750
8862
10790
35467
32
35359
2728
43047
34818
8233
10364
8827
34952
3
41089
43550
2741
35360
34954
2605
2051
32927
43548
54612
2689
9045
33450
32949
2216
33448
10403
2184
8206
35338
33418
129
10279
43548
32807
2215
43690
10914
43189
43150
8348
41516
41097
41123
10880
2055
8749
2088
43012
2186
11
8363
41600
10804
43556
43661
8700
35338
8743
2721
8327
34855
44
32938
32897
40962
43169
41478
651
41090
2051
43681
41645
2057
2047
43047
2093
33
8875
838
32892
33418
41133
32928
2722
32821
43531
2570
32772
545
35541
43061
46
33333
34943
2559
43690
41643
40992
34986
43179
54612
552
10374
43019
8361
545
41096
10286
8748
8845
34944
10381
35
8750
2560
2570
41685
10883
40971
2087
2697
34976
35497
43145
41598
2594
34855
43534
43690
2178
34857
160
33448
43143
10241
2060
10783
43690
35335
43060
182
2729
40967
41172
35381
10274
32802
145
33408
41813
33290
11093
34952
43683
35331
2901
43189
10451
10918
43555
683
32803
34
46421
135
43041
674
43690
34986
43651
2208
34957
129
43189
43047
2562
43053
40
41602
43144
35332
10805
43573
8316
2699
41643
33621
43680
10910
33451
35
171
56
639
32765
8235
32814
34816
10280
100
10764
41632
2720
2051
653
8841
40963
43572
43221
32941
2218
35458
10419
43176
41088
8717
8191
41607
2602
33410
651
34848
2722
2600
33280
164
8872
8761
2570
8322
34975
35467
33289
10403
8831
8363
40960
33288
40991
41612
34989
2568
35669
41603
2568
32903
2082
10247
681
41088
8230
33282
2688
519
8705
43136
8201
2178
10915
10766
43519
43016
653
546
8322
8366
2722
34827
34978
2568
43560
2603
10965
41474
8742
10796
41813
525
636
33293
33311
35509
43049
10748
33450
8748
8865
43649
2187
33281
544
2723
43060
2057
641
43050
41634
43150
35487
32892
8702
41642
8331
10248
672
645
10792
34818
35328
32
43683
8192
32904
41812
43646
2726
35337
43053
41613
8356
43559
8199
33290
35455
41486
10916
40
43050
41482
10908
34848
2696
35487
32941
41813
35469
33442
34817
43690
34858
8323
43689
43647
43052
680
32895
8718
10766
43189
43021
515
33440
32775
10454
41095
32904
8748
35497
43014
34976
35362
10410
8196
551
33320
52
35499
43592
2183
11091
41129
33448
0
32940
10242
33417
8842
36181
10380
41645
10284
8354
41630
35336
43014
10933
2207
43008
694
43534
10764
34952
134
43189
33410
157
32809
2093
53
8832
10964
2695
41607
551
43649
33320
8748
41087
0
43691
8866
33440
33280
43015
10294
43181
43526
32776
35361
8871
8196
41516
43690
35371
41643
32905
41608
41098
2079
8844
2088
673
32800
10409
33293
2688
43860
43690
34951
43531
43183
158
8833
33311
2733
8885
10798
35501
8714
41636
43682
32904
33293
8333
2091
41504
35456
43038
32801
10249
40994
671
34825
41468
43690
43179
2088
34952
170
33315
41095
43561
8188
41599
641
41128
41006
10238
10399
10381
46421
8329
41609
10927
43572
10272
40999
43688
10248
642
33442
10804
2730
8817
11091
10932
2602
10767
41141
10908
41507
35368
2699
43690
34952
34858
8739
41094
10785
8333
521
42
33416
33453
8361
41514
32753
41472
43018
8917
43689
10891
10369
2594
32939
34826
35458
10791
34815
10251
33280
8886
10238
33280
43733
35368
8863
8843
8220
10758
10407
8354
10889
33418
43690
8329
41600
2218
11
41813
32805
39
139
8237
41630
40959
2570
10236
2594
40968
8756
43573
8916
35541
54615
8740
32775
10892
2090
33325
42999
653
34848
41598
43859
8352
2594
10792
2189
528
32939
8228
41511
10270
41005
10251
43565
41471
32982
2081
2176
40969
10272
43690
38
35541
2093
41518
43701
43556
34817
8362
45
2690
32782
10760
2571
10933
2688
34945
41608
9046
2229
43656
43171
10755
8876
10367
43690
43732
34851
41524
43516
2101
32773
2179
43166
43050
2048
2568
32937
522
43861
41485
10374
2701
43060
212
8220
34847
43690
34979
8202
35
43526
2176
41096
8
32898
8196
2614
10934
8705
161
10765
41642
43189
43860
41500
8704
34858
10423
41512
32
43042
8405
40973
2731
43550
8864
35360
43021
8885
10911
35458
36181
32807
38
43688
2599
35335
2568
43516
43062
8872
10783
681
10922
2602
32949
43555
32802
10925
8704
8193
35488
2090
2729
43552
35455
35339
34819
173
41479
32982
43648
158
10396
650
43520
2209
555
8866
33322
2184
2058
135
2044
34850
40960
33418
2561
34947
2723
35362
35669
34987
34858
33417
32938
8222
42998
10787
2720
43690
8702
2218
2592
508
2560
40967
33407
10250
41005
8832
11605
35498
10380
10422
2093
35338
2087
8230
557
2562
8319
10421
651
34954
43529
10381
10889
32802
2056
695
35457
41685
2218
40999
40973
43572
32900
43534
2079
34975
10375
2595
34816
34827
8352
34987
33311
43647
43052
34951
565
41121
8872
33
40970
43530
43145
8354
41513
2059
43687
2056
10926
35359
34976
521
41485
2691
35491
161
43050
43007
2602
10918
43688
166
2186
43138
41525
41468
10278
41101
10931
8742
43689
2184
13652
32898
10278
41639
137
43651
10766
168
43550
8738
41610
10916
137
43520
34977
671
40969
693
43647
43690
35464
34826
41640
34984
8324
2695
35456
41526
10423
10274
8706
2690
34861
10894
40960
31
511
10281
43660
10793
164
43528
557
43164
36181
8747
32981
2592
2721
43573
2600
2
41485
8330
34983
2691
8715
41128
43690
10239
2722
33279
41610
1
35497
41639
34954
8329
10370
41127
2177
43659
32982
41130
555
43651
8330
2594
43523
43139
8409
41609
41506
641
41514
2090
2720
34848
130
8867
2
41471
43166
43169
33415
32892
33442
40962
34952
41639
43553
10254
41504
43690
8203
32894
43691
8838
8206
2176
43145
10379
43008
10918
43175
33314
43862
35464
8205
10453
2056
8320
163
2050
10453
2568
8717
33288
2210
32
10761
2186
170
2093
10272
43657
35540
43553
43521
34982
10883
854
3413
10750
41087
2570
41813
43651
41095
43647
11
35457
32812
2176
43048
32810
8758
40970
43497
34
10275
10934
2567
41121
32781
43690
11093
43533
41513
8234
671
10236
34861
2560
43650
8322
41606
137
8743
8231
40960
43658
8205
32905
2599
32935
43177
2570
10375
41141
33408
34817
41600
39
34979
8700
2209
43048
43659
10925
43175
2079
10244
156
10268
43694
33279
41476
10782
2727
8706
43562
8865
10369
33419
2056
33418
8743
34816
41141
41001
8710
43573
43660
35456
2057
33291
2208
10252
8372
35491
10748
181
10883
8717
32936
2600
41473
34857
41097
10758
2728
10249
2741
10363
2697
8405
35029
43700
43523
43661
41000
41504
2560
41507
2060
158
44373
2688
513
34851
35330
8245
43690
10784
2592
8224
43016
43537
40999
8865
8227
34861
10749
34953
43529
2901
54614
555
32935
33287
10923
33451
43553
34985
10795
8192
41173
43010
41503
43519
10
35499
41122
674
41511
8699
40991
43010
852
34824
2186
43039
32904
32779
2210
8885
565
10377
33448
8355
43222
43138
43145
33408
8705
2080
35491
137
32811
2185
35501
2606
43015
35381
41118
32949
10423
681
653
8192
41471
10239
34997
32939
43566
566
8757
35497
35337
43561
10285
8245
33442
10791
8404
10889
35368
10933
41504
2605
32906
546
2731
8735
33493
8706
41632
35336
10757
2741
32902
10372
34825
10292
41632
43164
8877
41104
2101
41
32798
681
41000
32941
33320
2186
32905
32782
41101
10796
43009
33418
41130
35465
43733
8689
10796
10421
161
140
43690
43690
2688
34979
32907
41471
8761
10293
2218
41098
8711
2560
35330
34946
43036
43649
8331
8331
8201
10762
727
43527
41506
2561
10270
2570
32906
35509
43655
40962
2187
33417
43693
170
8718
2211
43690
33325
10932
41640
135
33320
43167
2573
41642
41480
34944
33419
10806
35455
43523
34976
2218
10251
34857
35458
10881
43175
33418
41614
0
32766
34976
41525
8225
2599
8191
10414
653
10892
2177
10923
39
10273
2178
39
41631
8833
33287
35458
2088
0
8844
2050
2733
2189
2560
32930
10249
8224
639
41478
11095
8745
43140
34954
8225
671
44373
8331
651
35338
2595
43
33322
2089
34985
675
8238
35489
41006
41098
171
35370
518
40973
41482
33416
33314
8373
43553
34815
10758
33441
35491
10376
8352
564
43554
40999
8205
34985
33453
34860
43690
35335
33323
651
8201
2050
41087
8701
679
32803
855
43690
9
35331
43681
40993
41640
35499
131
2720
43519
2087
9045
10876
8228
10877
33290
8235
2091
10792
33288
543
41481
2261
41121
33421
0
2568
33440
2088
40971
8840
32810
671
41503
2184
43574
8328
212
40991
41091
43860
10762
34957
566
10878
34858
41
43018
10399
35464
8330
43148
41813
41634
2079
8191
34943
43680
511
10272
43679
2698
32766
40960
10271
8844
33448
132
2078
41001
212
41121
32803
8228
32774
41120
34945
557
10893
43016
8333
32807
34819
40970
32909
10752
33418
34829
2690
8191
35464
33418
641
10452
43649
2261
11604
43690
43150
140
33448
40970
675
2731
10454
41514
10406
2216
8918
10805
32821
181
43009
54613
2093
10913
10294
43530
2720
10916
529
41611
44374
638
8360
171
639
43690
519
35328
43690
8871
2606
33283
34943
2186
33448
2599
43532
10293
2089
33314
32908
10792
41097
34823
639
2733
32820
41482
8328
33419
41643
33410
8717
10368
33319
10913
8319
35371
8702
8359
8373
2101
641
41512
8200
8759
10364
34858
35336
173
545
10399
565
2700
35491
2208
2602
41479
10366
40993
8195
41130
162
41514
41098
41601
43682
32899
10749
2602
32941
2562
10253
35492
35495
10891
8714
35362
135
43862
33321
723
33416
41014
8244
2051
10759
33440
43147
43008
33319
43519
2562
651
43692
43690
2562
157
641
34819
40970
2569
41089
545
2178
10249
41653
35338
43690
54614
9044
10750
2178
43049
41517
32939
8246
542
2688
2176
41089
10294
34997
33493
41087
54612
641
10918
33320
41096
10926
32779
8365
43690
43690
35497
33288
34975
43690
35
141
41089
10400
10365
8225
2078
10383
41524
32930
10793
10764
43680
43221
8327
32924
33448
35489
32778
34986
34869
2696
10806
33453
32774
2691
13
10794
41017
8191
2592
43690
2568
41483
35456
8319
8366
33416
8235
8223
8739
683
2560
35360
647
40
43519
43143
43701
43661
851
35495
41610
35362
10420
43678
41686
41525
8878
10908
33279
134
9045
35455
43860
41003
43690
639
8320
10932
34815
41517
510
32803
10805
35502
40990
41128
2088
40974
43522
41474
8916
8235
9046
43136
43649
41632
35487
34946
32928
34849
541
33449
43688
2721
8716
32939
34816
43561
10249
2057
11
43690
10422
43659
35491
11094
33417
54611
43693
43689
35541
651
35328
10454
8875
33450
547
10966
2720
43189
32771
2101
43681
35341
2559
40996
8715
2059
10372
642
35495
41685
35338
43675
132
41599
8830
2179
43682
8713
8374
2727
8319
35
10780
33440
10763
43562
8868
32765
2056
8321
43700
40973
43690
33450
43169
43179
8405
34861
32810
43043
41119
42
2101
10399
41511
10270
724
35362
2689
10398
35467
40970
10965
34825
41638
34827
33442
32811
43
530
2178
43213
10750
843
2216
10396
2570
10
34954
41640
34823
35488
10885
33440
43516
2594
41524
32942
35501
35495
35469
2733
32769
34850
41642
43649
43143
8353
10763
35328
2088
8700
10786
41479
43149
34957
639
519
41634
2567
10794
35499
33319
566
41503
35487
2216
171
43049
34957
33410
10244
34847
10884
2083
34952
10737
10404
8204
43139
43681
41610
43690
41526
41119
8709
162
43520
8359
2184
10241
46421
33283
33410
41676
33314
34946
8838
41642
2217
41475
35501
43690
43694
10918
33622
8373
43553
10422
10767
2083
35362
10419
10
8362
10880
41097
34855
41503
552
33416
8322
32929
2093
34978
8717
41506
40963
13653
10910
10787
43648
34818
8716
43681
8365
512
171
10273
10883
43690
41479
128
10790
54614
8201
8865
43648
35458
8353
32778
43137
8374
10239
10452
539
43181
43059
35669
10792
640
10247
686
41485
31
2570
34984
35464
8744
43040
11
43565
40971
10925
2560
41004
34945
41633
41599
43013
40967
13652
686
43558
43138
41141
653
8842
35501
2049
41120
8877
33279
33443
520
8233
33290
32941
41485
41642
43682
8235
8872
181
671
43134
35362
154
40993
35487
43556
2688
6
2216
35489
8743
35336
40959
35336
41634
41628
43690
41001
43139
8191
43655
34824
35457
33408
43657
2566
2176
41514
8199
2562
10382
10278
33
8717
137
552
10281
32810
35370
35331
32935
10894
41129
32899
8235
34946
43043
130
33448
43566
35328
34830
41127
43135
43689
34847
35490
653
8840
45
10787
32767
43690
2602
43020
8363
33408
10405
2701
43014
34817
8238
8331
41119
8874
41479
34954
8840
41525
10381
41128
162
34823
41131
2208
34984
41507
8732
156
2080
43690
43560
9
32798
10401
43016
43658
2600
529
2560
8359
32782
2
2082
10411
43555
43174
34976
43690
10760
43690
43686
682
43009
2051
40999
35329
139
43044
43144
849
8373
33443
32822
641
43529
43171
10380
168
641
35368
33321
2602
43690
32774
2
41
32770
43556
2218
43140
41503
34955
34952
8865
40999
8359
35501
681
2208
34978
10922
8864
40996
8333
32767
516
43221
33407
141
34951
33278
43688
675
35362
8735
32808
511
8245
34869
43060
35373
545
32929
54611
2216
41507
2229
10791
11095
10749
43049
41483
523
33443
41699
32928
35370
33421
41087
10793
2207
8205
10250
33448
43010
33282
511
10934
34951
41122
43011
40970
2210
34944
34953
43565
651
32768
41002
32803
10752
41653
43171
10372
34946
43520
8351
138
40993
43678
2216
2057
10787
34815
40971
32799
41128
10285
8223
43520
33333
43655
41515
41515
41133
8885
2727
35029
10755
43179
32929
2059
32981
10934
8225
41645
43181
2080
32939
214
41088
33419
2690
35330
10246
41122
41129
8715
43052
41173
35669
43690
35361
34986
2729
41515
2560
33421
2562
10412
34861
33449
43047
43654
10752
40969
8737
32980
691
8745
35340
43656
43456
43175
8828
2081
8194
2696
2720
112
2602
41506
41635
33439
41512
10791
41090
10283
10272
671
2699
3413
33320
35381
10402
33290
8231
35497
10251
32807
2600
41123
33443
33313
35341
35360
41101
651
547
727
36
2697
43189
11091
2730
2730
33411
44374
32802
36
8237
33287
2210
640
33450
565
8238
33447
41635
2688
43012
8867
10274
162
32809
128
2090
8835
34997
32939
2719
161
43690
41653
36181
10757
43181
35458
33415
10379
41122
54614
43532
2
41122
8699
41503
34815
34818
33418
10787
2901
8736
35509
45
43182
8373
35368
2591
43040
10925
32981
511
34824
682
33315
653
8843
8226
54614
10915
10882
2600
43683
33288
35455
8
41505
8365
2773
32935
34953
35327
683
33407
2592
671
2602
32813
40994
2210
33314
34827
43734
8362
8842
35330
35487
171
10242
2210
2050
33282
43008
32949
8203
10272
41089
32948
10243
8360
43044
10365
43143
35029
43038
8917
10375
34816
33314
2731
8838
43008
33311
13653
34825
33333
8817
515
35498
10253
2101
8874
43650
32929
10414
35489
10756
34989
35330
10274
40959
8329
8354
2
8202
34944
554
32822
43648
41003
32924
32909
525
8834
32981
2
35
34859
43733
8885
10240
32941
41631
32938
2210
34978
43522
10784
43563
33440
32822
8193
35455
10878
10897
8872
168
41005
34855
43012
34957
43014
8757
41603
40967
690
40971
41128
10877
521
43690
2728
2090
43052
171
10966
8839
43019
41099
10395
2061
8748
2696
10252
35669
8205
43690
8330
2600
43658
40993
32892
10924
34848
2218
2602
2184
43179
32899
8196
43188
10378
41088
32897
34827
3413
33320
2179
43690
33333
539
125
32813
8712
32937
2186
41091
33280
43060
41005
2087
34819
43180
35
555
40999
35496
32772
2728
34815
853
32766
2058
41508
691
34848
683
10891
2177
10933
8835
34955
213
10889
9045
2055
34823
41604
128
554
41609
41684
41002
41123
40994
2178
41598
34825
2175
650
123
35367
35498
13652
35501
2719
2055
10372
2600
35029
34943
43690
10921
41483
2049
35362
31
41084
41603
33421
43523
10396
34952
34946
2058
8405
35370
35458
671
32806
8245
2593
32
34947
124
43164
10784
2178
43062
33416
2048
41129
43652
698
35368
41132
43565
34986
32937
43011
43656
8361
41121
2600
160
565
8355
32906
43690
2178
8332
41123
43531
41602
32770
181
33447
33408
41475
137
2051
32899
35506
8832
31
35360
33321
41473
43683
32905
41604
34824
13653
213
43676
10785
43690
33415
35368
43690
8
43550
43691
554
35469
10760
519
32935
41001
128
32932
43657
10284
35331
11094
33322
40990
41128
41481
33447
2561
32799
35360
43138
520
41609
651
33333
43556
2721
40969
43015
43693
10769
8352
10762
33408
32800
41614
10272
8711
41001
43019
32892
8237
10249
2696
32930
33416
8223
43690
10916
43167
43050
34855
33410
10912
8196
34976
34954
0
2594
34818
32897
46421
10797
43559
34858
43170
8354
160
10796
2564
32807
43176
8917
41685
32937
33441
10452
32904
32783
8755
2562
43518
10371
35540
43550
555
8331
43042
32928
10239
557
2101
43044
41472
41
10378
43556
32897
32774
10910
32937
10908
43528
33418
35499
43533
41106
41
32895
10890
43526
43690
40959
33416
545
40
10367
43656
41512
10382
10910
41095
10381
10965
10238
41475
43040
34859
43018
8195
43559
43457
8699
2175
653
142
33410
39
10796
10754
35367
33281
41602
2688
2733
2698
10400
34827
8226
33288
33408
2047
33320
35467
512
35458
34
10274
33450
8743
35327
10747
41642
43136
116
43132
33289
41813
8327
643
10376
212
40967
35338
8713
2613
10242
43660
516
8715
35328
683
34818
43690
40995
10754
508
687
41119
35336
41013
161
10247
0
41652
2218
8756
2178
8237
34851
33621
10400
695
40963
2049
33621
43189
130
32
516
41082
10910
32926
679
34851
43690
136
2046
40971
2592
671
13
32894
32908
33314
43136
33410
41504
32907
41639
35336
34947
41098
8866
2698
34978
40969
2696
10413
35504
35339
671
2594
35541
2562
132
10240
34856
41610
2184
11606
43531
212
10798
34849
43652
34824
8885
2186
41090
2697
36181
2728
34952
639
525
43144
2695
2090
43689
8245
33411
35467
35361
10751
8874
35464
2701
43690
8718
33333
10908
10790
2056
34943
8225
33283
10918
43556
33313
10865
35368
35363
10797
43142
41608
34818
43529
41121
34849
41
2695
35487
34977
138
43565
8743
10282
2591
43659
10379
11093
514
10404
32949
8355
41121
8198
8324
8712
524
527
521
8199
8360
43046
32935
522
42
35
33409
162
43548
10
43550
10241
13653
34848
43690
8716
32772
2562
41505
695
8710
2560
8705
43686
43548
10922
2216
34984
35363
653
43690
10758
43039
35498
8226
43654
43690
2090
33440
10875
43017
32804
34857
43017
2090
11606
53
2210
2186
2080
35457
8362
34827
43689
41634
518
33282
8321
10965
2186
8333
32895
1
34856
8361
32769
41088
43680
8235
34826
10285
10243
515
41639
8198
653
2217
41134
2613
1
43052
10415
565
35360
41640
43690
41095
41633
43555
8739
40961
2216
40971
43690
8713
10368
41480
9046
10877
43690
35464
41598
43860
641
41635
2570
2701
43691
2690
33408
43683
33323
35362
0
10250
32980
2058
33289
35363
43040
2261
10413
41511
43132
43529
10924
529
10894
10760
32810
41610
10455
32897
10400
10878
41514
2208
43006
32937
33408
697
44374
43862
41614
2178
32774
33410
2723
8203
43148
2602
33287
32809
43690
2207
33410
43175
8705
32779
33493
32772
40995
8359
43178
43167
8704
526
35369
41089
32897
32808
8327
33290
43690
8235
698
161
2051
34955
11605
2560
8353
10894
11092
2184
10374
43690
10400
854
679
8874
2733
2594
41133
43144
33410
2729
33408
43690
35458
2176
8355
33314
43647
8361
33282
10758
34955
8740
43062
10407
33418
2690
43860
34976
41123
43690
13
10250
2690
8835
10366
41095
2570
32932
41471
11094
33411
41608
41127
41514
10243
35509
11604
41482
10252
33291
8864
8831
2210
10753
43584
8739
10878
2101
10916
35327
43650
8830
2082
40961
8232
8830
34829
43043
8840
852
32779
35469
35495
0
8877
32773
34829
43221
2568
43144
2730
8838
33312
43016
43690
35029
43690
43550
43679
10894
2078
43561
32905
43164
40973
2727
10407
10879
2082
8237
10281
43140
32764
34817
540
10455
32927
32906
854
35491
43690
8917
32800
43679
550
2594
41634
10924
43657
43172
8918
8715
120
10276
9
8319
41645
2733
8831
43701
545
127
2601
40960
40991
34987
34847
41001
41013
43690
10
10964
34977
33282
10410
2087
2084
35467
675
40969
35459
43647
32931
8845
10272
2688
8832
43701
724
10783
43010
32812
8708
10406
43690
43048
40959
34987
681
2178
10765
43533
2721
41518
41003
565
8373
35328
671
2570
2186
33288
41830
43132
8327
8739
8227
519
8233
35495
33419
648
40967
32905
10413
43681
9045
181
41091
41653
41628
2599
10
8843
9045
40960
35509
10268
43690
2216
43693
34850
35360
43690
529
34987
2688
41127
32935
43555
34825
2089
2210
515
33282
40992
32799
43222
32806
43690
8843
43049
8737
11
2207
10966
40962
10250
41640
10412
10251
40968
10758
2573
538
33311
171
8845
41098
8705
34825
10883
10932
554
43572
2723
181
2186
137
32928
35362
8199
2046
32899
8319
35497
34847
32776
33416
2056
8842
10242
35501
43652
10454
180
8863
35329
35509
34989
2216
43048
33409
10783
35455
34819
2719
2208
43584
43563
8743
34850
8233
41653
33323
3
41613
2731
33283
511
10250
43042
10926
35373
2089
32798
32801
8237
35338
2571
508
8226
3413
46
32907
34856
32772
43007
566
32783
8351
2720
557
7
8918
32928
43690
8191
2612
39
43519
136
10281
173
2592
8202
35495
161
173
41511
33320
33493
8872
10782
8737
43691
10364
3413
41001
2178
43681
8192
33322
8351
43145
33440
680
8832
41474
8707
33442
10279
10883
34954
41611
33287
34985
34977
2592
33313
10926
10758
41512
34978
32822
8877
43527
2571
33408
2595
43562
8
2
33311
33409
41095
8747
10271
35360
35361
2215
8871
33322
41102
8842
41614
34856
2726
674
10920
41641
8877
2562
41001
43862
8320
41602
10285
43690
2082
2698
43132
35467
10792
35330
675
2047
514
8715
34946
10268
35329
41640
32937
33448
514
43042
2696
41481
41485
34987
10276
41628
8224
41608
8864
2594
8734
43690
10884
41099
2606
34984
43687
675
2722
40994
1
8199
35460
160
2601
33448
10913
33290
35368
41596
32796
2082
2602
41510
8839
2048
43050
8225
43166
43691
544
43558
35381
162
10453
8869
41002
32798
41502
41471
41632
11096
2176
2176
40971
43019
10759
41099
8193
43548
32814
32771
2698
32800
43041
41506
13
10254
8201
32781
2562
2698
2055
40994
43149
43690
34850
10406
10765
3413
43562
35488
2573
35338
33442
43
34977
43138
34857
8332
34826
43021
32927
639
43647
43690
130
33319
43691
32939
2050
639
35498
43691
41090
2696
32903
35467
35336
723
10887
552
131
2696
2089
137
2208
11604
680
43178
43565
41091
10916
54612
181
43650
10787
10794
41601
10881
549
32941
34976
43169
8715
34957
511
41097
8203
816
43654
8740
41599
552
2186
10965
32906
640
32928
2687
41481
2184
168
2731
8354
682
43181
35509
2061
8351
35457
35457
41602
41123
34954
34823
43733
41003
40967
43680
10275
43689
8195
8351
2603
8736
41596
34856
34827
41504
2688
2690
34979
43551
2699
8845
32820
8231
34859
36181
2055
10276
10
35489
43574
10367
2568
33288
10240
34869
10368
10785
181
41098
42
41662
40995
41141
2563
35338
41479
43690
10364
7
32929
10882
8322
35337
2176
32938
8206
41516
40960
2050
43167
2601
2562
43690
34946
41121
35456
40
35338
41472
10760
137
43177
2210
34818
2087
2733
10239
10241
32898
35328
727
10406
3414
33322
32902
675
43519
2697
2210
41130
35327
34859
43687
32930
2690
8205
32764
32765
10420
43190
2229
43559
43527
32896
42
41131
43690
8840
8363
41511
35330
35464
2055
40995
2773
43656
35367
2057
10378
8867
43565
2568
651
8744
2722
41480
41097
54614
43168
41003
10367
33283
32813
523
43009
46
34987
43690
32900
181
35460
128
33450
34984
10247
43688
34982
10273
10878
2082
2695
8334
2184
2592
35466
10402
41003
32767
34858
2592
43690
10782
40999
8362
43532
10421
10239
10894
8735
8319
3
2176
40960
35359
41634
41173
2218
10765
10881
8865
34985
8193
10910
43682
43732
10885
33314
43220
43552
32778
32753
33441
32809
43010
41525
41095
34943
34954
41474
2559
681
0
2690
43040
10932
41091
43551
10398
35359
35330
41525
8759
34856
135
41476
8193
8916
34850
41631
168
33313
10793
33280
43690
8917
41001
43523
41607
2568
10918
10737
8863
34819
2080
8199
10884
2592
2211
2178
545
46421
10370
8877
679
33314
32765
519
43520
8872
8834
2723
651
8404
8327
32938
33281
2058
10893
2728
43702
516
35368
41507
10399
2221
2
43019
35462
723
10910
2091
518
2083
2176
8718
2688
43690
41632
34
43142
518
32822
43690
34850
40993
2728
641
34944
8354
8333
553
35370
41812
8
41632
32950
11093
43558
10254
32774
32799
10786
2210
41120
33442
8405
128
41652
32941
9045
43179
8233
35541
34869
43690
2731
10934
696
10887
35458
10805
10882
41502
43690
43690
43051
8224
43011
8328
41173
35335
511
10932
41503
34979
34955
35487
32785
2733
54614
519
8838
35509
33322
555
33280
8870
10452
43690
43656
9045
10884
43007
10876
2176
43690
41643
43559
10919
43021
8744
34977
10404
674
43054
35330
34946
35455
35464
5
41
35495
43690
33322
40995
35370
33440
8867
33281
34976
41131
8351
33450
8200
40973
32941
10883
43170
8193
10
10783
41129
8227
43164
10882
43048
34944
41482
145
32903
43039
41088
8860
2602
43655
10367
34826
41610
43527
8867
679
32771
8862
10453
33323
8843
35338
40963
34954
10370
32780
33280
668
34945
33281
8232
33282
3413
35501
35456
41486
43175
41602
34824
43179
8329
43148
54614
8746
35460
8715
8710
43690
33418
10784
32928
41512
2698
32800
33282
34953
10755
2101
8863
33322
8319
32898
8735
35466
2080
2061
10293
41517
34984
10408
43146
641
33416
41133
43144
32896
10908
38
10748
10792
44374
33312
43138
32927
10751
41472
32812
10294
8751
35327
43046
2699
8841
650
8220
43661
43733
41653
33282
10762
2089
8745
43020
2
43702
2568
2687
35497
41475
674
8743
35367
32907
2184
41685
10748
32906
34978
33291
8320
8352
43063
2049
538
2208
43690
41633
10398
32899
2720
41098
545
2058
35360
2560
557
8838
10405
10380
8372
41141
10377
43565
8845
32934
35373
40959
8191
43171
2592
173
35331
43049
557
43572
8225
130
511
43189
34954
35484
35338
32813
2208
10376
43136
35495
46421
33440
43690
35339
33312
33415
43534
10786
214
43690
8831
10787
41517
180
11606
34856
41484
43007
8734
41686
10273
41120
33325
41603
41123
8709
43659
2218
10760
43860
40969
43040
2044
648
43132
10887
35504
43690
643
853
2773
653
10409
41128
8836
10250
34850
8333
43175
2595
43143
2048
43690
40961
137
43690
45
8351
8327
8199
555
10241
10923
565
10411
43221
41002
2600
2594
34979
35511
2048
2591
2690
8405
43182
41005
32779
41173
521
43522
542
2218
54612
33418
33321
564
33442
41600
8738
2216
8735
33281
43690
2060
43019
8188
8871
32903
524
33410
2219
2720
8866
34826
32
41173
43565
43143
8320
33408
10
43054
32820
42
8
2603
35337
41101
8841
34855
43690
41141
40992
31
33291
10910
10908
43134
10285
2727
40961
644
2076
35458
41645
43009
2062
8350
41096
43563
40962
34859
32802
32936
43527
173
10408
40961
43683
41130
43690
43150
43663
35335
8839
10890
131
41503
34851
41612
41631
34984
8235
33320
43529
10274
32908
10407
8361
34869
8359
43644
34816
32782
10382
515
42
43168
10766
41173
8233
43042
35363
35487
34824
2698
41602
35373
8918
8735
679
35496
2185
41130
32950
10248
43134
8355
521
43690
10752
43862
33440
41641
10910
8321
10965
112
2696
33440
43574
8203
2698
11093
8864
33315
10279
33447
43135
8223
10784
10887
2594
8705
43561
8717
41101
41128
9044
41472
8708
137
2048
32938
35328
43176
10964
2687
34848
34976
675
8917
8746
8743
43039
43132
2218
33323
2689
160
43690
43146
10737
173
43676
2568
35498
43047
43170
11094
11604
2082
3413
8863
34951
8748
720
32895
35327
2688
675
43146
565
11606
43527
33314
32935
2184
41127
33442
8845
35341
43690
2184
41603
40962
8233
10886
2208
155
13652
43148
8841
41631
2216
10238
41003
32813
853
2221
43690
8245
8319
10396
43530
34815
34978
43688
546
33312
40995
2183
34818
43052
8700
43566
43690
10425
43018
2688
2051
35489
0
43222
8739
35455
0
43138
10408
41131
43021
41608
8364
32807
54614
8875
8
32774
8874
43532
651
43686
33415
13651
2081
43690
10915
10759
516
2090
8195
8839
10889
2091
8846
8834
2057
35464
8361
32776
34947
8878
40968
641
44374
43150
10399
35329
10737
2697
43169
135
2209
13
35368
8918
512
8707
32764
43690
43676
32941
2091
40968
35368
8866
43690
2722
41474
43012
10758
10755
679
2727
43050
32910
43559
41602
34849
2080
683
10238
173
43007
2
11604
32820
35465
8736
32895
35336
10280
32938
213
41518
555
33312
8325
33621
2570
43040
10283
43007
2690
8320
32934
8360
43701
8834
43690
34984
8234
43702
41100
35363
34946
32781
10747
8743
8845
11604
521
8220
31
33293
35370
40991
2081
2047
130
171
2046
35370
44373
41654
166
675
35330
43169
161
43146
8353
2185
35499
10792
8205
10239
8320
35491
33280
10923
41013
8
41603
520
39
40995
8333
43009
34951
681
41486
41133
41013
8736
41609
43690
43690
10412
2184
