2 256
0 0.0741256
0.0741256 0.0960531
0.0960531 0.106319
0.106319 0.110318
0.110318 0.114342
0.114342 0.117372
0.117372 0.120002
0.120002 0.122216
0.122216 0.124912
0.124912 0.128167
0.128167 0.132437
0.132437 0.13552
0.13552 0.13859
0.13859 0.141808
0.141808 0.146263
0.146263 0.149445
0.149445 0.152525
0.152525 0.155349
0.155349 0.157526
0.157526 0.159652
0.159652 0.16219
0.16219 0.165265
0.165265 0.167148
0.167148 0.169853
0.169853 0.17305
0.17305 0.17574
0.17574 0.178407
0.178407 0.180707
0.180707 0.182634
0.182634 0.185079
0.185079 0.188965
0.188965 0.191687
0.191687 0.195803
0.195803 0.198992
0.198992 0.203253
0.203253 0.206615
0.206615 0.210046
0.210046 0.215101
0.215101 0.218662
0.218662 0.224081
0.224081 0.228438
0.228438 0.232205
0.232205 0.238218
0.238218 0.242889
0.242889 0.247235
0.247235 0.252634
0.252634 0.256913
0.256913 0.260525
0.260525 0.26477
0.26477 0.268486
0.268486 0.270999
0.270999 0.27501
0.27501 0.277096
0.277096 0.279255
0.279255 0.282558
0.282558 0.285428
0.285428 0.288664
0.288664 0.291442
0.291442 0.294435
0.294435 0.297751
0.297751 0.301406
0.301406 0.304689
0.304689 0.306992
0.306992 0.309468
0.309468 0.311599
0.311599 0.313154
0.313154 0.315036
0.315036 0.317838
0.317838 0.319599
0.319599 0.3217
0.3217 0.324136
0.324136 0.32577
0.32577 0.327964
0.327964 0.33062
0.33062 0.332746
0.332746 0.335272
0.335272 0.337886
0.337886 0.340915
0.340915 0.343318
0.343318 0.345399
0.345399 0.346972
0.346972 0.348514
0.348514 0.350003
0.350003 0.351721
0.351721 0.353823
0.353823 0.355524
0.355524 0.357867
0.357867 0.359605
0.359605 0.361328
0.361328 0.363574
0.363574 0.365404
0.365404 0.367235
0.367235 0.370815
0.370815 0.373053
0.373053 0.376055
0.376055 0.378136
0.378136 0.380571
0.380571 0.383465
0.383465 0.387243
0.387243 0.390411
0.390411 0.394051
0.394051 0.39711
0.39711 0.40056
0.40056 0.403075
0.403075 0.404849
0.404849 0.407086
0.407086 0.409276
0.409276 0.412318
0.412318 0.414247
0.414247 0.416906
0.416906 0.418185
0.418185 0.420982
0.420982 0.422406
0.422406 0.42441
0.42441 0.427018
0.427018 0.428686
0.428686 0.431821
0.431821 0.434313
0.434313 0.436689
0.436689 0.439292
0.439292 0.441418
0.441418 0.444242
0.444242 0.4468
0.4468 0.449384
0.449384 0.451822
0.451822 0.454093
0.454093 0.456494
0.456494 0.458995
0.458995 0.461003
0.461003 0.46334
0.46334 0.465134
0.465134 0.46738
0.46738 0.470742
0.470742 0.473872
0.473872 0.476748
0.476748 0.479497
0.479497 0.482353
0.482353 0.486251
0.486251 0.488711
0.488711 0.491588
0.491588 0.49511
0.49511 0.497793
0.497793 0.501531
0.501531 0.504667
0.504667 0.509408
0.509408 0.514594
0.514594 0.519616
0.519616 0.525776
0.525776 0.531338
0.531338 0.535458
0.535458 0.541005
0.541005 0.545538
0.545538 0.551675
0.551675 0.557448
0.557448 0.562897
0.562897 0.569087
0.569087 0.574924
0.574924 0.579637
0.579637 0.585666
0.585666 0.592382
0.592382 0.59568
0.59568 0.599178
0.599178 0.603676
0.603676 0.607271
0.607271 0.612181
0.612181 0.615881
0.615881 0.621475
0.621475 0.625964
0.625964 0.630639
0.630639 0.634599
0.634599 0.638988
0.638988 0.643991
0.643991 0.649756
0.649756 0.653433
0.653433 0.656845
0.656845 0.661455
0.661455 0.665789
0.665789 0.669134
0.669134 0.674085
0.674085 0.678632
0.678632 0.685124
0.685124 0.690376
0.690376 0.695389
0.695389 0.701883
0.701883 0.706029
0.706029 0.710854
0.710854 0.71559
0.71559 0.719736
0.719736 0.722821
0.722821 0.725407
0.725407 0.728242
0.728242 0.732505
0.732505 0.736109
0.736109 0.738592
0.738592 0.741949
0.741949 0.744524
0.744524 0.746984
0.746984 0.74967
0.74967 0.751716
0.751716 0.753784
0.753784 0.756673
0.756673 0.758308
0.758308 0.761197
0.761197 0.763145
0.763145 0.765481
0.765481 0.768094
0.768094 0.771132
0.771132 0.773655
0.773655 0.775289
0.775289 0.777192
0.777192 0.779146
0.779146 0.781538
0.781538 0.782977
0.782977 0.784905
0.784905 0.786657
0.786657 0.789244
0.789244 0.791111
0.791111 0.792977
0.792977 0.794833
0.794833 0.797021
0.797021 0.79886
0.79886 0.800318
0.800318 0.802484
0.802484 0.804505
0.804505 0.806135
0.806135 0.807337
0.807337 0.808738
0.808738 0.810782
0.810782 0.811754
0.811754 0.813141
0.813141 0.814569
0.814569 0.816462
0.816462 0.817649
0.817649 0.818979
0.818979 0.820592
0.820592 0.821943
0.821943 0.824134
0.824134 0.826105
0.826105 0.827507
0.827507 0.829162
0.829162 0.830656
0.830656 0.832371
0.832371 0.834208
0.834208 0.835433
0.835433 0.836765
0.836765 0.838525
0.838525 0.840252
0.840252 0.842186
0.842186 0.844393
0.844393 0.846506
0.846506 0.848202
0.848202 0.849769
0.849769 0.851492
0.851492 0.853555
0.853555 0.855562
0.855562 1.79769e+308
0 0.0284711
0.0284711 0.0447127
0.0447127 0.0507437
0.0507437 0.0547325
0.0547325 0.0593029
0.0593029 0.0627917
0.0627917 0.0653257
0.0653257 0.06843
0.06843 0.070549
0.070549 0.0738672
0.0738672 0.0771744
0.0771744 0.0802963
0.0802963 0.0831173
0.0831173 0.0872451
0.0872451 0.0922873
0.0922873 0.095291
0.095291 0.0977335
0.0977335 0.100011
0.100011 0.10195
0.10195 0.104103
0.104103 0.106202
0.106202 0.108083
0.108083 0.110818
0.110818 0.114156
0.114156 0.116922
0.116922 0.119204
0.119204 0.121968
0.121968 0.123963
0.123963 0.125701
0.125701 0.129118
0.129118 0.132803
0.132803 0.136435
0.136435 0.139692
0.139692 0.143872
0.143872 0.147335
0.147335 0.150733
0.150733 0.154975
0.154975 0.158943
0.158943 0.162101
0.162101 0.166621
0.166621 0.171183
0.171183 0.175573
0.175573 0.180249
0.180249 0.185267
0.185267 0.189628
0.189628 0.194572
0.194572 0.198946
0.198946 0.202641
0.202641 0.20681
0.20681 0.210258
0.210258 0.213111
0.213111 0.216839
0.216839 0.218796
0.218796 0.221903
0.221903 0.224344
0.224344 0.227479
0.227479 0.230545
0.230545 0.234089
0.234089 0.237477
0.237477 0.240195
0.240195 0.244296
0.244296 0.247759
0.247759 0.250084
0.250084 0.253524
0.253524 0.254957
0.254957 0.257334
0.257334 0.259009
0.259009 0.261282
0.261282 0.263904
0.263904 0.265289
0.265289 0.267411
0.267411 0.269352
0.269352 0.272256
0.272256 0.274211
0.274211 0.276852
0.276852 0.279607
0.279607 0.282202
0.282202 0.284371
0.284371 0.286977
0.286977 0.288448
0.288448 0.290593
0.290593 0.291944
0.291944 0.293466
0.293466 0.295475
0.295475 0.29793
0.29793 0.29899
0.29899 0.301349
0.301349 0.303157
0.303157 0.305623
0.305623 0.307646
0.307646 0.310534
0.310534 0.313399
0.313399 0.315406
0.315406 0.317793
0.317793 0.321568
0.321568 0.324057
0.324057 0.327736
0.327736 0.330417
0.330417 0.333626
0.333626 0.337497
0.337497 0.340954
0.340954 0.344324
0.344324 0.347062
0.347062 0.349577
0.349577 0.352095
0.352095 0.354589
0.354589 0.357159
0.357159 0.359078
0.359078 0.361537
0.361537 0.363207
0.363207 0.365269
0.365269 0.366868
0.366868 0.368631
0.368631 0.37015
0.37015 0.373035
0.373035 0.375797
0.375797 0.378503
0.378503 0.381538
0.381538 0.383411
0.383411 0.386069
0.386069 0.387682
0.387682 0.390287
0.390287 0.39246
0.39246 0.394885
0.394885 0.397489
0.397489 0.399827
0.399827 0.402037
0.402037 0.404218
0.404218 0.40666
0.40666 0.40906
0.40906 0.411197
0.411197 0.413497
0.413497 0.416616
0.416616 0.419643
0.419643 0.42222
0.42222 0.425753
0.425753 0.42873
0.42873 0.431312
0.431312 0.434447
0.434447 0.437887
0.437887 0.440612
0.440612 0.444215
0.444215 0.446841
0.446841 0.450772
0.450772 0.454988
0.454988 0.458636
0.458636 0.466284
0.466284 0.470836
0.470836 0.475011
0.475011 0.480664
0.480664 0.485529
0.485529 0.491209
0.491209 0.497039
0.497039 0.502767
0.502767 0.508391
0.508391 0.513559
0.513559 0.519809
0.519809 0.523924
0.523924 0.531639
0.531639 0.536992
0.536992 0.540151
0.540151 0.543967
0.543967 0.548548
0.548548 0.552279
0.552279 0.556355
0.556355 0.561809
0.561809 0.566997
0.566997 0.570428
0.570428 0.575004
0.575004 0.579443
0.579443 0.583601
0.583601 0.588155
0.588155 0.593522
0.593522 0.597674
0.597674 0.602108
0.602108 0.606904
0.606904 0.610914
0.610914 0.614677
0.614677 0.618309
0.618309 0.622821
0.622821 0.629765
0.629765 0.63328
0.63328 0.640267
0.640267 0.646419
0.646419 0.651887
0.651887 0.655366
0.655366 0.660422
0.660422 0.66392
0.66392 0.667014
0.667014 0.669355
0.669355 0.672651
0.672651 0.676303
0.676303 0.680697
0.680697 0.684363
0.684363 0.68625
0.68625 0.688283
0.688283 0.691059
0.691059 0.692942
0.692942 0.695475
0.695475 0.69828
0.69828 0.70049
0.70049 0.703408
0.703408 0.705395
0.705395 0.707417
0.707417 0.710447
0.710447 0.712811
0.712811 0.715079
0.715079 0.717763
0.717763 0.719536
0.719536 0.721354
0.721354 0.723406
0.723406 0.72597
0.72597 0.727488
0.727488 0.729982
0.729982 0.731354
0.731354 0.733547
0.733547 0.735465
0.735465 0.737531
0.737531 0.739193
0.739193 0.741685
0.741685 0.74333
0.74333 0.745685
0.745685 0.747233
0.747233 0.749077
0.749077 0.750437
0.750437 0.752262
0.752262 0.753787
0.753787 0.755296
0.755296 0.756311
0.756311 0.757776
0.757776 0.759178
0.759178 0.761071
0.761071 0.762596
0.762596 0.763749
0.763749 0.765318
0.765318 0.766616
0.766616 0.767961
0.767961 0.769573
0.769573 0.772183
0.772183 0.773674
0.773674 0.775118
0.775118 0.776558
0.776558 0.777768
0.777768 0.779364
0.779364 0.780464
0.780464 0.782298
0.782298 0.784353
0.784353 0.786915
0.786915 0.788187
0.788187 0.790426
0.790426 0.791719
0.791719 0.79319
0.79319 0.794773
0.794773 0.796808
0.796808 0.798711
0.798711 1.79769e+308
