34526
15988
8282
3606
40956
43901
43064
41457
35378
54807
10998
43202
41477
8714
10221
42744
54717
43700
34526
43845
1280
36567
42881
42765
1035
41194
36418
46403
34302
33890
11728
13712
40871
9291
8009
17838
46454
31654
43265
3906
42970
1713
8466
46431
43425
43765
31547
43317
34978
9265
43086
42132
9964
34886
40757
7746
36335
40894
43661
1009
43712
2185
10610
41614
54662
10241
7277
41199
30804
9946
3179
13195
9197
40835
33033
54302
41192
54549
55648
33949
3297
41136
34927
7367
9406
14473
54567
32621
36277
9126
453
35377
17601
8019
41537
8723
46803
43743
34343
9306
3155
40714
33110
1099
29106
15236
41236
35378
8999
4449
54643
10005
207
14557
4392
479
36506
7310
13680
54687
43394
41800
12631
43461
9673
13104
35611
41513
33838
36204
43591
43193
8202
750
7925
10280
55144
28980
10471
54576
12762
30996
44360
14466
42919
7645
34660
42754
54954
29332
3718
3357
3603
7136
36069
32032
13750
33191
7195
35136
3769
10566
43307
11075
2016
54925
41437
7188
43653
40745
998
43831
54942
43747
43758
15149
28960
36116
54727
36496
41446
33357
4480
43694
41893
11705
42686
33952
1783
43703
840
335
54422
10534
31142
7385
12638
34672
43056
3563
41620
10111
41062
34330
600
44295
54994
41529
11765
7884
7393
40842
36051
36248
41418
3570
14667
577
828
3343
10918
12879
34499
4406
42755
32179
4524
33708
3620
41407
11697
54704
758
44297
54932
9277
540
46428
3718
41573
41575
36018
36423
29145
9122
54512
33175
1749
43717
15287
36150
3002
344
11811
41454
46385
321
9435
43061
44390
33708
15558
10231
10067
865
43086
10039
11605
33953
45875
7364
1514
34889
43690
7046
34600
9971
43245
28968
54534
7920
33568
271
43690
3414
33719
285
7113
43690
7699
54878
339
32046
7463
43662
3423
7350
3478
12233
43097
2866
43399
32461
43690
35755
33874
33717
33951
2051
35445
43882
31204
34719
40893
33752
849
3753
55135
44444
41585
7099
8377
11725
43436
41052
13599
34551
9298
29274
41538
765
2243
10868
44434
2122
840
9344
3994
3438
54772
33748
2524
2217
41726
1058
41166
34594
40877
10782
8370
36545
28938
34519
3036
4005
13937
40709
10458
3255
33907
7582
8374
3660
3414
2799
41884
8268
7240
54527
7141
54800
3482
42064
1364
4457
35645
40899
9420
10630
15317
40957
11477
7674
32126
35719
14785
3026
9772
46406
54537
3043
3680
9139
34911
33781
2750
11103
41391
10820
7449
33730
36203
32147
32713
43615
35689
3720
32024
34933
3178
7957
3990
41555
40999
12591
36158
33673
10689
34887
7965
7580
41147
44362
8131
36552
9216
3797
43535
10286
33948
10367
44375
44293
1140
36139
46724
1227
34486
3038
31349
43491
43669
36417
10515
32731
15030
3793
43690
34680
10084
7746
3601
34524
12363
54764
4438
35435
36047
2831
9019
33842
43690
43942
9041
43125
8344
2143
32965
15236
41874
8497
3216
10110
15636
628
17434
9410
33367
717
54524
13421
33363
55029
15280
3583
9087
1991
40954
10538
10967
43600
10976
3407
43690
2778
7132
3937
28967
40020
35445
42718
42969
10634
41199
33670
7939
41136
10672
14620
33961
366
2860
33667
266
313
36595
31216
36267
54394
8978
10058
36371
41638
41589
41435
54549
338
43159
8994
36068
33540
2902
46803
43897
41595
33087
10909
7307
41857
54417
15031
9159
10800
43674
44362
4483
30919
43047
33774
43680
7386
41069
41518
43464
43696
43764
54680
44390
1340
2933
3561
43690
34711
42992
31731
10658
40988
3162
32392
3556
10637
44368
43198
9349
44442
1978
35443
10231
17627
54475
44397
2355
35616
12822
41057
43690
3799
43052
35168
34973
43554
34887
15248
8338
34483
32247
43641
40847
36102
32773
43690
3817
34520
35166
41737
42761
41177
7972
41806
2885
1150
33573
3429
10635
3241
7196
3036
54970
34613
12549
42908
31960
15191
2409
1166
41210
15847
35582
3213
267
41056
15955
35442
44353
3764
8339
34315
41161
43716
7308
43620
36602
8960
7171
30928
8754
41154
15849
41607
43690
41507
41566
42920
1132
43695
35584
43860
43690
4467
7441
10073
40700
34324
43672
3447
43066
32313
3714
7109
4462
36508
46948
41156
43276
2491
34918
36433
7603
54683
15847
43295
15137
3311
1962
32269
8871
10248
31939
2862
9448
4698
36327
35575
33952
3470
43295
8923
8941
43612
2715
43117
42792
1754
41853
40897
41427
2772
54638
3745
9719
41673
10419
34331
3904
41523
15055
43406
43717
3915
34980
866
2111
4361
32353
34312
29051
15244
46404
43889
41752
54851
40901
9904
43452
44407
54678
54962
43097
10830
34357
307
46660
15174
31686
41031
36379
3544
15316
43215
2811
31167
54519
35379
43428
34314
10918
41781
10292
43690
44406
35502
34888
43895
15160
54444
1278
44346
293
33711
41013
9440
4462
3618
36243
8029
34643
3607
8288
2813
44442
9179
35512
9833
2142
36210
35565
43927
42851
2769
29259
43230
43647
9418
36055
33850
40922
43927
142
54985
9199
43690
36007
41667
33884
4488
46398
40871
36334
7690
14675
34300
12258
43690
10332
2814
36499
43712
36688
8292
43926
1279
15149
43294
54958
10191
34507
35577
33888
41645
54865
43614
34881
43474
10209
36241
33954
43923
43089
8259
44373
34645
41525
43056
36367
2278
43851
1724
4422
44390
15991
43554
15050
30861
34653
33735
46644
33675
9920
416
17831
32458
3371
46647
9271
41596
2117
10838
54742
896
46405
43837
43109
10732
8039
35345
1285
43882
40968
818
3475
44439
2702
36063
54827
32393
3455
2582
29064
33924
3245
7764
8696
356
36215
35654
10879
7318
321
3791
46454
13056
40741
42068
36557
11610
34959
41520
7922
10234
9737
7822
54950
41188
4386
11858
11684
33713
845
43063
659
9258
1480
9210
43897
44376
54556
33576
3747
4358
11514
29349
36158
8334
43841
7787
9192
41139
1184
14421
41419
34601
54551
15983
12632
46443
43941
1261
33081
3168
249
43544
10214
15991
33534
4400
41651
9861
54841
43070
41622
42967
35706
15175
4399
41625
370
3071
54914
54387
2544
32477
36152
34534
43742
3633
13838
41422
43768
4697
36009
42944
41502
1950
43498
2300
11113
35790
41391
15146
34646
43690
43622
15055
33197
2130
35653
8628
41420
35700
32511
32059
43681
33129
3957
43727
43771
42948
54872
15224
1108
8080
43112
44293
33547
36048
14988
1041
41017
14068
3940
35580
43670
36162
35734
2871
13942
33530
12374
35149
46433
43690
9501
9201
41437
31230
46633
10689
3279
17811
3726
33210
9240
44335
9449
3753
41782
34971
42911
2722
10460
41628
55134
43621
7230
40702
34713
43925
32646
33977
8910
10680
34339
338
9333
2217
41591
33581
43769
36043
3137
41206
46810
43599
310
35568
14265
44378
7358
43886
43782
13739
36031
4443
682
42077
43654
35752
44336
8652
41576
41010
55656
7773
9387
54999
32079
7988
15752
3007
43251
43697
28961
43257
43690
33974
3226
18014
2468
1413
15021
46440
31731
41733
43584
14597
16016
1746
9989
41467
35381
43091
15237
3266
40941
32852
33198
41057
43674
43891
9719
36255
34696
12622
40021
43494
2418
41480
54553
41081
41204
14920
8036
8014
35538
3987
44401
9930
43835
3539
40842
43587
3278
33704
32571
1340
3946
4461
7217
9307
2589
9259
40874
15642
41538
36094
3196
43670
36240
36442
1180
40873
1814
1982
33714
33955
28969
30738
1660
41486
10125
41098
44382
1523
43732
15032
7298
11582
10846
32445
35425
8103
30751
140
14261
1068
990
11865
43501
35382
3133
3741
4385
1267
2964
542
9096
33014
43671
4512
41542
9114
34331
41394
10542
34625
33920
2015
41782
46438
8180
209
2797
46398
3176
43870
895
35398
15162
1196
31170
15156
9707
11070
43690
54539
40878
41850
43376
329
2849
2568
10435
33807
8593
4356
41538
1313
41185
105
43760
41051
10510
9965
9693
46398
3270
43703
34634
35446
10534
41832
43602
43377
29137
484
34644
2662
9028
2904
8372
9090
2675
36263
41569
766
7140
43529
42776
2065
1301
8022
43650
43479
29288
41870
43828
10678
15946
9412
42785
43079
55632
8331
31191
33546
43227
41410
992
11181
42943
33902
32482
29293
43690
36164
3701
34647
43846
9998
41239
34533
13861
13929
7462
10048
774
33761
7238
41612
43924
43673
41560
336
29097
1373
41528
34319
43068
3605
40745
3469
43420
3735
35973
44344
984
17772
35425
33068
8703
34661
43567
2780
36150
8816
43898
41668
304
8064
54666
2374
8655
10435
43196
8927
8192
308
3155
35369
9674
3152
43864
35758
34924
33209
34702
41064
10527
43690
33923
7316
54898
43165
7128
54520
3734
32752
10734
10843
33894
55103
33180
35537
31867
8346
29014
3569
36034
34928
36394
36437
31726
36379
4695
43690
7246
11703
43697
3949
10284
8767
33745
8300
46398
32982
3537
40981
12064
7798
35544
7208
993
10505
34923
55656
4482
54468
8255
1985
731
54538
36277
43867
7309
8986
13935
9885
55143
35793
44442
9056
40945
40740
43832
10487
43265
55655
36210
3389
2805
30798
32080
3793
36589
15974
43752
42800
29059
33712
41027
209
34312
46430
43168
43919
327
44442
55644
43726
9883
9000
34969
36424
54474
41422
2657
35353
33774
43065
44388
2600
15946
43568
34007
10747
43060
41875
41057
12916
41163
9922
1533
43710
10121
4697
8676
1334
41601
33840
43396
8060
34603
43311
319
41582
15086
33861
43879
36544
54562
46396
54821
43767
43590
35621
33185
41613
36145
4488
13720
35763
41857
15178
7894
312
2978
41772
1309
35573
34326
54294
573
43717
7254
34004
43164
54468
42758
33210
3613
10214
8191
2525
43867
2938
34478
41404
3751
42896
2919
1583
41088
43648
275
2533
36030
41586
46758
35579
41700
36496
3907
2137
41424
9331
43718
10626
41096
54525
43474
31746
2852
43845
43107
4534
44431
41565
54847
41522
10868
3356
32158
33930
3195
34465
41892
42788
43888
29115
15606
31884
35483
36445
41618
43839
14947
41468
43690
3159
15606
43620
911
4406
10722
43926
7180
41627
15052
43689
30994
42766
35702
3173
567
55653
3812
34610
9882
911
8135
488
13059
10257
34640
1999
10460
34690
10532
3466
43461
43690
43834
43229
42800
2693
33828
54671
789
41205
8189
41403
43437
41017
43757
34329
35600
15282
9355
43013
8684
4465
35489
43690
34535
1257
10088
7735
41038
9059
43690
7287
43257
41563
404
54902
925
33365
9043
43531
354
44432
33891
273
3948
35539
43552
4356
10263
8639
15997
42771
7927
664
40895
11276
30772
41525
34646
36160
3165
7106
43013
43743
8288
42775
9876
7133
34551
1288
43608
11671
41863
9260
3166
12100
43518
208
7907
33004
10835
40723
787
32032
41006
40841
3607
43847
43716
35728
9861
12645
7111
12337
4490
35349
1283
33856
8159
288
8853
8653
41422
29106
41015
1277
2075
3097
2162
9709
2638
31863
29061
43438
43872
43765
40960
41469
7664
41467
54983
35132
41611
13636
54283
29281
34912
1816
43696
2256
8686
11483
44354
43376
40947
105
3158
41895
14437
36604
43847
8916
15033
54764
36555
10799
9083
35973
43834
34935
2242
3651
40951
41635
41537
43154
34334
46433
41435
54892
41560
4515
35502
44379
33822
32316
10449
43690
8653
9020
7202
13033
54478
640
31932
1666
43933
43104
43922
35718
12019
9755
35590
33853
15234
7145
35477
11003
41673
36020
41241
10460
1343
54699
54565
3933
41077
132
28934
10741
43836
33721
3610
40716
36008
43503
7379
657
31964
9148
4480
8127
36088
2630
41413
7558
14593
54449
2345
858
17869
321
41597
36103
15660
2126
10628
1264
40876
9412
44395
42784
12261
43690
9768
33945
10167
54690
40974
11606
12016
10755
8842
10165
41156
12684
44337
32655
41097
35436
43621
4514
1337
650
34700
33964
43670
43660
8432
42898
15932
41060
4466
6932
8277
41177
336
8734
34979
40757
43095
43769
463
381
3669
2757
54394
43830
41129
7980
1010
8327
36572
46442
43466
46385
10167
31433
43584
34602
1124
8998
43710
32781
10131
41603
33913
11470
42987
8710
41630
41122
36248
32549
12556
35773
43894
36535
7342
3667
35978
35725
1860
42770
31866
41776
46774
9015
36166
42516
11820
2720
3487
997
54539
15161
10097
2710
34660
7388
10197
34646
41735
3223
11655
35727
10070
46806
7782
9889
2269
10002
11107
14110
7413
3710
54726
41880
9396
196
43922
36446
1777
54570
41630
383
54736
34899
2744
33961
12571
9822
34882
54663
1733
35477
43690
41010
33877
35396
33668
35488
41124
31815
28983
3904
43837
30732
1284
30705
35644
7924
3757
33671
43170
40944
3159
34887
31208
42787
43686
36002
11065
54904
2025
55634
41157
4410
54651
8727
33822
43696
46745
36382
43453
41194
44392
46452
33905
3145
43898
9831
513
1218
4005
15016
10320
631
10496
2225
11890
33531
41879
9658
41003
32999
46630
8236
31191
9805
40742
316
30777
54741
41536
10804
43832
3794
33903
40937
40870
43235
2186
41730
54516
15160
33112
34665
44381
7212
35447
350
42972
41419
44407
55626
2416
33113
43737
54293
3063
43715
3264
10042
40721
14959
4501
32504
34711
54983
40841
33904
41026
10201
4394
15163
41166
41741
54521
17787
41637
1923
10175
33073
46423
15195
2921
32554
32049
2969
3505
35437
17833
54750
1336
43767
9649
7102
43690
42976
33973
31916
46425
54662
2430
1277
41821
8054
10404
1089
2277
15146
33869
44358
1424
10499
8291
9455
43168
2475
15050
34558
42726
42919
54748
11374
33755
54730
43669
33723
34974
43649
3118
7469
10366
36266
10211
32593
8206
43435
7677
9663
12735
15556
8073
40892
40876
54545
2331
15939
41470
3746
40724
44340
31825
781
622
17635
8263
1723
35757
3948
502
3950
10623
54838
41540
3679
7554
7192
35978
34983
33782
33672
7928
33721
7591
35350
10422
2713
41068
9445
41192
3417
41145
33777
41481
41020
41801
43455
10210
1278
2949
10447
8705
278
35583
35644
15054
341
36068
33910
43247
12590
54387
17846
46395
1818
10593
1970
31350
42990
44380
17428
43894
8142
54531
43602
43690
8711
33971
54845
33158
35492
7721
41156
54465
10019
7841
44400
34984
43590
15057
1897
1052
10877
43075
41477
10429
2362
34772
2913
10696
41156
7132
36464
12554
41184
15599
54732
15161
10990
41016
10128
9026
3814
43690
43690
35544
13071
42070
43685
34636
33928
41235
7919
9717
1786
55626
9787
41875
14096
9164
7227
43554
43082
3904
15818
32279
46440
9050
34894
33363
3320
1344
31221
15946
2566
34511
2569
43690
2334
8194
43690
8709
41458
35599
700
4396
31757
433
3987
188
55011
8055
34985
55121
33958
43881
43110
43579
43766
33820
35558
41597
36092
803
43716
44444
42083
1238
15013
10374
33892
487
35790
43233
41193
43562
54543
3721
10102
29301
41475
33752
8933
1251
46445
40742
41092
9725
40740
43142
41134
794
2380
1553
43063
43766
43621
35653
29036
13467
33368
54276
32502
43567
2262
1117
13340
32197
43500
7674
9938
34523
43690
15767
43716
35590
7174
17775
15290
43455
43711
35397
54566
34931
1259
129
29352
33533
9334
3217
43924
31297
10631
43571
42743
7659
40836
861
9878
12510
33703
35366
44445
34919
43690
33908
41851
3135
9498
43558
3752
33098
3153
639
34642
9385
28934
7240
43503
7630
10559
10853
360
43444
35514
43654
30935
43115
43895
3799
33369
8434
44352
41433
33958
10856
7178
41562
1402
54386
36090
7595
9720
35625
35508
9131
33203
41713
32378
31896
32093
34304
54270
10134
43690
17741
35180
9103
9253
7878
34332
36239
41618
33161
35352
9914
31555
43827
2853
41872
10722
46445
40736
35801
2327
9030
33192
44388
43769
43111
3814
8082
34892
10860
3174
2589
41881
43690
41760
33709
33747
41615
7646
2599
46455
17598
54517
41532
35352
10235
54291
43941
36434
31802
7118
32377
9325
9825
36257
1256
7282
4533
43107
43613
41586
43697
41941
41446
4466
34703
43879
458
10443
129
35530
10744
28962
43690
12022
35787
1086
44358
9024
41072
46440
43657
43602
15822
15811
3770
43842
1036
9346
55661
34918
15014
34527
318
2550
40900
36005
41551
33579
11349
3605
10252
10706
36159
170
41477
46386
4479
15144
9361
43523
35621
1588
43570
3913
33535
33736
7114
9129
43614
41120
33937
9286
15162
1809
141
43538
35375
3987
13730
43016
4397
196
970
54326
43820
42894
34931
2563
54540
3089
55112
41456
34321
7931
36224
35438
319
43690
34331
43760
40725
8195
8842
41209
36204
44397
41823
42912
46398
4397
54806
43424
43078
40883
54744
3228
46446
54974
41174
908
10826
33225
33544
3814
12898
10268
41405
41611
43729
2383
3589
33851
54570
42953
36090
35189
41195
35351
43404
8485
34466
9100
46444
1521
36009
46432
34910
43690
41731
43651
40836
43933
2338
43425
32387
35767
12070
43471
7460
10864
41521
661
7989
7207
1287
35136
854
33887
54434
871
13783
35398
36361
14549
15276
41402
10482
2002
40834
43090
33911
32271
43781
34932
30722
41427
42953
43711
32137
35561
54833
3749
34317
9151
9014
43685
2717
43092
3936
11011
9399
4469
42891
29257
1731
545
41446
3106
42516
36603
250
41834
7203
41084
33881
33203
41053
7108
34937
41548
815
34501
9835
43690
43756
34495
10546
734
44378
43574
8638
54278
8113
302
8343
34465
9970
718
43196
43609
36163
43632
2876
43612
43711
54963
44338
10837
40935
34927
33920
43096
43104
35121
4493
32519
31181
54558
43826
43029
7166
33733
54529
35383
29262
2576
43702
15604
35154
33944
2412
43406
9054
43928
41550
36208
36193
106
40920
1964
46446
54648
10265
36281
2648
327
40839
386
8207
33722
43109
11211
33930
29057
10691
43730
54580
36037
1877
13623
54505
1794
41892
43330
36068
54466
10264
15288
9081
41561
7157
7255
9223
15014
43085
41464
34734
40728
43690
14148
35337
35568
43622
2748
9179
4405
3297
32491
41631
29052
54299
8976
29039
41172
41606
46424
9142
36251
28980
43762
54855
13660
40946
9986
2195
44399
43031
543
40703
43872
468
34682
41195
43719
8933
10622
9338
30758
35520
8949
42715
7711
3937
43161
10886
43475
41847
41848
41082
357
4403
29090
2078
43881
8510
55627
8691
9318
607
44334
43890
9825
10425
33938
41162
31846
2629
34961
7141
41171
41425
176
42945
40964
42749
43690
36047
34956
31837
41815
7650
32976
10358
797
33370
32505
43940
43424
2161
46411
3753
10511
54379
1142
43628
43526
43690
42759
3722
10679
3664
3330
2437
34358
2958
41472
41497
32523
41477
7247
40966
7301
3355
54861
4496
54874
12120
36056
2054
13098
3950
35556
392
8923
3030
41432
33041
11542
42871
34906
41239
54567
34739
54320
34654
2206
43889
9737
3644
3922
30917
42923
29044
34654
3728
36080
8894
33698
32016
54478
1820
33223
41510
2972
41718
7775
446
34686
8385
33951
10863
1145
36603
8795
3142
33772
43699
44403
33066
15057
43135
35448
17715
8029
41171
15289
43422
46719
41447
3163
41532
36021
32301
31756
9265
8110
316
35435
34504
43900
3987
35687
2828
44364
8961
8912
33755
33144
54971
12701
54738
3594
3688
15160
2365
2505
13657
43712
12963
35804
34508
41130
3991
13668
13452
29045
36372
55005
11005
8230
54534
13632
14666
46416
7245
11790
29337
43424
3764
3192
34979
35584
33764
3648
8909
55642
11586
41630
10443
4480
7865
41183
10716
7825
323
43942
9670
43110
32421
43094
205
624
32288
11133
3423
1210
41605
12637
4357
33199
11161
7638
54507
35469
135
10555
3701
43512
10269
1082
35476
1367
36472
36101
600
46453
3992
3791
34512
3916
36442
33674
15555
43542
41205
15639
15555
34772
315
8891
34481
34318
42922
43516
202
4438
10243
41792
14312
9007
36418
43147
2579
43760
32635
15150
3920
35742
1334
15086
365
34566
41204
29287
42925
36193
42819
3943
41590
46404
55145
35512
41091
15093
54483
43674
3226
9709
42945
33757
9192
1208
44346
41238
9229
55643
4423
11733
1254
42863
32628
43655
344
8386
43740
41198
15840
8961
32178
11098
8581
9302
43899
8838
2357
43888
2844
40964
14815
32188
54869
11197
9682
43671
11547
54326
34358
15151
280
15648
9457
40908
29102
43669
41197
9831
33068
43822
34642
54753
40932
35457
15845
11539
30733
34601
9066
9879
44452
55143
33183
54970
1506
10692
8285
1202
42068
33903
9174
13398
54637
33356
44439
33935
54775
44400
44445
40957
41427
40935
10441
41850
33162
10031
54909
35147
35389
35540
4695
46442
3138
9917
557
13650
29103
41864
43690
15156
41393
54978
35384
34320
41157
44417
32650
43897
9433
36503
36258
9943
3156
35336
35345
54899
10622
1805
7777
34325
29141
34307
42982
8091
10129
42928
11347
55635
41423
43445
54419
36063
41860
43760
34931
14297
41680
43546
305
41003
13646
34717
33568
761
13495
43686
9444
1970
43610
43215
41488
2455
34673
33051
11373
41075
33864
54685
10476
43690
3747
34326
34966
17643
41461
43715
10725
44417
32084
4404
33900
43715
1922
43668
17735
35671
43697
34516
43276
43588
33665
35344
2085
33571
17891
40885
33954
14424
43530
9706
36691
7290
11045
40918
41443
41873
31908
8124
8725
36332
43016
33539
44331
54855
11087
43309
8599
46395
41679
43613
9762
3745
2903
11279
8213
41799
7686
3717
40842
43091
15175
411
7660
2552
14201
12201
3608
43690
15159
43128
43100
29260
12220
2349
2033
36216
36526
46772
8216
33086
36545
35552
2556
43284
33126
42774
338
33849
15021
7424
8428
43689
186
41573
15811
31280
900
29286
10564
3167
11600
43898
3432
43690
43404
33717
1974
44373
36363
111
33672
10835
43090
41143
33944
8002
43426
14045
15145
15951
14309
15092
43194
31760
46452
43210
43690
34664
15561
2511
43826
43695
46433
31744
33718
33957
7872
43547
41478
7152
15028
41018
7324
9280
1030
41069
41641
36245
44354
3661
43303
43690
4475
10511
54564
33953
11242
34650
1235
2201
35384
15943
41488
8466
2342
8613
2153
32088
3692
11579
17686
54960
11067
35662
34696
35444
34647
2993
33236
1164
36148
1049
41613
43103
35177
43432
10791
41419
3987
54795
8027
34668
46392
34898
3795
7801
3528
43717
33747
1878
36136
55104
32308
43695
40940
2190
54504
55135
41449
34963
41202
33773
7819
46766
44333
8872
3943
9339
2008
36003
15650
2108
54420
46385
55633
29103
43888
33917
34497
54499
43690
15015
15610
54710
29280
43690
33836
55108
40917
7869
54862
34520
15849
15636
11759
43063
11272
41128
17600
41709
34924
28969
41174
329
3353
36286
46395
3331
737
43690
34924
54899
8401
43603
9045
33911
3651
32418
41582
10465
7416
43212
33896
1136
41869
43401
32464
1000
7143
40966
2164
33346
3925
36450
33704
34695
43110
13718
9677
43711
604
11385
35797
36061
781
3645
35443
3118
43624
824
36084
15050
9360
10839
36251
2370
10414
15318
43293
10885
15035
35383
35331
1918
43918
41517
32290
43844
41901
33187
34536
13623
35593
28988
33843
43835
1096
3380
2807
43718
7320
8046
33543
9431
10224
759
41009
2029
7568
341
54281
33806
33721
3500
290
43932
29272
33545
33948
34643
32734
33780
43389
34509
43317
927
3931
32439
43686
172
15163
8146
41125
55139
3177
8267
281
43690
43423
2443
7372
34937
43389
33705
43618
1359
43087
46453
3621
43397
43696
9398
31766
15021
41638
10542
40704
44376
10725
4439
34496
7287
10749
10539
35608
282
29331
43713
41622
54481
11590
724
8122
10736
721
14858
34476
33190
1960
9018
40950
43723
1996
32324
7888
7748
54507
41601
2305
54721
9070
41039
7793
46748
42887
15058
33575
34981
44392
43690
41017
44394
43204
195
35461
7256
40835
43690
3764
3044
41457
751
1366
43690
35447
41850
43674
54845
41705
8233
7592
43612
3312
11032
43714
10996
36092
46724
477
10635
9854
10783
35332
44375
9698
715
44453
42883
43831
9073
54267
1361
2203
13605
41587
1353
13580
2847
1351
41564
7130
44343
14458
32691
54423
41724
43626
41780
10807
15149
17851
4412
4397
42968
2596
11852
8393
43659
8957
31823
43674
497
8332
12071
15159
40842
534
43151
42777
341
34569
35330
40987
15921
8703
3815
11555
43624
588
54391
33557
10663
36213
7844
32705
31889
1361
8085
10745
1045
43690
2962
33828
54656
3204
2080
7836
41031
43059
11320
4409
11384
43705
35448
10896
538
11147
43753
527
16017
1262
36169
1100
42930
7986
31711
2658
43422
36217
41426
43690
34493
3548
2988
151
7184
41019
8367
15839
41051
9251
17690
41505
41443
41473
7100
35440
7100
41464
924
29107
3586
3182
9094
2194
43690
885
15831
9950
15279
36310
43528
4503
9778
35462
3813
3923
32085
43089
337
33820
9024
35725
35643
46610
12392
15289
36684
43690
7718
43690
3641
1152
13175
41636
43624
29107
43690
43206
43715
1366
55614
43185
8842
42787
35521
3238
7220
1178
9824
13855
611
43916
9075
30772
34745
14989
14525
8481
33822
35639
43690
873
8936
43715
54323
8803
41619
10153
43446
43323
791
177
34356
14994
34345
1742
44335
2103
345
43451
54460
33959
2701
40735
40916
36373
29249
40841
46413
43690
34339
8106
36540
10379
2046
55701
55659
35654
54928
46395
35425
43768
14435
3134
435
2683
335
43673
54418
7243
43686
15232
3935
7283
43624
43012
46457
36556
54699
9242
2917
43259
2512
41771
41185
54516
3805
34890
54661
2757
10467
16019
43690
42795
3913
262
3912
54508
3991
35580
32539
54853
46393
8639
686
43442
1957
33853
40866
44435
41732
8672
34524
3627
511
35460
35436
14341
43613
9098
43603
33195
36117
43690
54270
36589
3005
41447
14123
43309
32442
9664
10181
33535
13290
46422
8948
43931
9985
43690
3598
43099
3919
34527
8990
9313
35465
3350
41618
773
145
46410
15783
8850
54277
17435
54286
3142
41021
291
41044
2606
9306
54787
43838
7589
33855
7143
33867
29070
36090
2032
55008
8672
438
35582
36697
13724
31741
9882
3229
3685
43623
43399
904
33873
3133
34892
35436
36586
8837
43690
11023
9206
35790
33072
31827
8963
43690
43767
1183
33367
3913
44412
32804
46811
41805
3424
10808
33729
3513
44372
10052
36060
9806
10017
14753
649
34923
8235
54507
409
10662
34315
15556
33189
15316
44357
54474
10552
12122
3545
54520
34441
1199
8782
43686
3479
7610
34649
43158
33861
585
33879
8203
3916
35354
33768
33783
41547
17640
36590
308
9266
31918
43611
9671
10578
40838
9443
43443
3598
11409
709
43923
32617
54922
262
41140
3770
31889
32353
9141
36211
41795
11884
34934
36543
2838
11995
8974
15780
41529
36539
15237
268
43845
8773
32696
8409
43841
34342
34441
12886
32979
40901
3933
438
34966
36049
9009
3105
11217
41236
350
41779
33365
4488
54571
13654
41715
200
10987
40838
43236
31865
41482
7353
43690
10502
11652
42956
35619
2546
36132
54711
54990
34731
838
36456
1389
42738
41617
15934
31877
34740
44368
3284
41133
41456
36586
14450
41787
3693
41516
317
7854
1190
43690
10078
41241
7457
34880
43724
54561
3224
40979
35154
3618
43690
33847
13646
30923
8196
13101
35396
42519
10117
9744
2890
41563
263
55632
43069
651
42786
43589
33749
43622
36051
33780
3376
7416
41191
8951
41558
41050
41599
9726
9344
10017
35511
43690
1965
41242
3933
43295
15236
15163
8498
8420
41646
41530
34511
143
1807
8228
8830
3339
10655
40945
43056
43690
32396
7219
7271
54673
43179
46443
8254
34920
31666
33962
28986
43060
29112
1855
33164
44350
14483
33675
43767
43694
33931
12756
43689
8810
9893
54726
46438
43623
40995
2502
8830
35595
34968
54391
8982
54769
34671
2221
9821
33840
8899
7414
54701
43152
43839
40953
15633
15073
33857
43527
7256
2773
41801
2535
54329
10457
36466
43118
778
42916
33727
41015
4487
46590
43472
181
41775
54768
7149
8109
13843
54798
36547
4435
41066
9453
34603
2057
327
54962
43883
35477
54983
735
35722
35769
41593
41435
36449
33160
43489
41185
46407
43572
174
43733
2427
566
7845
3802
41851
33370
29119
41466
13686
8480
42895
43207
11140
3187
15847
3714
41735
32452
10836
12322
34509
46443
43837
3049
8239
13084
3682
41887
2948
2256
33772
41015
33947
43690
40934
41023
7449
34971
41068
43690
9410
47445
10460
2503
3792
35977
9493
29070
4481
41842
35485
10641
43037
2881
7625
43702
36506
41029
35771
34645
34968
41136
1994
33841
43689
10370
30775
9823
2251
364
382
36544
36151
54392
7215
10644
12049
10630
54895
43873
2160
10402
41138
36688
42888
43712
29271
2965
4406
10124
9926
1029
43919
6941
43291
43824
8759
33959
41033
43690
321
3805
41563
36154
35438
10636
40835
8474
43526
35690
10565
7930
3631
43842
8755
54904
315
3236
41458
40899
17644
43052
40973
7908
10289
32095
34741
44389
35136
36672
43690
10633
33855
43690
33931
28936
36309
7360
43564
42747
7856
15795
9831
8574
1835
9221
2747
35451
7933
40978
8299
36262
3050
43690
9375
40915
482
43277
678
287
15051
274
395
46808
10437
35537
35324
41616
40952
9109
2188
1885
1080
36145
4406
15317
43559
43400
10083
11775
43915
43175
2390
9976
31205
8711
41635
41110
40903
41771
36235
41456
7659
54650
46810
3300
43690
9300
40907
43690
9231
35323
36357
41833
4464
33107
33914
41882
3944
1165
32414
41784
33734
10961
9194
29053
43690
1095
40928
43898
41593
8703
15946
15672
4428
33151
10856
2289
9291
2739
10183
9261
54467
40715
3386
209
54864
11458
10031
33750
43138
197
332
4490
54714
4513
3803
11600
15737
9852
1355
3403
43603
33723
35668
44452
2858
10409
34475
44346
43690
54393
15236
10898
33574
9832
10870
1537
2668
43673
41514
34305
43916
54494
12636
43662
32351
41196
11748
54747
35608
303
1854
54439
35383
41418
34525
43686
10678
7989
43306
14908
17820
8356
2235
9089
41237
31880
4385
33931
44411
10456
14084
43896
3605
35401
40877
43628
2346
9315
54380
8181
35448
1143
1796
41559
43689
43673
43669
3608
43674
3814
40950
36132
34698
10047
41553
36163
42918
35618
9988
2267
15071
54494
14751
35434
11494
54550
11595
7629
977
43685
43461
494
8980
44387
15052
10814
43690
43690
43299
15051
44383
269
28992
9226
54919
42936
36154
36242
35790
35425
45833
33946
35582
43690
29140
40916
35397
31871
3235
29058
36427
41078
455
33063
3947
46428
10248
8108
42773
4397
34332
7260
41402
3992
42779
2329
43690
29029
41415
34289
8752
44351
40967
7608
10327
43529
7206
36701
41516
43825
3696
54583
30769
7758
514
10944
4429
34984
46405
29007
3033
10166
28977
54659
36259
14285
3905
8549
54696
46445
35678
41394
43033
41525
32213
43899
3958
42991
15557
320
43690
491
3917
43671
31339
2896
8633
41534
11559
13688
17902
28980
1980
10844
7779
11410
3736
8474
1120
35348
9837
55619
7726
41826
36416
2169
43128
54540
32664
41044
43055
36573
15137
34632
1056
2766
41724
12721
43125
15985
2061
41138
15599
7106
3149
36374
43097
7580
249
54825
4394
43769
43478
41583
13317
2582
9660
1139
44293
35163
43438
8306
7596
35559
41070
54892
796
35384
29068
9236
41527
1052
8818
36282
13112
3805
3804
42733
55628
54257
7115
43627
41585
7211
10004
3378
42515
33589
54677
34917
7695
33710
1066
9733
9435
4523
41021
2136
43774
4424
15834
36039
46453
3485
42777
2731
33737
36382
43075
54764
43781
1989
33918
33535
43117
36511
35584
42739
30909
7179
2972
43057
35365
40721
31854
43686
43315
12879
17737
43255
2571
33942
43697
3220
8066
41827
33771
7647
33176
41392
44343
1175
44427
9453
41152
10930
41590
41432
3151
43722
8886
2089
43264
46394
44374
55137
54819
42879
8136
43690
43690
55122
54272
2577
54833
2937
41033
1159
3506
36697
1836
43333
8222
43929
54647
43690
35531
33840
43690
34306
1765
4395
1813
54772
299
8296
33748
2100
43107
40963
11063
3053
36226
43690
55641
2806
13676
3161
43890
41207
8333
40952
33575
43893
34601
10293
15603
32625
31116
54515
31614
41524
313
9104
265
14246
43690
54976
44347
2452
3698
10522
34595
12221
10975
13594
352
36000
34335
40955
43759
43111
3717
11309
34332
42936
15282
33947
34510
3017
36001
41240
270
33117
43629
41000
46414
34534
12949
17717
15144
42697
7397
3166
35462
54419
55625
42827
44408
44345
55029
1769
40995
43758
46410
36265
32109
13427
43824
33763
2158
35461
43715
41145
43699
42792
43690
36009
879
2337
33935
41413
29288
41783
41492
34881
1729
11138
43825
32352
15279
2824
498
33139
516
43690
30764
10122
7209
33751
33947
43132
9213
40951
3951
41643
35386
35630
32127
11556
41594
35776
1204
1188
54867
35565
10805
42519
10629
412
42794
518
33543
43696
2088
42752
32566
41697
15286
1834
8116
34357
2132
32513
43832
4489
3382
8056
331
17424
593
32603
43014
3935
2583
9092
13653
834
43497
489
41156
41448
1942
41142
3947
33859
9897
8594
36148
43225
9168
3092
33169
36425
54573
13168
262
1185
44352
42880
10397
10942
32682
33850
43697
43052
15015
33558
43715
8240
35540
43073
43120
8043
7411
10828
54647
3194
28971
3176
54391
14788
36673
2963
54570
43129
54478
7788
43690
11180
15627
10200
41444
31614
3625
34926
43700
10446
41571
46406
3957
9315
8950
33975
4385
42790
318
41789
7271
207
41206
15081
33794
7394
43624
3675
2390
7281
43214
36667
36473
43567
33664
11995
40941
9491
32311
42882
3609
43761
43671
1278
44374
8463
10576
46443
46927
43935
886
35772
46633
43078
2153
41944
44345
41581
4475
8371
15056
200
34518
15938
375
43259
32853
43711
31141
4694
9760
43659
1754
1255
54498
9379
11721
198
8178
9988
3930
12043
9935
35373
1886
8211
29076
988
46402
54749
42699
42975
7996
34961
1340
2640
43690
33862
6950
34436
35776
1529
34691
3813
10151
43654
43715
36355
10072
46411
36063
3638
43690
3171
41141
42915
15166
768
54936
3179
43065
15606
43198
41505
33380
9837
54969
918
34724
44339
34465
7657
15154
35434
178
15239
34896
3038
13435
33899
41839
54761
12866
7536
12630
7883
44374
2988
44405
2615
640
15819
289
43460
136
43690
34887
402
43436
41242
35669
36253
13678
1359
160
3615
7363
54510
3156
34322
15950
35666
35506
9976
54990
33933
33562
55102
35787
41696
44331
34006
54568
34963
43889
33779
43124
3907
9469
46434
2544
4482
301
577
35587
11877
9013
46399
34436
44433
33532
34651
35504
707
44338
29070
10586
41405
41082
46414
321
44414
43669
43690
1284
10465
