181 155 
27 117 
79 67 
46 8 
191 193 
246 233 
229 225 
208 205 
182 178 
142 105 
115 125 
230 238 
211 208 
83 83 
101 94 
222 242 
134 113 
253 251 
181 155 
247 236 
0 48 
134 169 
214 231 
222 237 
2 35 
200 192 
142 166 
199 190 
176 142 
165 141 
84 104 
55 67 
189 206 
98 75 
74 51 
60 142 
197 187 
93 143 
225 240 
49 9 
219 231 
31 58 
69 81 
195 188 
237 252 
252 243 
80 133 
227 244 
173 173 
98 71 
234 224 
206 232 
112 90 
163 169 
179 196 
78 38 
148 175 
191 201 
249 250 
2 31 
255 247 
42 43 
122 102 
218 216 
134 116 
97 96 
82 57 
203 192 
95 145 
116 88 
56 17 
58 107 
94 69 
185 200 
130 147 
155 125 
201 193 
143 120 
131 91 
170 141 
52 29 
207 203 
167 172 
90 49 
111 73 
21 84 
138 121 
114 137 
147 164 
80 66 
20 15 
183 178 
46 135 
77 48 
217 208 
85 80 
200 165 
251 244 
181 150 
99 79 
63 18 
179 195 
129 159 
11 34 
113 165 
8 90 
208 198 
182 178 
90 73 
69 28 
132 121 
104 95 
12 7 
26 85 
70 22 
20 11 
132 160 
85 55 
56 68 
131 116 
233 249 
205 213 
33 126 
239 244 
116 77 
51 103 
169 188 
214 215 
164 134 
152 162 
242 249 
233 236 
67 67 
17 27 
67 44 
102 102 
150 110 
124 170 
105 98 
136 124 
43 119 
79 153 
229 221 
22 86 
209 226 
85 42 
171 145 
222 238 
128 96 
103 161 
38 4 
45 26 
47 10 
100 60 
156 183 
100 148 
51 69 
141 158 
92 57 
184 160 
38 3 
121 99 
230 247 
110 119 
28 36 
133 102 
213 202 
95 57 
251 248 
183 198 
7 29 
250 237 
131 101 
250 243 
251 241 
6 85 
123 171 
153 175 
138 113 
135 163 
210 200 
145 154 
72 24 
254 252 
195 208 
83 102 
223 249 
172 140 
29 50 
253 250 
13 21 
27 0 
150 112 
117 103 
64 146 
90 55 
35 125 
168 148 
231 227 
47 22 
222 216 
104 87 
197 207 
179 151 
30 18 
237 222 
137 101 
212 209 
83 108 
67 41 
93 52 
187 203 
152 181 
149 161 
212 204 
46 18 
29 68 
25 16 
15 25 
47 28 
127 125 
36 111 
182 159 
66 20 
222 239 
110 155 
79 29 
146 128 
43 9 
216 207 
80 101 
132 112 
19 29 
236 221 
129 103 
97 70 
19 21 
194 188 
38 4 
223 212 
222 213 
149 177 
141 166 
119 170 
82 66 
147 127 
137 158 
24 55 
255 244 
10 93 
157 171 
55 35 
30 2 
74 107 
209 203 
200 189 
25 0 
105 68 
228 227 
224 218 
146 128 
14 100 
98 93 
111 82 
10 19 
234 224 
109 90 
95 96 
173 140 
230 179 
90 48 
8 48 
163 170 
255 255 
100 54 
169 153 
113 92 
225 234 
121 169 
140 126 
67 47 
155 139 
16 3 
255 255 
32 30 
149 130 
18 5 
98 59 
255 255 
74 47 
131 109 
29 0 
100 150 
89 42 
248 250 
35 28 
85 51 
32 22 
68 125 
239 226 
57 45 
234 249 
125 150 
255 255 
160 177 
161 141 
148 131 
171 140 
33 32 
187 180 
240 232 
76 150 
164 147 
190 201 
154 134 
14 19 
32 1 
147 108 
226 212 
218 215 
98 55 
73 76 
82 105 
239 253 
195 205 
59 76 
178 157 
97 77 
108 160 
217 209 
17 30 
38 47 
123 117 
226 214 
43 35 
13 21 
104 72 
59 15 
35 25 
141 115 
152 134 
42 52 
47 46 
208 222 
5 37 
205 199 
170 154 
190 205 
114 116 
74 78 
129 168 
124 172 
182 153 
59 37 
60 15 
40 69 
176 195 
104 100 
50 21 
166 139 
85 35 
74 76 
36 14 
32 30 
59 48 
196 210 
75 65 
85 61 
144 127 
103 60 
143 107 
32 20 
204 224 
0 62 
70 31 
174 185 
191 198 
108 70 
121 107 
7 88 
190 193 
88 119 
80 44 
103 153 
165 182 
17 72 
57 37 
119 85 
198 188 
140 125 
60 37 
35 11 
84 65 
163 172 
156 131 
63 57 
108 115 
220 207 
120 114 
88 45 
153 129 
152 161 
104 157 
123 130 
243 252 
169 176 
37 5 
102 146 
164 171 
56 16 
64 55 
57 15 
221 208 
198 197 
40 123 
158 168 
149 132 
119 110 
162 169 
66 53 
84 34 
205 200 
228 220 
70 63 
130 170 
96 64 
40 7 
243 240 
100 102 
171 141 
103 104 
225 222 
236 223 
11 37 
153 168 
199 165 
5 44 
186 156 
58 36 
68 139 
234 243 
248 255 
143 166 
112 101 
123 134 
3 69 
41 4 
255 255 
170 150 
107 81 
78 38 
46 11 
180 154 
61 116 
143 117 
65 31 
190 183 
152 179 
63 44 
90 79 
162 134 
255 255 
240 226 
83 78 
235 228 
78 74 
44 35 
132 143 
8 90 
198 210 
66 87 
55 19 
104 86 
16 102 
27 21 
39 131 
110 70 
145 158 
22 29 
144 126 
50 89 
144 157 
140 99 
11 95 
47 16 
87 72 
26 33 
191 195 
119 103 
118 121 
240 252 
115 123 
36 31 
255 255 
56 52 
101 59 
53 12 
121 170 
191 209 
187 180 
219 245 
218 231 
123 107 
203 192 
150 132 
65 48 
207 203 
123 111 
26 76 
174 143 
28 6 
56 42 
151 134 
19 3 
20 1 
131 174 
79 147 
144 161 
155 119 
94 74 
108 84 
138 175 
223 221 
219 212 
212 201 
143 120 
29 1 
238 233 
90 74 
156 182 
157 143 
48 46 
200 165 
246 235 
216 213 
128 151 
125 122 
84 53 
199 214 
150 115 
2 69 
90 65 
119 115 
251 255 
228 220 
73 24 
81 154 
229 230 
158 132 
252 252 
91 55 
198 205 
214 212 
237 245 
255 251 
252 242 
129 117 
224 218 
0 54 
52 43 
46 23 
255 255 
166 145 
223 227 
92 129 
125 109 
197 195 
60 16 
122 154 
44 22 
122 105 
227 223 
233 239 
107 72 
224 212 
23 35 
187 182 
98 93 
41 132 
147 122 
226 217 
35 54 
171 187 
46 104 
197 204 
255 255 
41 6 
231 229 
188 164 
170 173 
245 245 
162 169 
12 88 
77 73 
187 158 
109 146 
244 249 
184 203 
158 172 
131 128 
255 255 
46 7 
181 153 
188 162 
205 220 
220 237 
200 197 
68 54 
207 213 
55 44 
9 39 
155 136 
32 27 
123 106 
49 16 
92 58 
59 37 
135 99 
172 155 
44 127 
210 228 
101 137 
14 81 
38 63 
10 40 
207 195 
18 105 
176 190 
54 21 
18 3 
196 204 
29 112 
186 182 
230 223 
36 2 
77 72 
178 147 
205 196 
255 245 
84 54 
244 254 
128 172 
95 79 
94 63 
84 152 
82 86 
206 198 
17 104 
217 218 
255 255 
212 213 
220 210 
209 225 
13 39 
255 252 
175 191 
241 239 
255 255 
70 27 
91 46 
109 80 
174 192 
176 150 
250 254 
37 26 
228 224 
113 148 
38 6 
96 59 
70 28 
132 162 
212 174 
207 197 
227 241 
45 56 
165 175 
142 163 
81 36 
129 116 
18 105 
228 243 
5 84 
52 31 
16 32 
114 145 
93 94 
98 98 
102 143 
57 43 
105 65 
83 31 
150 173 
178 189 
172 140 
37 23 
228 243 
89 84 
90 81 
243 253 
59 62 
237 230 
217 233 
24 52 
201 214 
190 199 
215 202 
57 55 
131 121 
35 2 
114 77 
212 221 
110 107 
179 150 
48 8 
214 211 
3 72 
232 250 
255 244 
50 11 
172 174 
10 18 
39 32 
66 19 
117 156 
178 146 
122 167 
11 89 
199 189 
245 232 
201 221 
135 110 
191 196 
123 95 
238 248 
229 218 
128 118 
133 97 
239 226 
122 112 
180 147 
22 3 
199 173 
9 83 
94 132 
194 201 
137 172 
42 22 
7 89 
231 236 
63 50 
71 144 
146 125 
182 179 
236 254 
179 147 
127 125 
204 219 
99 101 
255 255 
229 219 
188 190 
162 170 
245 234 
5 81 
144 114 
0 46 
235 223 
20 7 
147 128 
195 196 
107 67 
70 28 
42 10 
151 162 
77 50 
175 146 
46 9 
76 68 
62 49 
224 212 
91 70 
185 189 
127 86 
44 34 
153 165 
177 186 
241 230 
210 235 
59 54 
109 164 
229 235 
247 248 
108 68 
153 182 
160 132 
184 196 
241 230 
8 10 
139 98 
95 68 
255 255 
145 178 
214 223 
163 141 
74 26 
200 190 
189 206 
148 174 
76 44 
31 66 
177 143 
66 122 
255 255 
99 109 
62 48 
135 162 
255 247 
140 176 
78 68 
240 230 
0 47 
6 85 
228 242 
131 97 
99 88 
181 156 
179 190 
164 140 
221 222 
131 110 
242 252 
160 169 
234 246 
100 93 
150 163 
173 141 
242 231 
236 225 
72 65 
224 223 
175 144 
212 211 
231 227 
140 175 
34 40 
244 237 
30 56 
67 25 
224 218 
26 117 
245 245 
3 75 
86 149 
173 146 
154 129 
202 172 
148 133 
119 95 
28 12 
62 141 
124 148 
40 25 
202 173 
98 69 
216 214 
40 35 
127 113 
137 119 
7 23 
199 188 
249 238 
239 228 
112 106 
78 53 
177 180 
0 51 
240 232 
194 194 
13 25 
34 23 
225 214 
56 58 
155 180 
136 105 
123 154 
39 24 
55 49 
117 165 
170 136 
49 18 
79 33 
78 82 
30 4 
154 165 
172 182 
120 119 
80 54 
25 0 
40 3 
197 187 
48 96 
183 196 
206 224 
130 169 
92 96 
168 171 
215 211 
66 46 
96 92 
115 82 
71 37 
128 98 
201 195 
69 21 
78 98 
83 97 
149 128 
14 21 
229 226 
29 24 
103 71 
13 53 
92 64 
246 235 
225 221 
140 122 
153 137 
34 3 
65 19 
92 112 
99 160 
158 168 
74 72 
246 239 
72 33 
94 70 
206 203 
12 44 
16 95 
213 204 
168 153 
142 121 
28 119 
33 125 
193 184 
240 227 
1 42 
129 148 
59 19 
14 3 
246 242 
103 93 
26 117 
158 144 
67 23 
219 222 
120 91 
139 110 
231 225 
223 217 
217 230 
171 183 
9 82 
68 23 
223 218 
26 6 
63 32 
134 102 
153 116 
44 48 
122 149 
158 170 
178 152 
251 245 
40 13 
45 79 
215 205 
254 242 
82 31 
144 177 
216 224 
210 212 
19 37 
232 240 
33 47 
105 112 
162 184 
220 207 
7 87 
174 144 
255 255 
245 255 
3 72 
142 157 
45 33 
172 183 
77 91 
214 204 
170 180 
127 144 
96 149 
253 252 
134 159 
52 11 
252 247 
255 242 
218 224 
129 109 
9 85 
14 32 
76 56 
238 230 
236 223 
157 140 
152 180 
6 68 
1 36 
193 196 
35 77 
52 14 
177 191 
249 255 
158 166 
166 176 
58 45 
43 69 
159 147 
62 112 
186 161 
195 186 
255 255 
114 69 
95 66 
213 202 
79 145 
201 168 
119 110 
51 24 
61 136 
37 7 
140 152 
102 66 
232 219 
104 65 
32 1 
205 219 
171 174 
211 228 
61 61 
106 100 
221 219 
146 108 
244 255 
88 62 
175 193 
165 144 
240 231 
118 132 
172 137 
93 87 
121 109 
180 149 
29 1 
100 75 
47 46 
218 213 
153 138 
254 243 
154 179 
63 22 
205 195 
203 167 
240 251 
20 2 
176 188 
41 92 
224 220 
86 48 
243 233 
252 238 
48 65 
151 176 
67 30 
31 31 
205 226 
251 249 
161 177 
232 220 
76 86 
222 214 
194 198 
129 89 
77 34 
111 78 
137 102 
96 155 
69 51 
26 106 
55 32 
225 236 
255 250 
123 170 
227 238 
255 255 
172 138 
52 16 
60 146 
44 62 
11 56 
1 66 
193 185 
92 129 
207 220 
240 248 
31 76 
28 120 
26 54 
111 92 
210 207 
180 179 
237 224 
8 91 
49 25 
186 193 
142 128 
142 156 
197 204 
251 255 
244 233 
114 77 
148 163 
165 149 
37 127 
191 208 
232 242 
38 58 
210 210 
141 120 
196 201 
204 194 
13 69 
78 52 
74 48 
182 186 
56 13 
229 216 
116 92 
250 239 
40 21 
187 203 
241 248 
50 24 
145 129 
122 143 
0 54 
55 15 
70 29 
88 61 
99 78 
53 50 
102 71 
191 207 
19 103 
217 209 
159 177 
57 23 
249 255 
151 163 
140 160 
13 43 
190 207 
30 40 
22 32 
149 129 
172 141 
120 169 
90 158 
22 56 
208 210 
102 85 
203 203 
227 221 
12 49 
249 247 
2 70 
86 54 
94 104 
124 114 
126 153 
188 181 
78 61 
91 156 
9 11 
43 92 
7 37 
4 26 
77 96 
234 241 
180 178 
62 25 
34 5 
68 21 
1 44 
49 39 
18 20 
85 69 
131 141 
249 254 
76 28 
217 211 
80 68 
179 150 
218 206 
118 100 
175 150 
168 136 
27 36 
205 219 
192 186 
66 60 
11 6 
58 49 
200 190 
57 17 
243 237 
8 23 
185 179 
4 80 
13 47 
73 145 
5 83 
112 73 
110 120 
255 255 
141 124 
190 204 
203 215 
231 251 
26 3 
58 43 
50 50 
111 102 
163 128 
73 92 
64 18 
217 209 
4 53 
203 194 
6 15 
252 240 
195 206 
112 98 
113 90 
117 74 
200 190 
49 27 
253 250 
172 148 
186 180 
117 103 
201 209 
241 253 
231 250 
116 169 
19 9 
175 145 
53 63 
87 77 
49 45 
75 77 
86 70 
54 59 
146 161 
220 213 
16 30 
102 60 
242 243 
221 233 
33 36 
7 48 
79 49 
249 249 
233 246 
105 161 
199 213 
250 236 
122 108 
27 115 
111 69 
218 235 
233 226 
131 95 
75 74 
73 150 
156 140 
228 233 
214 206 
4 28 
97 114 
215 224 
166 140 
122 146 
105 162 
255 255 
157 167 
36 11 
174 145 
246 236 
109 95 
209 198 
179 152 
40 75 
41 64 
88 42 
111 87 
14 28 
157 132 
86 60 
219 217 
241 231 
250 255 
222 210 
28 0 
113 160 
2 61 
213 209 
176 147 
230 224 
47 8 
183 198 
37 22 
235 253 
33 6 
151 180 
234 222 
6 26 
61 135 
188 181 
133 151 
79 80 
171 144 
244 247 
58 52 
157 171 
87 91 
247 235 
213 223 
23 3 
72 56 
132 116 
35 57 
76 87 
111 102 
232 238 
91 84 
64 64 
21 3 
63 18 
182 183 
116 76 
63 19 
241 237 
161 179 
167 173 
140 153 
167 149 
198 206 
115 100 
255 255 
169 136 
81 55 
133 105 
237 234 
102 58 
145 125 
32 6 
127 131 
113 107 
126 115 
165 143 
144 103 
139 157 
182 187 
104 133 
79 75 
126 160 
47 18 
153 177 
167 171 
136 168 
143 160 
91 129 
137 172 
81 30 
255 255 
85 63 
82 101 
255 250 
54 13 
101 103 
80 87 
153 132 
77 71 
200 190 
134 136 
41 20 
199 192 
68 116 
75 37 
181 185 
89 57 
4 29 
115 98 
167 174 
129 89 
73 25 
144 122 
71 64 
24 33 
20 25 
140 124 
147 164 
241 236 
85 54 
92 72 
40 67 
125 90 
149 110 
164 185 
224 212 
83 75 
189 192 
182 196 
250 238 
109 98 
225 240 
129 90 
153 165 
41 30 
60 51 
95 149 
96 156 
41 4 
133 174 
31 117 
249 241 
216 236 
118 167 
148 128 
193 200 
11 6 
178 146 
195 189 
236 236 
244 231 
25 2 
224 212 
130 92 
253 247 
126 91 
89 73 
170 175 
141 165 
147 123 
215 205 
53 60 
178 183 
158 132 
228 225 
225 219 
54 54 
27 115 
243 247 
169 134 
114 111 
229 227 
199 210 
197 204 
36 106 
204 197 
118 94 
14 49 
255 249 
100 85 
82 31 
73 83 
2 52 
217 216 
163 135 
234 248 
72 54 
169 152 
228 247 
23 0 
220 214 
4 78 
163 136 
241 234 
128 168 
138 122 
201 191 
139 104 
253 242 
243 249 
168 187 
141 156 
218 217 
157 168 
74 26 
53 65 
161 180 
199 214 
11 83 
71 41 
21 1 
50 34 
202 216 
5 50 
179 188 
177 151 
152 126 
22 17 
255 244 
80 62 
169 135 
237 235 
144 122 
220 238 
140 152 
45 10 
103 93 
64 63 
42 53 
241 236 
55 43 
188 158 
216 206 
33 2 
211 231 
49 42 
20 55 
200 200 
248 248 
16 5 
40 51 
150 176 
218 214 
192 162 
178 191 
211 217 
135 163 
49 8 
47 34 
215 203 
102 75 
254 244 
121 105 
202 202 
145 126 
234 246 
97 129 
59 41 
247 236 
237 228 
76 26 
228 215 
221 210 
136 111 
214 210 
123 117 
44 26 
106 156 
171 139 
58 23 
188 157 
195 209 
219 233 
244 232 
114 167 
13 99 
107 137 
190 187 
141 162 
221 217 
248 239 
11 66 
209 207 
255 255 
62 17 
13 99 
244 254 
7 20 
66 20 
114 106 
240 230 
94 60 
222 219 
3 73 
254 255 
78 154 
223 237 
171 181 
59 16 
21 18 
128 91 
44 6 
173 153 
127 91 
7 20 
69 62 
17 9 
48 97 
100 97 
175 147 
24 35 
106 100 
166 150 
116 102 
36 20 
239 244 
255 255 
251 239 
229 234 
216 236 
59 56 
166 132 
132 119 
8 31 
204 195 
65 62 
216 205 
238 253 
193 196 
250 241 
178 151 
171 191 
10 94 
106 75 
227 224 
74 80 
71 26 
188 189 
255 255 
178 153 
1 40 
105 81 
77 42 
192 202 
82 75 
255 255 
85 58 
227 238 
222 211 
30 8 
133 107 
5 18 
144 159 
82 79 
243 242 
29 5 
227 215 
164 141 
17 4 
55 13 
183 186 
244 244 
64 18 
102 97 
79 88 
25 118 
223 234 
66 45 
30 26 
191 200 
94 124 
92 154 
212 211 
174 144 
159 167 
61 18 
97 57 
227 224 
251 244 
76 68 
222 233 
126 88 
101 58 
178 157 
2 50 
242 254 
86 97 
197 214 
101 71 
61 19 
72 114 
238 240 
11 7 
69 44 
128 138 
125 112 
181 192 
10 31 
100 148 
196 198 
187 202 
46 9 
246 237 
255 245 
167 179 
120 91 
32 123 
97 58 
61 120 
75 27 
176 183 
0 49 
160 136 
68 59 
20 4 
88 95 
77 86 
215 205 
113 165 
194 197 
1 46 
35 38 
56 29 
42 38 
113 74 
48 58 
106 133 
116 167 
238 252 
243 235 
252 243 
192 192 
209 206 
83 47 
210 207 
138 97 
182 160 
219 218 
61 71 
156 125 
106 163 
164 172 
29 41 
255 251 
39 43 
75 81 
91 118 
230 222 
231 251 
188 193 
6 15 
62 16 
194 209 
16 91 
128 174 
246 237 
89 87 
3 70 
143 117 
131 170 
119 116 
87 74 
151 180 
251 239 
165 170 
38 46 
39 14 
189 194 
221 220 
217 208 
237 233 
178 148 
195 186 
212 201 
130 104 
222 210 
76 29 
188 190 
225 220 
164 130 
112 150 
107 102 
255 255 
77 86 
89 79 
90 58 
46 103 
146 120 
24 24 
104 142 
25 57 
242 229 
236 228 
242 230 
164 182 
67 110 
115 86 
174 188 
161 134 
9 89 
103 62 
191 184 
114 127 
212 221 
148 178 
210 199 
106 100 
0 55 
129 112 
139 120 
50 13 
196 203 
10 8 
126 172 
115 108 
249 239 
150 131 
44 8 
179 193 
145 177 
235 240 
88 53 
28 25 
100 138 
87 65 
72 24 
72 63 
157 177 
51 57 
212 207 
84 38 
30 79 
144 117 
39 54 
12 16 
54 141 
25 0 
217 214 
158 173 
23 101 
42 32 
120 106 
0 44 
191 205 
111 69 
225 216 
219 235 
67 120 
255 255 
118 86 
170 143 
98 85 
130 114 
194 192 
94 96 
67 111 
113 112 
91 91 
99 84 
207 197 
36 118 
232 221 
116 135 
203 202 
189 183 
244 255 
77 29 
1 52 
27 27 
166 148 
175 141 
249 255 
249 251 
64 76 
210 230 
22 112 
196 206 
70 26 
105 63 
79 64 
200 197 
28 0 
84 82 
172 173 
179 196 
238 225 
254 243 
23 12 
25 6 
32 15 
63 52 
155 119 
251 237 
206 207 
71 53 
2 30 
73 74 
133 171 
192 184 
236 244 
200 189 
98 85 
75 130 
240 248 
168 152 
14 36 
90 72 
255 249 
129 130 
103 82 
216 217 
164 137 
88 114 
223 230 
81 83 
220 218 
205 205 
149 161 
123 136 
46 124 
161 182 
245 235 
130 165 
83 49 
34 15 
148 180 
166 181 
23 45 
222 234 
104 132 
204 216 
197 163 
90 77 
156 166 
214 240 
74 104 
60 60 
35 20 
7 28 
141 124 
4 81 
104 85 
57 63 
171 145 
91 53 
103 88 
174 144 
206 221 
54 17 
85 102 
167 180 
110 80 
201 167 
74 32 
124 93 
37 42 
106 94 
107 114 
34 84 
92 51 
38 8 
139 113 
197 209 
109 75 
15 5 
242 230 
141 163 
29 48 
136 120 
220 218 
24 7 
136 116 
160 173 
61 57 
174 143 
44 121 
124 82 
161 169 
134 117 
31 52 
191 184 
255 255 
194 198 
160 143 
184 178 
151 133 
188 188 
204 206 
105 130 
125 170 
48 8 
249 238 
92 158 
0 50 
93 160 
175 185 
67 45 
34 1 
150 133 
237 237 
188 192 
62 17 
162 169 
78 150 
219 234 
253 255 
146 178 
110 123 
134 106 
30 39 
130 94 
207 196 
64 20 
135 122 
86 81 
164 130 
255 251 
192 165 
139 173 
238 249 
200 192 
225 217 
196 186 
167 138 
60 21 
247 235 
126 85 
16 17 
6 46 
60 15 
1 65 
96 108 
26 21 
112 96 
42 47 
73 101 
159 146 
198 209 
120 76 
198 199 
130 137 
202 168 
71 69 
73 150 
122 81 
183 197 
22 0 
94 155 
136 119 
216 208 
117 115 
250 238 
41 5 
167 140 
184 193 
189 207 
227 234 
43 43 
206 222 
147 125 
5 81 
130 158 
169 144 
226 221 
88 58 
186 181 
28 2 
219 229 
213 204 
229 218 
132 92 
39 59 
130 159 
248 245 
152 127 
61 34 
255 246 
48 24 
111 91 
180 193 
8 67 
72 31 
126 146 
166 145 
138 97 
187 202 
167 139 
193 201 
103 90 
71 23 
5 80 
205 199 
205 222 
145 124 
56 133 
223 220 
23 38 
96 87 
130 151 
193 190 
14 83 
48 41 
120 136 
98 151 
48 37 
37 16 
189 182 
63 142 
138 116 
1 53 
253 242 
122 79 
96 54 
255 255 
220 228 
172 139 
109 143 
192 189 
134 116 
39 57 
1 46 
205 210 
74 52 
108 110 
9 32 
35 40 
7 87 
161 138 
230 220 
8 60 
113 96 
77 68 
107 64 
236 236 
47 62 
3 75 
176 158 
216 242 
209 226 
139 117 
83 121 
155 134 
139 115 
248 255 
151 130 
170 172 
248 249 
59 25 
90 41 
103 105 
144 160 
101 92 
115 142 
64 66 
239 254 
81 46 
120 79 
39 112 
15 101 
74 59 
190 200 
191 205 
142 123 
38 51 
24 113 
208 206 
34 2 
182 192 
234 220 
108 129 
13 30 
28 22 
42 131 
73 66 
29 56 
161 178 
55 13 
19 13 
54 12 
120 103 
139 109 
216 210 
35 12 
86 38 
93 57 
148 180 
173 174 
156 130 
149 133 
65 45 
150 131 
82 33 
177 183 
108 106 
58 63 
199 205 
104 67 
201 193 
32 29 
204 201 
159 130 
211 210 
192 198 
204 213 
239 248 
101 93 
0 46 
55 36 
108 103 
81 80 
17 7 
176 191 
175 185 
2 72 
31 0 
156 182 
164 138 
224 235 
41 123 
153 116 
58 140 
202 191 
28 40 
124 101 
21 33 
69 139 
222 228 
226 220 
38 128 
245 235 
71 61 
142 127 
241 253 
255 255 
81 82 
174 139 
137 110 
139 153 
190 188 
72 41 
207 197 
145 120 
106 91 
66 35 
228 216 
174 174 
243 249 
4 73 
16 41 
3 37 
121 118 
232 225 
211 208 
110 105 
32 52 
166 152 
51 42 
117 109 
207 197 
101 59 
136 164 
44 124 
203 195 
11 96 
137 115 
4 81 
113 123 
193 197 
103 83 
86 78 
45 7 
255 255 
255 255 
181 185 
51 96 
207 225 
252 255 
174 148 
170 138 
208 197 
68 47 
115 76 
31 51 
132 92 
117 80 
199 210 
32 84 
89 67 
90 63 
245 245 
235 227 
48 8 
20 108 
118 145 
193 185 
80 76 
160 170 
144 157 
49 29 
0 56 
76 147 
27 115 
49 51 
183 156 
50 51 
255 255 
36 50 
65 65 
255 255 
80 83 
209 205 
172 191 
24 30 
69 23 
97 130 
26 15 
56 13 
14 8 
140 101 
74 53 
174 175 
145 108 
173 143 
240 233 
239 229 
240 245 
253 243 
165 131 
178 184 
217 214 
158 176 
10 27 
255 245 
226 212 
205 228 
6 40 
3 64 
107 105 
164 142 
18 9 
162 184 
226 235 
200 193 
247 247 
143 124 
37 4 
107 85 
107 164 
209 208 
154 134 
88 83 
3 42 
194 185 
183 197 
202 200 
113 78 
182 196 
233 235 
206 204 
8 28 
33 59 
20 49 
229 226 
253 243 
244 255 
172 183 
120 162 
49 84 
146 158 
159 125 
125 147 
244 247 
38 40 
13 34 
60 90 
111 148 
234 240 
80 44 
118 90 
180 153 
255 255 
30 105 
255 245 
174 188 
92 62 
60 135 
8 92 
239 248 
255 248 
184 179 
138 120 
166 171 
0 41 
8 9 
97 161 
158 145 
100 74 
54 19 
241 231 
70 143 
121 106 
243 246 
221 242 
86 47 
186 200 
13 18 
127 89 
52 122 
145 130 
181 183 
226 213 
165 174 
255 255 
165 139 
202 215 
63 24 
115 71 
247 245 
33 1 
131 155 
62 19 
24 23 
174 146 
110 79 
126 172 
85 61 
235 240 
82 40 
119 96 
127 116 
30 6 
237 251 
184 188 
251 249 
86 153 
238 231 
245 234 
41 6 
146 159 
65 77 
231 223 
213 200 
173 143 
126 118 
92 60 
223 211 
4 56 
153 117 
156 176 
80 33 
114 78 
168 185 
187 189 
81 64 
142 155 
208 221 
116 152 
110 138 
98 157 
176 144 
160 126 
102 80 
255 255 
58 129 
189 167 
84 71 
103 68 
65 43 
179 149 
151 164 
221 217 
139 154 
178 182 
120 92 
81 136 
249 236 
59 40 
199 211 
114 106 
194 185 
180 196 
167 186 
38 49 
86 76 
142 158 
225 219 
254 243 
238 229 
45 7 
77 57 
161 171 
125 119 
58 16 
53 50 
197 208 
255 255 
203 219 
146 129 
152 133 
219 216 
84 42 
54 53 
197 186 
47 137 
147 124 
214 208 
178 182 
96 93 
154 127 
240 227 
142 162 
100 128 
98 56 
116 153 
102 77 
124 85 
146 163 
1 41 
85 57 
76 27 
237 228 
242 253 
218 214 
255 250 
199 216 
210 200 
70 26 
167 148 
241 234 
20 12 
108 101 
8 9 
180 188 
114 110 
122 170 
255 255 
66 108 
163 186 
7 33 
230 220 
87 79 
199 203 
193 185 
251 250 
241 253 
23 109 
22 111 
39 3 
246 238 
1 35 
105 73 
130 89 
165 175 
2 64 
180 155 
23 1 
45 51 
191 197 
144 179 
219 208 
152 137 
80 127 
47 8 
99 97 
118 106 
159 168 
15 15 
211 208 
201 189 
71 24 
6 86 
105 76 
240 241 
168 187 
19 53 
242 246 
51 10 
159 144 
154 130 
99 59 
80 65 
242 252 
204 204 
169 140 
99 73 
4 80 
30 43 
9 10 
245 241 
183 180 
56 13 
50 66 
226 226 
69 22 
15 5 
3 27 
157 123 
248 234 
213 231 
166 171 
48 49 
142 124 
59 30 
146 106 
208 204 
177 148 
64 45 
151 167 
188 182 
23 0 
255 255 
179 150 
252 240 
183 192 
65 64 
91 91 
206 195 
152 162 
226 217 
204 211 
211 227 
200 190 
69 22 
142 104 
236 252 
233 227 
190 203 
138 118 
52 18 
195 185 
134 96 
200 198 
6 20 
123 115 
141 148 
157 141 
45 7 
34 106 
101 99 
217 206 
219 218 
251 246 
32 59 
44 15 
160 133 
136 120 
219 226 
156 176 
187 164 
201 192 
177 182 
233 251 
71 84 
189 157 
84 70 
194 184 
13 48 
144 177 
195 187 
162 172 
255 255 
207 222 
249 248 
186 200 
242 229 
37 53 
237 252 
121 152 
162 181 
69 119 
236 247 
89 43 
123 119 
215 210 
31 24 
68 51 
90 57 
1 50 
184 160 
14 16 
163 140 
146 114 
10 17 
54 73 
185 179 
141 172 
24 87 
13 95 
216 204 
109 97 
25 37 
185 201 
237 225 
165 138 
115 144 
252 239 
165 171 
94 158 
215 202 
219 226 
255 248 
107 154 
177 184 
136 109 
32 3 
177 146 
87 64 
91 77 
252 255 
58 61 
238 224 
52 12 
111 126 
109 74 
68 27 
212 229 
108 165 
31 54 
21 20 
210 200 
58 26 
214 240 
128 173 
15 3 
200 208 
91 58 
198 200 
162 143 
142 155 
194 205 
96 58 
164 169 
219 209 
11 24 
180 159 
126 87 
255 255 
250 240 
184 159 
118 98 
21 27 
224 220 
242 244 
79 89 
158 124 
74 63 
22 4 
78 73 
188 157 
113 93 
23 29 
232 238 
242 255 
158 167 
247 251 
57 47 
243 253 
255 248 
132 97 
233 221 
127 112 
185 194 
167 172 
168 136 
238 226 
236 228 
183 162 
73 26 
125 142 
73 146 
141 123 
249 237 
224 231 
97 63 
155 128 
143 126 
181 178 
111 165 
52 48 
252 250 
12 98 
189 161 
170 142 
39 61 
232 250 
83 77 
241 229 
218 208 
152 164 
154 163 
7 15 
185 197 
18 32 
195 185 
134 122 
103 98 
147 166 
50 62 
25 2 
186 201 
25 9 
64 67 
151 131 
239 228 
99 122 
171 139 
119 166 
118 111 
250 246 
138 124 
155 176 
16 47 
61 74 
151 126 
30 46 
195 209 
225 249 
156 182 
145 121 
102 98 
9 93 
86 75 
223 210 
99 60 
81 62 
97 66 
2 64 
234 225 
210 206 
161 147 
182 194 
255 255 
40 82 
179 178 
176 188 
245 255 
62 56 
91 70 
67 20 
52 29 
121 144 
220 219 
121 167 
153 124 
95 75 
120 163 
201 199 
217 219 
193 189 
85 67 
148 161 
124 170 
253 241 
134 109 
60 66 
189 193 
110 94 
45 40 
227 216 
225 230 
19 20 
175 192 
243 235 
23 9 
171 151 
201 192 
254 245 
88 83 
121 103 
100 72 
88 154 
183 191 
92 83 
217 244 
75 44 
53 12 
239 234 
121 123 
234 247 
202 213 
202 214 
196 200 
31 4 
67 22 
114 162 
34 36 
240 233 
65 87 
132 93 
76 81 
101 79 
28 19 
233 219 
245 233 
124 85 
108 105 
169 141 
204 196 
111 133 
51 56 
169 172 
103 60 
202 199 
214 203 
15 11 
216 225 
192 194 
222 241 
255 255 
152 179 
169 171 
109 130 
206 209 
85 45 
135 139 
100 106 
10 29 
147 159 
126 147 
241 227 
236 252 
42 39 
196 189 
32 1 
112 99 
152 113 
10 36 
247 253 
241 243 
255 255 
221 238 
36 4 
122 109 
35 15 
46 30 
43 56 
180 146 
53 39 
208 208 
210 215 
125 140 
211 208 
84 63 
193 195 
87 52 
44 25 
133 110 
72 28 
128 108 
78 114 
154 182 
35 33 
55 103 
54 12 
179 185 
26 10 
89 84 
57 39 
213 201 
132 145 
88 110 
213 234 
163 175 
209 198 
138 121 
161 148 
156 120 
173 147 
44 42 
245 232 
115 82 
41 15 
49 13 
80 155 
209 224 
122 164 
173 147 
35 7 
159 179 
95 89 
146 130 
100 144 
146 120 
28 42 
142 149 
213 215 
50 36 
211 221 
76 35 
25 15 
168 150 
71 78 
171 140 
124 119 
9 36 
128 173 
83 94 
60 22 
159 133 
254 251 
228 217 
135 151 
4 73 
232 231 
185 181 
54 131 
77 50 
202 199 
9 92 
234 252 
199 168 
210 201 
60 17 
214 208 
148 179 
117 150 
97 131 
98 71 
76 62 
22 0 
190 183 
181 157 
247 233 
56 13 
170 177 
62 44 
228 222 
95 78 
91 87 
155 134 
133 153 
135 98 
34 117 
137 117 
44 12 
33 9 
5 81 
33 54 
45 52 
61 64 
255 247 
34 99 
165 187 
182 156 
207 207 
57 14 
59 65 
52 86 
123 164 
137 175 
138 101 
113 126 
69 71 
140 126 
63 71 
28 68 
195 191 
85 62 
77 111 
101 160 
236 252 
36 2 
58 22 
172 173 
175 191 
156 134 
39 15 
93 86 
128 92 
94 102 
220 218 
108 101 
72 24 
67 38 
203 196 
116 106 
70 35 
24 1 
240 226 
116 78 
239 229 
124 159 
239 225 
13 6 
27 23 
116 148 
105 118 
35 28 
8 44 
216 219 
34 125 
64 19 
143 156 
101 112 
87 41 
150 127 
186 185 
10 9 
117 96 
36 11 
238 242 
101 98 
4 32 
190 184 
1 62 
138 166 
159 172 
30 18 
196 187 
58 14 
40 3 
183 155 
49 11 
140 160 
148 132 
15 102 
247 241 
204 195 
17 102 
15 102 
166 152 
21 0 
93 88 
186 159 
176 146 
208 224 
239 241 
12 4 
65 31 
96 97 
207 215 
33 89 
88 75 
142 166 
235 234 
53 48 
252 240 
119 138 
6 84 
48 12 
165 179 
2 52 
4 78 
29 6 
174 156 
204 194 
106 161 
210 225 
154 163 
215 238 
53 14 
218 212 
199 189 
150 111 
185 189 
201 200 
3 76 
149 120 
251 255 
52 16 
113 74 
216 225 
154 133 
94 70 
9 45 
235 223 
209 199 
98 65 
129 92 
66 25 
87 104 
2 40 
211 232 
116 138 
250 249 
30 2 
70 78 
250 244 
203 193 
19 107 
95 78 
110 154 
108 112 
75 88 
97 79 
247 234 
91 89 
35 52 
244 232 
60 42 
192 194 
20 75 
110 152 
128 111 
97 118 
118 74 
249 254 
89 108 
157 123 
180 146 
7 84 
18 6 
20 100 
109 64 
188 198 
113 163 
248 255 
202 193 
126 85 
133 151 
249 235 
174 146 
141 116 
185 195 
185 184 
19 104 
90 111 
93 158 
168 153 
80 72 
126 89 
225 211 
149 110 
139 156 
135 99 
10 50 
117 111 
77 66 
10 46 
206 224 
167 140 
89 71 
48 94 
130 121 
145 155 
225 214 
168 139 
141 114 
228 216 
226 213 
190 193 
215 202 
185 194 
109 100 
203 215 
139 155 
107 88 
134 105 
187 162 
182 177 
183 185 
81 30 
192 184 
62 22 
121 94 
22 21 
62 66 
112 163 
197 213 
255 255 
5 83 
218 207 
137 97 
181 177 
176 148 
207 196 
230 215 
116 132 
246 235 
104 69 
134 161 
146 162 
118 89 
63 17 
178 178 
177 180 
132 105 
121 103 
30 45 
74 35 
176 151 
119 168 
177 144 
221 231 
78 59 
102 83 
212 224 
82 127 
130 95 
215 204 
236 251 
151 114 
155 180 
197 215 
252 240 
166 171 
37 88 
215 219 
247 243 
23 2 
198 199 
63 69 
165 146 
155 139 
19 30 
53 82 
253 255 
105 67 
21 33 
243 255 
231 236 
208 212 
41 62 
168 149 
134 147 
82 121 
198 203 
162 138 
130 117 
106 96 
255 255 
34 3 
177 151 
169 175 
41 128 
211 204 
255 246 
115 104 
230 215 
96 158 
67 21 
167 141 
255 246 
22 38 
248 254 
57 130 
174 177 
255 250 
183 153 
227 241 
242 248 
150 135 
176 180 
36 39 
155 138 
51 138 
188 203 
173 141 
17 93 
243 243 
112 72 
141 176 
87 59 
104 123 
184 198 
211 202 
198 211 
110 140 
72 62 
87 80 
149 175 
226 226 
158 143 
232 217 
134 109 
111 116 
229 246 
73 94 
202 191 
215 220 
242 253 
117 85 
35 2 
49 46 
95 124 
64 71 
205 214 
78 44 
39 4 
187 203 
237 224 
9 82 
30 11 
85 47 
46 50 
41 84 
79 126 
45 9 
255 255 
5 82 
233 229 
237 227 
110 164 
72 126 
37 54 
31 34 
154 166 
129 163 
196 162 
66 70 
129 151 
129 168 
179 187 
47 49 
230 240 
133 159 
222 232 
29 1 
161 132 
1 66 
95 47 
64 74 
254 255 
12 8 
223 212 
22 111 
72 140 
5 23 
106 160 
120 98 
60 19 
95 99 
247 235 
33 25 
255 255 
233 251 
148 131 
21 35 
224 223 
140 173 
7 12 
149 133 
125 112 
237 225 
205 202 
170 142 
73 49 
237 253 
37 74 
6 87 
27 112 
35 88 
3 77 
232 236 
96 132 
196 186 
228 236 
255 255 
169 145 
13 100 
44 55 
249 237 
255 252 
195 186 
96 128 
149 131 
172 143 
64 40 
246 243 
211 209 
99 63 
2 68 
192 196 
82 52 
96 72 
3 33 
198 205 
223 222 
151 160 
230 222 
37 14 
230 245 
255 255 
69 24 
112 99 
139 121 
173 140 
103 127 
172 144 
7 42 
47 42 
181 177 
25 114 
208 212 
69 81 
39 53 
76 95 
47 38 
98 158 
34 8 
95 106 
49 135 
132 96 
111 122 
175 181 
165 149 
187 181 
174 145 
53 32 
137 151 
11 41 
156 170 
2 39 
218 217 
236 227 
191 166 
238 254 
117 118 
213 204 
56 13 
141 108 
78 51 
168 146 
202 190 
161 173 
40 5 
75 38 
42 18 
255 244 
152 133 
16 46 
153 169 
144 104 
115 149 
255 252 
186 192 
42 40 
150 126 
147 108 
209 200 
168 173 
205 193 
158 133 
69 36 
195 161 
233 218 
94 94 
53 14 
101 72 
26 38 
146 179 
21 101 
38 32 
151 113 
200 189 
131 94 
112 163 
244 232 
166 137 
183 158 
149 124 
255 255 
2 65 
15 99 
133 115 
107 163 
255 255 
165 135 
146 104 
184 199 
65 38 
133 111 
181 153 
17 104 
16 102 
84 111 
229 226 
93 125 
206 206 
47 135 
209 218 
167 173 
120 169 
200 198 
26 3 
45 24 
144 166 
202 191 
46 31 
18 27 
255 255 
167 173 
132 105 
70 75 
240 253 
80 79 
165 138 
39 14 
125 157 
220 214 
107 98 
93 49 
230 236 
166 142 
11 39 
198 213 
235 250 
123 151 
6 30 
102 61 
193 195 
43 37 
145 153 
48 15 
138 162 
145 129 
165 150 
239 229 
54 64 
118 77 
255 248 
29 19 
86 123 
167 184 
154 181 
13 30 
41 14 
187 182 
59 25 
246 254 
14 26 
157 179 
3 75 
104 76 
126 113 
148 161 
33 57 
110 108 
6 88 
229 242 
120 123 
2 71 
181 178 
177 176 
22 40 
245 231 
214 213 
117 149 
247 237 
193 210 
140 157 
177 153 
61 74 
173 188 
127 169 
163 134 
250 239 
10 34 
42 28 
61 50 
254 244 
81 53 
76 54 
157 142 
105 70 
99 95 
18 29 
194 199 
30 37 
87 35 
31 0 
157 124 
162 128 
150 131 
34 16 
21 5 
242 228 
109 161 
156 141 
171 141 
175 146 
122 132 
157 131 
230 249 
182 157 
227 244 
4 19 
51 14 
125 154 
253 255 
15 13 
5 80 
70 58 
204 207 
148 109 
57 16 
75 66 
18 7 
255 255 
235 252 
42 59 
89 51 
164 169 
230 249 
144 129 
245 253 
0 59 
235 224 
196 187 
43 8 
235 248 
255 251 
108 74 
97 135 
1 66 
223 221 
118 100 
176 192 
225 221 
115 104 
65 30 
183 159 
85 58 
113 110 
119 102 
169 189 
19 7 
103 162 
254 247 
223 217 
148 121 
92 102 
23 25 
72 60 
112 108 
22 27 
12 76 
189 159 
141 159 
17 33 
91 79 
189 195 
252 245 
25 35 
114 152 
68 40 
77 39 
150 127 
217 216 
33 48 
136 113 
83 73 
192 203 
72 37 
194 164 
214 229 
5 73 
154 137 
172 175 
225 217 
255 255 
193 196 
224 216 
229 239 
15 6 
184 187 
81 61 
185 200 
255 255 
36 2 
60 38 
208 205 
16 27 
1 63 
255 255 
186 181 
203 215 
251 255 
137 110 
209 216 
70 71 
81 33 
243 253 
51 31 
105 125 
254 246 
114 124 
158 176 
199 165 
21 10 
123 106 
121 87 
115 116 
178 176 
225 222 
114 74 
21 28 
224 211 
215 230 
250 237 
85 72 
162 127 
1 60 
46 43 
56 75 
219 214 
3 58 
60 78 
60 43 
2 57 
221 211 
103 59 
234 221 
23 91 
116 129 
150 113 
209 223 
247 255 
204 218 
117 114 
6 85 
56 141 
64 22 
69 22 
218 230 
54 52 
78 100 
68 77 
250 251 
94 81 
107 128 
251 255 
16 13 
75 73 
69 118 
5 82 
187 203 
17 23 
235 232 
221 232 
31 0 
173 156 
177 177 
198 195 
23 114 
79 80 
45 6 
90 107 
246 254 
27 17 
154 117 
159 136 
126 109 
155 164 
67 33 
120 129 
108 137 
1 60 
79 56 
115 110 
0 39 
255 255 
50 38 
166 132 
135 119 
53 23 
36 36 
68 34 
194 201 
230 227 
90 126 
65 20 
86 122 
252 249 
185 181 
124 120 
19 23 
101 116 
248 241 
16 19 
28 121 
1 43 
156 165 
11 33 
213 225 
70 50 
91 132 
53 61 
234 252 
155 166 
214 202 
255 255 
185 158 
43 21 
50 32 
9 14 
95 59 
192 197 
76 79 
20 107 
195 206 
101 68 
51 135 
213 212 
211 202 
208 209 
97 55 
187 183 
97 55 
210 206 
4 18 
113 164 
46 14 
57 19 
86 68 
45 41 
255 255 
11 20 
22 105 
117 91 
12 95 
151 169 
242 242 
73 30 
118 82 
185 187 
44 7 
48 13 
96 159 
236 225 
28 1 
165 131 
87 79 
166 181 
175 186 
206 170 
57 113 
9 92 
139 177 
255 255 
72 42 
255 255 
43 14 
8 40 
53 106 
222 220 
246 254 
113 164 
255 255 
228 238 
255 246 
1 63 
136 94 
234 239 
91 91 
219 234 
183 190 
50 16 
90 60 
15 43 
124 84 
43 76 
29 20 
244 230 
84 73 
92 154 
163 150 
6 69 
22 81 
68 85 
164 130 
173 186 
255 255 
9 16 
89 81 
255 246 
156 121 
84 93 
221 216 
97 80 
236 250 
224 245 
9 30 
15 10 
181 147 
6 66 
182 151 
29 55 
232 219 
37 34 
31 2 
237 248 
145 119 
173 142 
57 58 
180 195 
185 199 
136 175 
111 166 
187 202 
197 190 
255 255 
180 149 
79 63 
129 167 
106 107 
31 33 
128 87 
129 88 
172 182 
131 103 
202 191 
188 181 
254 242 
18 91 
62 24 
27 14 
53 56 
27 0 
250 255 
150 114 
84 61 
253 255 
8 88 
51 12 
84 57 
246 254 
226 224 
198 187 
131 169 
129 112 
103 67 
48 43 
226 239 
43 55 
201 216 
203 194 
147 125 
42 5 
163 171 
135 116 
63 52 
106 99 
29 120 
255 255 
216 233 
51 10 
19 1 
50 10 
149 127 
57 14 
177 191 
124 137 
135 108 
203 190 
79 88 
28 30 
238 250 
16 35 
161 134 
189 205 
226 215 
207 221 
75 83 
180 154 
40 9 
16 15 
184 186 
189 183 
28 95 
242 253 
84 68 
240 253 
143 158 
152 175 
255 255 
160 126 
133 174 
54 33 
210 201 
39 86 
229 246 
124 152 
119 79 
96 91 
159 144 
56 96 
192 190 
92 82 
241 228 
110 95 
255 255 
47 13 
238 227 
48 11 
180 155 
93 75 
101 76 
186 187 
46 24 
221 217 
15 28 
9 12 
196 188 
30 109 
89 93 
159 124 
38 131 
157 127 
60 22 
193 198 
20 5 
192 206 
52 54 
99 79 
142 111 
248 238 
83 32 
160 135 
102 61 
162 139 
119 165 
156 176 
31 35 
140 100 
75 83 
26 12 
176 190 
143 178 
52 66 
94 129 
127 91 
53 18 
32 11 
245 254 
234 249 
5 21 
161 140 
62 25 
161 171 
189 183 
135 175 
91 88 
255 255 
108 127 
92 66 
162 184 
131 151 
109 128 
94 79 
255 255 
253 242 
12 43 
145 158 
51 10 
231 217 
132 134 
203 166 
206 213 
35 27 
117 113 
152 129 
38 19 
225 223 
109 87 
155 181 
122 80 
107 90 
18 67 
26 27 
167 174 
71 70 
150 127 
31 10 
127 109 
178 147 
15 101 
140 159 
7 89 
231 220 
147 123 
117 97 
79 115 
42 23 
145 125 
186 155 
12 47 
80 90 
253 255 
33 22 
83 39 
173 144 
239 233 
163 136 
26 19 
161 142 
66 67 
49 11 
179 183 
158 134 
157 130 
219 210 
41 129 
132 174 
21 3 
98 70 
108 142 
243 254 
117 78 
125 97 
187 201 
106 67 
238 251 
47 13 
83 118 
20 31 
242 231 
112 137 
132 100 
19 1 
205 203 
39 3 
108 137 
117 156 
84 67 
153 164 
206 215 
72 98 
164 170 
128 167 
62 40 
70 107 
95 77 
30 108 
212 209 
130 167 
8 91 
17 3 
247 236 
83 88 
118 130 
69 72 
246 239 
181 151 
186 155 
32 110 
135 138 
191 196 
50 13 
26 12 
169 175 
153 180 
88 77 
59 26 
100 121 
208 198 
28 2 
204 217 
144 159 
74 26 
136 121 
62 64 
209 220 
13 5 
112 121 
187 201 
227 233 
105 132 
211 211 
86 51 
255 255 
115 97 
85 103 
217 227 
170 187 
45 49 
153 171 
133 114 
136 98 
160 145 
12 22 
137 161 
6 61 
221 241 
220 217 
23 113 
104 139 
162 148 
227 223 
54 24 
206 205 
208 204 
135 175 
21 89 
207 218 
34 9 
215 213 
22 1 
65 35 
15 45 
255 255 
109 83 
210 199 
91 42 
160 168 
252 246 
138 123 
53 17 
197 192 
189 161 
42 10 
255 255 
162 133 
63 69 
83 154 
66 64 
53 102 
184 178 
214 241 
100 87 
112 84 
52 44 
222 211 
18 1 
131 95 
230 225 
27 26 
218 234 
243 248 
152 135 
245 255 
152 181 
157 131 
40 28 
93 49 
201 194 
93 82 
223 209 
195 207 
216 215 
112 78 
104 72 
107 90 
186 189 
255 255 
18 33 
211 199 
50 13 
228 243 
8 90 
5 80 
66 86 
67 73 
220 222 
212 208 
183 156 
8 11 
31 44 
68 70 
87 89 
45 28 
124 107 
189 192 
231 227 
255 255 
121 155 
89 60 
81 58 
131 118 
238 239 
193 184 
71 65 
166 174 
94 138 
175 143 
127 171 
229 227 
114 166 
24 47 
137 155 
232 222 
18 87 
148 133 
253 242 
254 252 
170 139 
40 118 
254 255 
87 95 
127 92 
139 113 
192 186 
245 254 
197 196 
46 52 
87 89 
172 189 
170 174 
154 117 
94 72 
143 114 
168 147 
45 46 
125 82 
163 135 
95 86 
92 50 
130 113 
236 232 
248 239 
190 195 
17 100 
4 77 
160 137 
241 242 
81 61 
56 55 
204 213 
41 50 
158 123 
104 101 
137 165 
236 230 
12 28 
209 227 
151 128 
194 197 
74 25 
207 177 
235 247 
12 11 
203 216 
143 115 
101 62 
77 62 
42 79 
143 109 
128 169 
64 29 
199 207 
106 65 
169 152 
35 34 
25 2 
133 97 
241 232 
191 184 
138 97 
20 27 
164 180 
163 182 
217 212 
212 201 
138 163 
138 154 
235 242 
203 194 
198 189 
243 245 
14 12 
248 247 
37 56 
20 18 
67 32 
43 7 
202 215 
147 159 
112 167 
211 207 
59 69 
68 84 
212 231 
229 238 
101 119 
57 20 
18 105 
38 6 
206 221 
127 149 
126 112 
58 122 
182 157 
193 184 
249 238 
62 39 
71 68 
53 99 
34 10 
196 211 
55 37 
39 43 
159 133 
194 197 
171 142 
255 255 
184 194 
192 199 
88 45 
171 174 
199 205 
255 255 
110 70 
192 159 
106 100 
46 53 
40 4 
149 180 
112 71 
119 165 
72 25 
201 213 
189 186 
124 105 
226 229 
54 47 
82 43 
252 250 
132 160 
195 200 
162 183 
175 144 
170 174 
207 203 
27 35 
162 135 
254 255 
105 105 
93 154 
124 83 
37 44 
29 7 
25 7 
128 168 
157 170 
154 118 
88 59 
126 104 
65 116 
121 107 
131 104 
243 234 
43 39 
109 109 
206 202 
140 176 
213 229 
255 247 
110 161 
48 39 
66 20 
102 84 
116 94 
3 32 
244 231 
106 61 
230 243 
248 236 
82 85 
173 142 
195 202 
255 255 
25 0 
42 5 
222 211 
159 171 
188 182 
123 105 
185 200 
71 83 
241 243 
168 176 
120 99 
64 44 
40 11 
246 238 
83 86 
134 106 
21 0 
51 17 
209 205 
191 198 
42 128 
231 229 
194 193 
70 44 
98 103 
99 156 
163 148 
224 219 
184 160 
136 176 
255 255 
122 107 
160 135 
255 255 
170 139 
125 173 
151 168 
88 48 
245 247 
223 242 
64 36 
27 110 
126 85 
71 89 
24 41 
96 67 
61 56 
184 181 
65 46 
197 193 
78 71 
146 160 
63 39 
255 255 
107 76 
186 199 
18 10 
226 241 
31 29 
19 4 
3 74 
17 5 
27 10 
202 166 
111 100 
182 187 
177 175 
220 216 
190 194 
80 71 
43 41 
18 45 
5 33 
157 168 
66 20 
7 88 
246 245 
234 250 
107 82 
80 111 
244 229 
238 237 
33 63 
114 94 
76 151 
81 82 
221 220 
201 207 
190 197 
201 216 
149 164 
208 204 
86 47 
135 123 
203 167 
54 28 
255 255 
96 78 
188 197 
255 255 
99 64 
178 175 
143 172 
201 208 
71 27 
128 157 
164 136 
196 208 
54 14 
10 41 
122 156 
206 218 
155 129 
118 123 
95 71 
121 166 
255 255 
9 34 
187 195 
247 235 
217 212 
79 80 
27 115 
21 97 
65 27 
135 152 
126 118 
32 45 
98 75 
62 59 
97 90 
101 70 
144 121 
179 194 
43 31 
11 6 
131 111 
89 113 
107 88 
153 135 
233 233 
15 4 
27 1 
75 27 
135 115 
77 28 
43 6 
95 99 
25 100 
120 86 
2 59 
36 29 
240 253 
151 130 
175 177 
225 211 
56 40 
110 111 
190 159 
235 223 
255 255 
155 118 
8 90 
125 121 
154 136 
126 86 
122 116 
17 48 
55 61 
250 255 
215 215 
176 145 
244 230 
148 122 
34 124 
248 250 
115 156 
202 192 
86 108 
139 118 
169 189 
23 4 
24 46 
146 113 
181 178 
212 204 
181 154 
253 255 
122 108 
68 51 
231 247 
15 73 
61 139 
78 76 
40 45 
86 71 
208 199 
106 138 
68 21 
170 139 
231 218 
105 101 
34 80 
246 234 
47 8 
186 179 
190 205 
247 253 
39 55 
100 77 
152 114 
67 60 
185 181 
10 37 
29 47 
222 209 
254 255 
250 255 
248 255 
45 9 
251 255 
45 7 
189 195 
153 171 
164 148 
111 88 
220 209 
158 167 
208 226 
170 186 
111 93 
36 41 
4 75 
148 122 
20 67 
191 183 
93 119 
142 120 
93 100 
82 41 
4 25 
252 255 
239 244 
17 11 
95 73 
226 219 
3 73 
119 113 
255 255 
255 255 
229 244 
3 74 
227 220 
17 2 
127 167 
99 67 
134 101 
214 226 
159 171 
150 162 
162 184 
188 181 
227 178 
171 143 
176 190 
255 255 
118 168 
185 199 
184 179 
104 135 
51 18 
118 166 
141 164 
196 202 
21 14 
134 149 
55 14 
194 188 
98 98 
77 63 
223 232 
69 22 
179 149 
82 60 
216 204 
58 14 
220 233 
39 50 
255 255 
123 160 
213 206 
176 141 
83 87 
232 223 
193 194 
82 38 
97 110 
242 243 
90 56 
141 178 
215 213 
248 237 
36 8 
138 125 
93 152 
79 37 
17 17 
119 127 
65 26 
174 174 
199 188 
127 164 
58 39 
99 85 
125 168 
135 118 
147 162 
38 93 
48 9 
68 95 
129 113 
194 185 
173 179 
218 206 
226 231 
212 211 
104 151 
247 234 
52 10 
223 228 
15 100 
24 0 
255 255 
16 9 
49 10 
249 254 
65 136 
51 47 
76 89 
215 209 
89 106 
58 70 
49 139 
124 170 
23 33 
125 115 
75 34 
82 118 
33 5 
71 83 
12 36 
176 182 
125 86 
135 94 
75 41 
202 210 
143 167 
41 36 
233 229 
142 124 
113 133 
192 206 
231 228 
133 170 
5 84 
173 149 
4 36 
61 55 
209 223 
37 112 
235 228 
26 119 
33 34 
206 202 
11 96 
97 57 
62 21 
136 174 
239 226 
84 34 
14 3 
137 104 
71 23 
254 243 
232 246 
220 215 
60 95 
55 49 
120 78 
11 38 
236 223 
190 163 
238 252 
74 70 
80 34 
178 185 
198 204 
130 104 
10 28 
181 177 
118 164 
102 64 
213 210 
3 37 
86 90 
147 167 
49 101 
42 5 
43 5 
218 241 
132 94 
160 125 
99 58 
247 254 
218 215 
88 57 
105 95 
41 29 
213 240 
155 140 
128 119 
164 175 
76 47 
147 129 
7 39 
115 80 
105 68 
79 30 
193 198 
46 34 
254 240 
66 26 
20 104 
154 177 
196 187 
34 21 
221 232 
63 62 
155 130 
139 173 
232 225 
143 117 
252 239 
27 32 
167 137 
159 144 
237 230 
132 163 
175 191 
220 241 
81 150 
93 60 
50 36 
231 226 
180 183 
180 193 
108 134 
253 255 
227 246 
36 111 
58 131 
226 237 
51 50 
169 143 
255 250 
55 17 
73 57 
203 210 
159 134 
84 43 
138 158 
219 207 
234 221 
14 41 
228 213 
106 65 
207 199 
122 126 
218 212 
213 201 
63 20 
252 244 
92 90 
38 39 
224 240 
203 191 
224 222 
149 108 
139 106 
215 232 
69 61 
255 255 
255 255 
145 109 
159 127 
52 49 
136 109 
54 43 
195 202 
9 42 
37 17 
143 178 
24 42 
227 248 
66 68 
240 229 
133 122 
255 255 
181 188 
163 135 
255 255 
177 145 
24 51 
70 23 
31 40 
141 115 
23 6 
78 70 
152 134 
37 35 
237 228 
192 193 
109 122 
62 37 
150 166 
255 255 
128 93 
61 51 
56 66 
61 16 
245 233 
205 194 
74 73 
190 194 
154 137 
244 235 
168 153 
99 100 
12 97 
117 136 
68 150 
147 126 
87 137 
213 211 
20 1 
83 71 
19 2 
47 93 
255 255 
136 96 
234 223 
40 62 
37 9 
115 103 
170 155 
73 126 
116 123 
56 76 
28 4 
147 179 
179 148 
191 194 
251 240 
238 229 
39 4 
89 122 
179 149 
214 226 
10 94 
171 142 
183 157 
59 34 
147 178 
210 198 
16 2 
130 157 
246 253 
198 198 
197 191 
178 152 
32 103 
52 131 
6 86 
221 244 
92 55 
61 19 
185 187 
151 114 
133 92 
212 237 
230 218 
235 222 
140 99 
24 49 
197 196 
251 241 
196 188 
145 160 
102 157 
52 89 
248 236 
156 133 
44 38 
184 187 
255 246 
204 201 
254 251 
217 233 
255 255 
144 177 
8 19 
36 53 
168 139 
212 207 
105 161 
205 218 
208 214 
160 169 
30 55 
102 118 
248 237 
116 156 
12 95 
61 45 
17 13 
134 155 
18 16 
255 255 
90 152 
100 84 
89 56 
153 134 
171 142 
232 230 
94 65 
189 194 
55 12 
222 223 
180 176 
171 185 
103 152 
89 107 
216 212 
160 184 
11 45 
14 44 
130 111 
177 186 
116 115 
214 241 
120 107 
29 11 
216 232 
19 17 
157 142 
255 251 
38 38 
223 239 
123 141 
210 219 
10 92 
24 40 
75 61 
180 147 
46 32 
127 142 
250 238 
75 26 
43 29 
73 53 
27 2 
36 128 
28 17 
113 140 
227 225 
51 12 
54 49 
87 69 
63 64 
14 22 
232 241 
17 8 
207 197 
209 201 
16 38 
204 202 
55 14 
161 136 
127 94 
73 93 
156 170 
229 232 
88 68 
57 31 
137 156 
140 165 
137 122 
55 107 
19 1 
12 45 
231 223 
215 231 
106 109 
121 127 
112 128 
160 132 
255 250 
231 229 
2 65 
158 136 
255 246 
71 67 
183 185 
233 224 
235 231 
78 55 
94 51 
123 113 
133 122 
59 23 
121 168 
57 17 
154 117 
16 74 
137 176 
50 39 
136 120 
233 228 
146 120 
72 34 
255 255 
96 114 
18 99 
102 90 
211 201 
87 137 
41 8 
166 172 
253 251 
109 103 
221 212 
198 188 
52 11 
100 77 
93 83 
173 138 
68 21 
218 232 
23 1 
206 217 
81 58 
12 7 
205 195 
7 78 
161 129 
93 53 
246 254 
33 12 
33 63 
85 56 
231 237 
133 176 
139 166 
244 247 
151 135 
70 107 
186 193 
112 69 
114 149 
214 230 
45 8 
253 240 
249 254 
0 46 
224 222 
67 80 
124 96 
193 184 
208 171 
243 228 
11 21 
161 183 
201 168 
233 227 
47 38 
198 218 
235 222 
221 214 
69 24 
75 78 
4 72 
13 5 
182 152 
25 113 
26 5 
226 239 
143 128 
255 248 
64 147 
81 31 
116 84 
250 251 
24 52 
2 41 
149 125 
108 77 
82 107 
14 4 
65 61 
111 93 
51 15 
66 115 
119 92 
182 181 
19 45 
64 69 
119 161 
5 27 
198 190 
138 117 
220 245 
219 228 
70 48 
169 172 
0 54 
48 60 
255 255 
163 137 
104 58 
184 154 
160 184 
14 51 
166 151 
44 7 
98 81 
251 249 
255 246 
143 174 
109 81 
196 189 
155 180 
43 13 
255 255 
59 18 
204 203 
210 227 
7 81 
15 31 
129 101 
56 17 
228 225 
13 99 
233 239 
213 212 
148 158 
125 86 
134 99 
6 16 
163 145 
233 220 
188 157 
87 46 
6 82 
191 183 
14 10 
9 90 
160 172 
58 36 
55 90 
167 142 
200 211 
142 119 
38 110 
88 36 
32 126 
67 42 
224 222 
50 32 
228 219 
50 53 
24 24 
21 108 
21 4 
239 245 
10 10 
255 255 
162 169 
29 9 
239 253 
211 199 
175 176 
149 162 
57 67 
0 59 
12 12 
44 11 
89 48 
148 126 
63 17 
177 149 
26 112 
174 178 
186 190 
114 94 
136 98 
169 138 
156 136 
145 103 
163 186 
211 219 
232 217 
168 134 
137 121 
168 173 
245 232 
158 131 
235 229 
49 8 
110 65 
194 186 
44 48 
73 25 
22 5 
25 16 
175 190 
75 96 
91 76 
200 191 
184 154 
227 214 
159 145 
172 145 
187 191 
22 31 
233 221 
119 165 
127 99 
217 206 
196 200 
197 191 
25 0 
230 216 
248 255 
255 255 
0 50 
107 98 
