2 256
0 0.0192414
0.0192414 0.027309
0.027309 0.0338579
0.0338579 0.0397462
0.0397462 0.0453997
0.0453997 0.0489343
0.0489343 0.0529397
0.0529397 0.0573849
0.0573849 0.0596731
0.0596731 0.0622384
0.0622384 0.0649295
0.0649295 0.067453
0.067453 0.0703151
0.0703151 0.0717773
0.0717773 0.0734486
0.0734486 0.0748952
0.0748952 0.0770109
0.0770109 0.0791795
0.0791795 0.0805714
0.0805714 0.0825676
0.0825676 0.085961
0.085961 0.0883714
0.0883714 0.0903729
0.0903729 0.0923886
0.0923886 0.0941166
0.0941166 0.0965306
0.0965306 0.0982627
0.0982627 0.100824
0.100824 0.102905
0.102905 0.104812
0.104812 0.105974
0.105974 0.107655
0.107655 0.109191
0.109191 0.110913
0.110913 0.112945
0.112945 0.114306
0.114306 0.11553
0.11553 0.117179
0.117179 0.118567
0.118567 0.119683
0.119683 0.121146
0.121146 0.122335
0.122335 0.124023
0.124023 0.125457
0.125457 0.127025
0.127025 0.128102
0.128102 0.129372
0.129372 0.130262
0.130262 0.131624
0.131624 0.132608
0.132608 0.133785
0.133785 0.135374
0.135374 0.136233
0.136233 0.137339
0.137339 0.138245
0.138245 0.139401
0.139401 0.140315
0.140315 0.1416
0.1416 0.14249
0.14249 0.143549
0.143549 0.144624
0.144624 0.145667
0.145667 0.146796
0.146796 0.147812
0.147812 0.14857
0.14857 0.149655
0.149655 0.150805
0.150805 0.151905
0.151905 0.152881
0.152881 0.154035
0.154035 0.154855
0.154855 0.155771
0.155771 0.15679
0.15679 0.157577
0.157577 0.158771
0.158771 0.1598
0.1598 0.160741
0.160741 0.161709
0.161709 0.162986
0.162986 0.163891
0.163891 0.165368
0.165368 0.166276
0.166276 0.167245
0.167245 0.168365
0.168365 0.169324
0.169324 0.170185
0.170185 0.171304
0.171304 0.172817
0.172817 0.173847
0.173847 0.174956
0.174956 0.175951
0.175951 0.177378
0.177378 0.178216
0.178216 0.179546
0.179546 0.181271
0.181271 0.183078
0.183078 0.184276
0.184276 0.18553
0.18553 0.186789
0.186789 0.187762
0.187762 0.188792
0.188792 0.190408
0.190408 0.191765
0.191765 0.193107
0.193107 0.194047
0.194047 0.195411
0.195411 0.197338
0.197338 0.198803
0.198803 0.200245
0.200245 0.201551
0.201551 0.203069
0.203069 0.204938
0.204938 0.207006
0.207006 0.208437
0.208437 0.210323
0.210323 0.211844
0.211844 0.213116
0.213116 0.214764
0.214764 0.216096
0.216096 0.217245
0.217245 0.218332
0.218332 0.220043
0.220043 0.222103
0.222103 0.223709
0.223709 0.225591
0.225591 0.228125
0.228125 0.229918
0.229918 0.231742
0.231742 0.23326
0.23326 0.235295
0.235295 0.23673
0.23673 0.238116
0.238116 0.239382
0.239382 0.240722
0.240722 0.242336
0.242336 0.243655
0.243655 0.245321
0.245321 0.246344
0.246344 0.247813
0.247813 0.248891
0.248891 0.25015
0.25015 0.251702
0.251702 0.25331
0.25331 0.254907
0.254907 0.256463
0.256463 0.258007
0.258007 0.259801
0.259801 0.261781
0.261781 0.263935
0.263935 0.265494
0.265494 0.267587
0.267587 0.269171
0.269171 0.270516
0.270516 0.272404
0.272404 0.274244
0.274244 0.275921
0.275921 0.277753
0.277753 0.279581
0.279581 0.281576
0.281576 0.283234
0.283234 0.284644
0.284644 0.286469
0.286469 0.28777
0.28777 0.289678
0.289678 0.291651
0.291651 0.293409
0.293409 0.294743
0.294743 0.296315
0.296315 0.297744
0.297744 0.29907
0.29907 0.300532
0.300532 0.301961
0.301961 0.303032
0.303032 0.304369
0.304369 0.30555
0.30555 0.307223
0.307223 0.30923
0.30923 0.310997
0.310997 0.313531
0.313531 0.315356
0.315356 0.317969
0.317969 0.320491
0.320491 0.322563
0.322563 0.325851
0.325851 0.328427
0.328427 0.331439
0.331439 0.333513
0.333513 0.335866
0.335866 0.339283
0.339283 0.34247
0.34247 0.344706
0.344706 0.347144
0.347144 0.349014
0.349014 0.351394
0.351394 0.352929
0.352929 0.355099
0.355099 0.35754
0.35754 0.359623
0.359623 0.361784
0.361784 0.364106
0.364106 0.365946
0.365946 0.368082
0.368082 0.3699
0.3699 0.371229
0.371229 0.374123
0.374123 0.376824
0.376824 0.378863
0.378863 0.381585
0.381585 0.383943
0.383943 0.386155
0.386155 0.388063
0.388063 0.390281
0.390281 0.392123
0.392123 0.393864
0.393864 0.395407
0.395407 0.397026
0.397026 0.399005
0.399005 0.40119
0.40119 0.403189
0.403189 0.404275
0.404275 0.406002
0.406002 0.407624
0.407624 0.408803
0.408803 0.410466
0.410466 0.412084
0.412084 0.41382
0.41382 0.415332
0.415332 0.416338
0.416338 0.417763
0.417763 0.419423
0.419423 0.420797
0.420797 0.422114
0.422114 0.423635
0.423635 0.425025
0.425025 0.426895
0.426895 0.428851
0.428851 0.430994
0.430994 0.432265
0.432265 0.433982
0.433982 0.435389
0.435389 0.436593
0.436593 0.438114
0.438114 0.439814
0.439814 0.44057
0.44057 0.442014
0.442014 0.443751
0.443751 0.445162
0.445162 0.446651
0.446651 0.448173
0.448173 0.450013
0.450013 0.451491
0.451491 0.452896
0.452896 0.454636
0.454636 0.456351
0.456351 0.458912
0.458912 1.79769e+308
0 0.0120941
0.0120941 0.0178511
0.0178511 0.021678
0.021678 0.0243084
0.0243084 0.0268623
0.0268623 0.0288365
0.0288365 0.031326
0.031326 0.0335701
0.0335701 0.0357864
0.0357864 0.0379752
0.0379752 0.0394234
0.0394234 0.0409797
0.0409797 0.0433421
0.0433421 0.0450438
0.0450438 0.0467198
0.0467198 0.0480312
0.0480312 0.0501827
0.0501827 0.0513977
0.0513977 0.0530408
0.0530408 0.0543762
0.0543762 0.0557782
0.0557782 0.0571587
0.0571587 0.0583884
0.0583884 0.0596076
0.0596076 0.0607909
0.0607909 0.0621466
0.0621466 0.0638175
0.0638175 0.0650769
0.0650769 0.0668222
0.0668222 0.0683131
0.0683131 0.069804
0.069804 0.0715028
0.0715028 0.0725224
0.0725224 0.0738098
0.0738098 0.0756486
0.0756486 0.0768554
0.0768554 0.0782759
0.0782759 0.0797577
0.0797577 0.0817806
0.0817806 0.0832288
0.0832288 0.0842682
0.0842682 0.0855153
0.0855153 0.0870014
0.0870014 0.0881012
0.0881012 0.0895533
0.0895533 0.0907609
0.0907609 0.0924718
0.0924718 0.0936897
0.0936897 0.0951082
0.0951082 0.0963488
0.0963488 0.0974709
0.0974709 0.0994351
0.0994351 0.10084
0.10084 0.102187
0.102187 0.103173
0.103173 0.104598
0.104598 0.106749
0.106749 0.108422
0.108422 0.109833
0.109833 0.111415
0.111415 0.112798
0.112798 0.114135
0.114135 0.115612
0.115612 0.117158
0.117158 0.118641
0.118641 0.119946
0.119946 0.12115
0.12115 0.122627
0.122627 0.124122
0.124122 0.125871
0.125871 0.127319
0.127319 0.128728
0.128728 0.130023
0.130023 0.131224
0.131224 0.132346
0.132346 0.133592
0.133592 0.135337
0.135337 0.136431
0.136431 0.137358
0.137358 0.138908
0.138908 0.140078
0.140078 0.14147
0.14147 0.142088
0.142088 0.143413
0.143413 0.145085
0.145085 0.146562
0.146562 0.148065
0.148065 0.149033
0.149033 0.150115
0.150115 0.152105
0.152105 0.153866
0.153866 0.155206
0.155206 0.15667
0.15667 0.158126
0.158126 0.160553
0.160553 0.161797
0.161797 0.162677
0.162677 0.164373
0.164373 0.165537
0.165537 0.166918
0.166918 0.168626
0.168626 0.169952
0.169952 0.171422
0.171422 0.173069
0.173069 0.174076
0.174076 0.175934
0.175934 0.177264
0.177264 0.179162
0.179162 0.180653
0.180653 0.18199
0.18199 0.18352
0.18352 0.184481
0.184481 0.185269
0.185269 0.186717
0.186717 0.188077
0.188077 0.189788
0.189788 0.190977
0.190977 0.192638
0.192638 0.193749
0.193749 0.194898
0.194898 0.196966
0.196966 0.197998
0.197998 0.199449
0.199449 0.201037
0.201037 0.202564
0.202564 0.20394
0.20394 0.206304
0.206304 0.207629
0.207629 0.209089
0.209089 0.211088
0.211088 0.213117
0.213117 0.214736
0.214736 0.216231
0.216231 0.217703
0.217703 0.2204
0.2204 0.222377
0.222377 0.2242
0.2242 0.225904
0.225904 0.227158
0.227158 0.228847
0.228847 0.230147
0.230147 0.231487
0.231487 0.232496
0.232496 0.234062
0.234062 0.235969
0.235969 0.238116
0.238116 0.239783
0.239783 0.242551
0.242551 0.245134
0.245134 0.247112
0.247112 0.249268
0.249268 0.251239
0.251239 0.253592
0.253592 0.256718
0.256718 0.258715
0.258715 0.260926
0.260926 0.264756
0.264756 0.268129
0.268129 0.271433
0.271433 0.274613
0.274613 0.279784
0.279784 0.283356
0.283356 0.287099
0.287099 0.29105
0.29105 0.294398
0.294398 0.297564
0.297564 0.300816
0.300816 0.303971
0.303971 0.307869
0.307869 0.310935
0.310935 0.31341
0.31341 0.317667
0.317667 0.321634
0.321634 0.324839
0.324839 0.328889
0.328889 0.334516
0.334516 0.339353
0.339353 0.344944
0.344944 0.351418
0.351418 0.356135
0.356135 0.359983
0.359983 0.365563
0.365563 0.369134
0.369134 0.373374
0.373374 0.376514
0.376514 0.379841
0.379841 0.382873
0.382873 0.386581
0.386581 0.390157
0.390157 0.391812
0.391812 0.394298
0.394298 0.395887
0.395887 0.398506
0.398506 0.400749
0.400749 0.403525
0.403525 0.4052
0.4052 0.408019
0.408019 0.410072
0.410072 0.413405
0.413405 0.415517
0.415517 0.418063
0.418063 0.4201
0.4201 0.422173
0.422173 0.424191
0.424191 0.42569
0.42569 0.427943
0.427943 0.429814
0.429814 0.431588
0.431588 0.433787
0.433787 0.435569
0.435569 0.437492
0.437492 0.439792
0.439792 0.441985
0.441985 0.443426
0.443426 0.445663
0.445663 0.447742
0.447742 0.448866
0.448866 0.450992
0.450992 0.452658
0.452658 0.454385
0.454385 0.45656
0.45656 0.458249
0.458249 0.459835
0.459835 0.461457
0.461457 0.463439
0.463439 0.464736
0.464736 0.466065
0.466065 0.467505
0.467505 0.469074
0.469074 0.470712
0.470712 0.47227
0.47227 0.473771
0.473771 0.476102
0.476102 0.477964
0.477964 0.479329
0.479329 0.48137
0.48137 0.483044
0.483044 0.484925
0.484925 0.486677
0.486677 0.488799
0.488799 0.490036
0.490036 0.491559
0.491559 0.49394
0.49394 0.495547
0.495547 0.49769
0.49769 0.499203
0.499203 0.501256
0.501256 0.503318
0.503318 0.505117
0.505117 0.506852
0.506852 0.510542
0.510542 0.514639
0.514639 0.519697
0.519697 0.52576
0.52576 0.533733
0.533733 1.79769e+308
