255 255 
39 77 
129 140 
179 188 
23 34 
118 92 
75 47 
51 47 
39 66 
230 235 
82 118 
65 21 
57 49 
106 128 
212 215 
88 11 
229 230 
98 38 
255 255 
113 78 
119 125 
0 28 
56 3 
64 7 
106 123 
58 64 
4 43 
61 69 
251 255 
247 249 
60 112 
196 198 
56 13 
144 157 
144 156 
17 52 
69 86 
4 53 
68 8 
176 186 
52 12 
183 178 
89 121 
52 64 
101 14 
115 70 
7 59 
77 8 
47 90 
148 163 
99 72 
183 106 
149 163 
43 91 
45 17 
169 181 
0 20 
18 3 
92 35 
117 127 
128 88 
191 194 
149 162 
61 43 
230 231 
211 214 
144 157 
74 85 
4 53 
165 178 
168 179 
190 176 
144 157 
30 3 
62 110 
239 243 
59 65 
234 236 
222 227 
249 252 
146 158 
52 50 
39 79 
172 185 
174 188 
41 102 
231 232 
36 101 
17 61 
205 211 
129 137 
49 79 
31 62 
151 166 
86 75 
207 211 
255 255 
107 59 
255 255 
211 216 
186 196 
42 15 
8 55 
102 123 
8 32 
98 114 
76 75 
44 71 
134 144 
172 184 
228 228 
214 216 
147 150 
40 103 
187 197 
133 141 
11 58 
152 167 
95 123 
228 228 
91 11 
31 14 
53 84 
77 30 
216 221 
28 96 
186 122 
50 36 
245 248 
46 100 
82 23 
72 34 
111 131 
164 164 
145 158 
213 215 
233 239 
9 28 
116 133 
231 230 
14 64 
19 47 
89 63 
154 140 
51 2 
175 187 
251 252 
67 6 
224 227 
13 36 
175 182 
189 195 
183 191 
173 186 
143 101 
3 51 
87 120 
38 97 
161 174 
255 255 
173 181 
150 164 
229 190 
82 118 
179 179 
227 230 
89 90 
167 180 
101 48 
34 7 
147 145 
124 96 
226 229 
105 58 
113 70 
79 109 
133 104 
1 25 
231 234 
5 48 
84 85 
77 114 
188 198 
98 34 
214 170 
64 113 
167 66 
249 253 
181 179 
100 42 
157 157 
155 164 
234 239 
137 147 
22 53 
162 175 
26 65 
250 250 
81 51 
189 195 
75 55 
137 147 
25 3 
255 255 
178 181 
115 99 
227 232 
59 50 
49 108 
199 207 
170 183 
49 12 
167 115 
39 94 
73 65 
151 163 
65 113 
172 174 
161 160 
143 153 
225 224 
19 70 
255 255 
188 198 
72 6 
2 44 
193 202 
236 238 
161 171 
86 75 
62 113 
228 229 
110 128 
114 100 
226 228 
210 216 
165 166 
43 56 
162 171 
96 88 
86 68 
2 13 
3 41 
115 94 
133 143 
237 239 
26 77 
174 169 
123 80 
64 104 
15 54 
143 154 
152 161 
40 104 
61 55 
70 81 
157 165 
212 218 
72 43 
77 55 
236 237 
84 108 
114 132 
158 172 
150 150 
96 68 
140 151 
210 213 
250 253 
255 255 
173 186 
147 142 
36 79 
191 59 
207 215 
251 249 
149 163 
59 19 
22 34 
233 233 
200 207 
242 243 
141 146 
245 159 
126 137 
238 239 
155 159 
209 215 
195 65 
201 209 
227 229 
164 171 
2 45 
202 211 
91 34 
132 141 
158 171 
181 185 
11 66 
114 95 
197 203 
90 11 
30 92 
186 117 
2 28 
245 247 
238 239 
249 252 
125 136 
55 81 
102 66 
13 46 
247 248 
21 0 
241 242 
158 159 
158 167 
232 237 
107 100 
67 51 
177 190 
203 207 
53 109 
121 23 
22 3 
85 119 
255 254 
138 149 
170 130 
80 66 
164 162 
109 129 
126 136 
99 89 
191 195 
119 131 
159 173 
185 194 
135 143 
233 235 
240 241 
192 193 
122 135 
44 1 
99 121 
51 53 
252 250 
35 2 
103 126 
203 207 
194 149 
127 100 
255 255 
144 156 
183 192 
74 116 
81 35 
213 215 
153 165 
247 250 
185 197 
103 127 
144 154 
182 184 
198 203 
213 167 
204 209 
142 154 
235 236 
178 191 
231 236 
135 143 
77 14 
99 117 
197 206 
6 5 
16 11 
213 219 
222 223 
72 107 
17 27 
35 102 
202 210 
1 41 
4 8 
53 107 
143 154 
218 223 
66 78 
233 233 
196 203 
179 185 
137 147 
24 61 
241 244 
125 137 
85 119 
101 98 
221 222 
173 186 
240 242 
52 103 
180 140 
90 120 
98 15 
19 52 
157 168 
5 55 
36 78 
188 197 
130 140 
186 195 
102 98 
31 37 
17 62 
35 81 
238 239 
221 222 
37 81 
134 144 
188 199 
48 49 
89 65 
124 137 
192 144 
209 215 
179 186 
90 46 
94 123 
249 253 
212 215 
71 46 
109 90 
156 152 
19 60 
255 255 
142 139 
255 255 
145 156 
6 50 
72 17 
204 116 
5 45 
218 220 
75 115 
119 122 
168 177 
255 255 
251 251 
151 166 
169 182 
163 173 
255 255 
18 77 
234 236 
159 172 
61 84 
5 11 
140 151 
126 138 
244 247 
238 187 
118 99 
114 132 
92 60 
205 209 
133 142 
80 116 
68 105 
28 0 
199 200 
163 174 
139 149 
64 102 
176 178 
40 69 
213 219 
47 103 
171 171 
235 236 
51 108 
54 105 
226 233 
96 112 
187 194 
207 213 
177 177 
17 24 
139 150 
100 124 
94 13 
86 119 
130 139 
255 205 
126 137 
209 216 
176 187 
43 42 
56 12 
54 79 
145 48 
52 9 
223 224 
72 79 
239 240 
138 148 
47 45 
223 224 
50 107 
251 254 
170 176 
136 145 
239 240 
140 146 
155 161 
11 25 
5 43 
28 78 
237 242 
137 148 
215 219 
183 130 
67 43 
79 63 
85 85 
234 236 
157 166 
93 56 
208 213 
169 116 
242 243 
194 197 
255 255 
112 78 
60 47 
34 97 
124 135 
155 168 
214 167 
235 240 
102 117 
208 214 
220 221 
129 25 
86 60 
190 200 
23 48 
69 37 
242 245 
95 33 
163 176 
23 10 
58 45 
75 22 
124 67 
116 71 
226 226 
80 58 
96 118 
132 142 
147 158 
255 227 
248 250 
59 33 
201 193 
224 225 
33 41 
181 191 
12 62 
146 157 
222 224 
75 50 
68 26 
165 179 
100 93 
174 173 
42 62 
211 214 
97 106 
236 238 
89 67 
186 185 
11 4 
26 92 
23 11 
212 123 
164 174 
76 46 
255 255 
41 81 
89 39 
37 82 
47 101 
112 131 
255 255 
11 64 
85 29 
140 68 
13 51 
227 226 
221 140 
173 182 
255 255 
255 255 
44 0 
65 6 
40 45 
201 207 
34 21 
195 201 
150 146 
242 243 
182 185 
144 156 
159 170 
160 173 
196 203 
226 231 
253 251 
139 122 
58 3 
203 194 
140 131 
83 118 
154 149 
86 95 
60 100 
22 6 
159 171 
141 146 
22 8 
136 123 
38 60 
87 59 
164 173 
204 209 
253 255 
68 69 
122 77 
205 212 
231 185 
157 117 
134 144 
155 169 
144 119 
97 124 
66 66 
67 103 
54 36 
214 127 
47 36 
89 75 
48 2 
159 153 
130 74 
31 13 
89 46 
233 165 
175 186 
179 191 
157 170 
44 20 
254 255 
242 208 
185 189 
79 53 
11 64 
177 184 
166 180 
173 185 
5 48 
255 255 
78 82 
69 9 
193 194 
15 50 
10 55 
199 209 
227 227 
56 99 
75 8 
77 109 
193 199 
162 160 
23 82 
101 125 
211 214 
10 63 
137 147 
211 217 
193 204 
2 33 
206 157 
249 253 
137 145 
74 8 
116 133 
208 213 
113 19 
110 130 
98 64 
61 4 
173 169 
34 0 
16 7 
94 96 
121 135 
228 227 
160 169 
216 221 
42 17 
216 217 
255 255 
171 181 
59 47 
108 118 
107 18 
127 90 
171 181 
40 76 
151 151 
187 191 
184 194 
3 50 
253 255 
179 133 
50 102 
67 77 
119 94 
79 17 
229 231 
17 22 
222 225 
80 18 
97 76 
226 226 
225 229 
113 94 
222 223 
254 255 
141 147 
255 255 
54 104 
18 76 
19 11 
196 153 
187 193 
73 107 
66 28 
199 205 
152 126 
236 237 
36 63 
172 64 
254 255 
122 134 
217 171 
211 213 
244 157 
95 72 
13 25 
34 75 
114 84 
76 109 
233 237 
114 124 
106 86 
161 165 
237 238 
24 32 
177 191 
174 186 
158 169 
48 102 
149 163 
252 255 
166 175 
204 209 
198 205 
95 83 
138 149 
11 22 
220 226 
191 195 
28 72 
5 9 
109 79 
112 31 
198 203 
15 36 
64 27 
90 35 
212 219 
139 99 
243 246 
208 157 
109 82 
134 139 
226 232 
148 162 
244 150 
22 23 
44 16 
246 247 
193 202 
69 78 
45 8 
0 25 
156 169 
71 115 
252 255 
14 70 
229 165 
77 117 
136 146 
7 52 
128 87 
14 22 
205 210 
106 74 
120 125 
86 111 
71 9 
225 229 
128 139 
255 255 
13 1 
246 248 
59 36 
228 229 
94 14 
32 73 
78 12 
212 215 
34 87 
250 253 
110 82 
103 74 
203 208 
65 40 
252 255 
53 41 
80 51 
5 17 
113 131 
101 60 
181 177 
194 202 
78 57 
53 91 
90 39 
87 113 
3 41 
252 254 
240 243 
255 255 
238 238 
153 167 
174 178 
139 119 
30 93 
138 147 
255 255 
153 168 
56 41 
189 192 
225 226 
231 233 
145 144 
70 83 
115 77 
108 82 
121 134 
204 210 
12 38 
111 122 
101 65 
26 35 
157 157 
184 187 
95 79 
197 201 
191 133 
228 232 
14 64 
186 191 
196 202 
170 127 
247 251 
155 167 
180 192 
205 208 
171 177 
34 83 
3 19 
112 130 
146 160 
152 160 
168 177 
62 74 
36 103 
22 1 
62 6 
0 25 
209 211 
48 95 
62 50 
199 207 
112 131 
217 222 
161 173 
224 228 
52 57 
186 196 
65 114 
205 207 
238 240 
158 159 
77 49 
179 182 
212 217 
76 116 
149 163 
114 82 
75 51 
233 234 
240 241 
172 180 
179 190 
207 206 
10 37 
36 83 
204 208 
101 58 
197 206 
142 153 
43 40 
157 151 
122 119 
78 70 
250 249 
234 235 
41 78 
35 70 
66 88 
112 91 
102 121 
50 106 
169 181 
142 146 
98 53 
213 216 
47 87 
243 244 
192 201 
54 33 
220 223 
230 234 
84 54 
78 58 
50 11 
4 11 
53 104 
179 191 
73 53 
169 173 
155 168 
227 231 
236 241 
116 132 
24 82 
21 60 
254 255 
104 54 
183 190 
63 113 
84 76 
123 84 
194 205 
10 18 
46 20 
42 32 
167 165 
67 19 
184 183 
83 118 
23 13 
100 98 
92 113 
251 254 
201 109 
206 119 
83 112 
47 103 
192 196 
4 10 
79 118 
85 78 
4 24 
60 109 
2 44 
96 33 
15 63 
180 189 
104 53 
128 95 
49 25 
226 228 
54 103 
160 157 
140 151 
101 67 
109 92 
243 244 
179 122 
64 109 
121 128 
20 28 
56 110 
167 177 
21 4 
197 106 
39 89 
13 47 
135 145 
191 189 
244 244 
23 89 
255 255 
65 81 
255 255 
213 220 
152 167 
84 79 
4 45 
255 255 
130 139 
152 164 
8 51 
154 165 
70 112 
166 179 
104 90 
172 186 
167 174 
41 1 
40 78 
52 3 
114 132 
214 216 
67 47 
232 237 
163 53 
145 158 
168 110 
247 249 
104 71 
68 113 
248 252 
116 133 
221 222 
255 255 
154 163 
146 159 
193 197 
73 57 
241 241 
125 89 
196 143 
170 182 
72 75 
255 255 
90 13 
143 148 
203 146 
38 103 
72 50 
165 178 
110 77 
127 97 
92 122 
1 20 
165 176 
182 184 
86 18 
97 41 
2 27 
102 85 
88 120 
84 65 
20 24 
221 227 
173 185 
215 220 
228 233 
169 132 
140 151 
28 77 
194 201 
60 14 
130 84 
16 32 
63 15 
255 213 
248 252 
164 175 
84 95 
193 192 
152 144 
99 117 
59 76 
201 193 
41 2 
80 21 
53 108 
45 80 
177 173 
216 220 
54 47 
28 56 
111 94 
71 106 
148 160 
10 12 
234 234 
55 106 
22 12 
130 26 
110 75 
216 221 
29 79 
248 248 
30 66 
47 7 
69 18 
188 187 
48 39 
233 234 
20 16 
74 81 
149 140 
147 161 
148 161 
8 24 
179 189 
103 92 
154 168 
119 85 
141 150 
42 8 
81 22 
149 162 
236 236 
46 105 
94 118 
187 196 
172 183 
147 161 
140 151 
196 200 
157 171 
39 3 
112 116 
82 68 
2 30 
192 200 
130 26 
35 88 
25 74 
159 153 
43 5 
108 128 
171 171 
238 239 
250 253 
135 107 
38 52 
170 165 
42 35 
135 146 
33 34 
81 56 
156 149 
95 42 
86 113 
156 170 
209 211 
132 142 
24 77 
59 86 
135 146 
8 39 
132 138 
40 104 
147 144 
136 138 
68 115 
70 21 
39 67 
166 177 
154 164 
187 197 
98 119 
132 142 
164 165 
133 143 
85 118 
118 20 
185 196 
71 57 
205 210 
255 255 
100 98 
143 154 
253 254 
247 251 
178 177 
39 1 
44 59 
200 206 
138 142 
197 203 
69 79 
170 181 
97 57 
148 148 
51 78 
76 109 
158 152 
152 126 
98 115 
214 220 
78 117 
255 221 
233 235 
208 150 
34 1 
123 28 
166 172 
197 203 
120 135 
217 219 
242 247 
71 115 
186 195 
77 64 
136 133 
67 72 
131 136 
122 87 
25 1 
135 145 
217 221 
215 221 
65 73 
145 156 
101 43 
252 253 
55 83 
220 221 
27 11 
126 25 
100 15 
77 60 
160 163 
252 255 
196 198 
125 137 
128 138 
204 208 
132 142 
196 199 
32 85 
76 59 
162 161 
209 216 
86 38 
56 10 
120 133 
144 140 
154 167 
93 36 
78 11 
7 34 
34 0 
125 97 
222 224 
112 114 
213 219 
62 5 
91 61 
224 228 
204 208 
129 112 
242 242 
62 29 
76 66 
111 126 
209 210 
45 15 
247 250 
216 213 
13 36 
255 236 
37 85 
180 186 
252 254 
109 70 
216 219 
80 83 
255 255 
64 113 
190 187 
202 211 
151 166 
160 159 
242 245 
145 158 
63 44 
107 76 
182 70 
97 92 
162 169 
0 34 
120 123 
64 54 
253 255 
86 58 
179 188 
36 8 
185 189 
134 33 
150 161 
20 19 
103 82 
143 142 
152 128 
55 79 
50 105 
104 128 
250 252 
84 31 
198 202 
12 51 
207 210 
114 82 
44 13 
143 149 
136 146 
228 229 
89 120 
203 206 
125 137 
67 26 
117 134 
112 131 
159 164 
188 197 
16 37 
216 221 
190 199 
91 51 
2 17 
29 65 
63 109 
249 249 
24 8 
138 148 
216 125 
247 251 
149 162 
228 231 
87 49 
209 216 
236 237 
148 158 
101 124 
217 219 
224 225 
247 249 
229 235 
33 92 
7 19 
28 96 
205 210 
3 45 
188 195 
1 19 
45 91 
0 30 
32 87 
20 80 
194 147 
192 202 
255 236 
140 152 
204 204 
130 87 
174 184 
212 214 
205 208 
240 242 
205 209 
71 81 
109 127 
143 153 
52 59 
192 178 
166 178 
7 21 
156 170 
110 125 
218 221 
25 60 
221 226 
187 197 
235 237 
202 208 
174 174 
117 131 
233 234 
21 65 
94 55 
154 168 
137 147 
76 117 
221 225 
234 239 
22 12 
98 90 
207 211 
16 28 
25 3 
118 82 
130 140 
70 8 
222 227 
32 80 
134 143 
198 203 
2 44 
3 36 
171 180 
9 23 
26 68 
106 61 
77 8 
6 30 
237 239 
18 11 
139 143 
253 255 
43 54 
79 40 
116 92 
164 170 
102 95 
223 227 
109 58 
222 226 
132 142 
32 66 
5 45 
236 239 
82 72 
196 199 
6 22 
242 245 
74 47 
80 57 
196 200 
123 117 
84 30 
246 251 
218 219 
76 47 
27 2 
22 12 
162 141 
60 61 
158 172 
159 151 
129 83 
212 216 
194 204 
91 122 
129 128 
59 41 
245 248 
86 10 
139 149 
251 250 
91 12 
155 161 
75 58 
83 111 
245 248 
100 62 
0 26 
232 233 
67 74 
229 234 
121 79 
84 27 
23 10 
50 104 
63 44 
29 70 
186 196 
196 197 
3 9 
43 1 
133 126 
153 167 
158 164 
193 198 
217 175 
83 116 
7 5 
254 255 
239 242 
129 137 
125 84 
136 146 
246 251 
83 44 
235 237 
70 6 
67 111 
164 174 
124 136 
200 204 
191 192 
93 54 
195 202 
255 255 
84 73 
170 177 
217 166 
194 198 
166 158 
29 33 
91 36 
138 143 
190 191 
201 162 
70 53 
255 255 
21 5 
39 22 
4 46 
177 186 
137 146 
93 95 
212 217 
116 68 
143 154 
33 35 
236 237 
78 11 
205 201 
197 203 
115 83 
103 72 
188 198 
101 90 
93 83 
230 233 
65 53 
222 222 
189 194 
1 39 
248 252 
163 174 
255 255 
31 0 
57 7 
114 88 
131 105 
71 105 
23 83 
29 46 
14 59 
73 54 
110 69 
146 138 
49 43 
245 155 
187 196 
64 103 
120 21 
145 145 
189 198 
218 220 
107 76 
159 173 
70 48 
77 110 
194 101 
97 99 
61 9 
3 20 
186 196 
127 136 
222 227 
177 186 
253 252 
222 226 
120 130 
202 207 
157 160 
34 102 
212 214 
253 255 
107 128 
214 217 
249 248 
219 221 
139 148 
77 29 
255 221 
120 84 
63 27 
221 175 
122 135 
245 249 
228 228 
105 124 
66 68 
200 205 
90 88 
126 26 
19 25 
111 67 
254 255 
62 30 
68 105 
213 218 
75 49 
97 124 
177 189 
15 31 
255 255 
255 255 
129 130 
145 158 
201 209 
20 2 
119 134 
131 26 
146 160 
63 15 
92 79 
174 179 
228 230 
137 139 
42 99 
206 210 
88 40 
171 176 
99 87 
246 248 
152 156 
184 192 
10 26 
88 38 
188 197 
113 131 
205 207 
66 98 
57 14 
199 206 
129 138 
17 5 
33 101 
4 38 
54 42 
252 254 
43 93 
175 187 
208 215 
74 48 
109 61 
123 136 
56 14 
221 225 
178 192 
255 255 
132 130 
122 23 
79 118 
47 3 
154 168 
190 198 
195 185 
79 35 
141 145 
147 160 
81 117 
224 225 
208 163 
153 151 
3 51 
24 30 
34 4 
168 178 
107 67 
127 88 
4 30 
220 223 
35 71 
208 215 
182 161 
184 195 
4 16 
103 120 
244 246 
128 139 
157 162 
88 121 
204 206 
86 78 
12 33 
22 28 
98 119 
186 188 
151 164 
190 193 
180 193 
194 196 
208 206 
14 33 
99 14 
104 67 
111 65 
24 35 
49 44 
203 211 
55 47 
225 232 
255 255 
62 42 
199 201 
240 244 
16 36 
27 64 
181 180 
126 70 
116 132 
204 207 
205 202 
91 65 
113 22 
12 18 
140 142 
185 195 
210 157 
132 124 
28 33 
107 68 
208 212 
73 110 
233 236 
192 143 
114 131 
129 140 
168 116 
122 89 
48 96 
110 130 
183 189 
13 16 
66 44 
84 72 
90 53 
254 255 
63 78 
84 82 
226 229 
96 90 
180 192 
15 30 
78 54 
243 248 
7 57 
215 217 
220 137 
91 122 
124 136 
207 213 
180 164 
235 238 
124 135 
12 66 
173 168 
121 100 
97 65 
112 87 
201 150 
194 183 
218 222 
18 5 
244 247 
60 104 
210 217 
51 68 
216 215 
42 15 
15 18 
82 83 
117 133 
116 123 
226 227 
232 233 
185 193 
21 12 
136 141 
10 28 
123 135 
115 75 
239 240 
166 176 
26 6 
8 17 
71 27 
162 175 
179 181 
12 67 
140 152 
186 197 
127 138 
2 27 
108 129 
63 54 
200 209 
48 107 
234 237 
189 190 
155 155 
33 60 
160 167 
61 45 
11 49 
137 125 
189 194 
138 148 
118 125 
210 159 
180 193 
88 67 
61 6 
188 171 
255 214 
218 223 
250 252 
131 141 
227 228 
29 40 
96 123 
27 95 
217 218 
102 126 
133 143 
73 73 
142 126 
100 77 
47 106 
36 37 
55 74 
147 39 
183 194 
90 117 
124 135 
248 249 
250 254 
138 32 
92 32 
200 202 
218 169 
72 103 
24 2 
176 188 
176 190 
205 210 
37 42 
161 168 
207 211 
49 93 
183 117 
111 93 
123 83 
168 171 
168 172 
179 183 
132 142 
237 243 
125 97 
36 33 
201 208 
130 132 
203 207 
194 150 
60 79 
74 20 
70 81 
212 215 
9 61 
81 22 
250 249 
161 158 
208 213 
126 75 
113 130 
142 154 
55 38 
246 249 
44 105 
57 26 
206 209 
65 45 
37 35 
42 98 
66 112 
154 132 
12 9 
108 71 
0 34 
204 211 
141 150 
131 90 
2 15 
94 122 
57 13 
30 98 
35 2 
255 255 
129 140 
36 85 
143 49 
199 196 
198 203 
183 187 
108 125 
233 234 
94 114 
213 218 
106 128 
251 253 
166 179 
213 217 
252 254 
45 1 
165 176 
67 114 
3 21 
215 220 
255 255 
172 184 
222 225 
187 189 
214 217 
214 215 
45 106 
170 183 
179 186 
231 234 
27 1 
166 179 
150 153 
117 96 
9 53 
181 180 
231 232 
64 43 
168 172 
230 232 
12 50 
199 204 
251 254 
13 62 
218 224 
36 80 
230 230 
182 180 
56 72 
240 194 
20 23 
245 245 
53 84 
239 241 
18 34 
33 32 
36 102 
163 120 
175 184 
115 77 
18 42 
100 119 
51 57 
5 7 
144 156 
169 176 
239 240 
80 39 
13 21 
187 197 
38 83 
10 44 
235 204 
134 29 
22 23 
68 114 
228 231 
182 182 
223 228 
78 84 
177 188 
230 230 
113 132 
243 248 
131 85 
255 255 
1 19 
82 15 
59 66 
84 62 
68 87 
247 250 
192 200 
119 91 
219 225 
160 161 
87 118 
185 194 
91 115 
73 116 
174 176 
217 220 
114 131 
51 108 
244 244 
27 1 
216 222 
26 31 
93 120 
255 255 
203 207 
21 50 
218 223 
27 3 
148 155 
161 127 
230 232 
79 67 
219 220 
121 89 
175 183 
247 250 
10 5 
48 8 
62 25 
122 135 
216 168 
237 239 
101 116 
13 61 
249 251 
78 53 
153 167 
40 62 
168 174 
51 18 
78 70 
96 75 
223 228 
189 188 
10 57 
97 48 
239 242 
151 164 
122 75 
190 196 
144 157 
20 3 
140 134 
171 183 
50 106 
248 250 
225 231 
37 5 
247 250 
18 9 
131 141 
188 198 
70 108 
57 57 
217 171 
235 237 
152 129 
70 47 
173 171 
123 136 
45 103 
35 49 
45 103 
130 140 
58 109 
1 42 
193 197 
183 188 
57 80 
11 50 
231 234 
125 126 
118 74 
217 223 
176 189 
254 173 
51 20 
249 253 
18 73 
30 44 
229 230 
189 189 
124 127 
32 23 
142 153 
214 216 
152 148 
115 132 
70 107 
245 246 
93 68 
69 112 
218 220 
124 137 
179 192 
81 42 
194 194 
80 111 
254 252 
131 37 
54 2 
232 234 
199 192 
241 243 
232 234 
126 24 
239 241 
49 94 
92 36 
161 173 
201 211 
96 123 
31 86 
212 215 
32 97 
200 204 
148 41 
161 174 
217 223 
18 69 
59 101 
133 143 
17 3 
212 167 
234 235 
189 190 
102 111 
46 41 
171 179 
210 169 
110 97 
46 106 
159 157 
130 139 
29 63 
123 136 
181 176 
2 26 
174 185 
162 165 
177 187 
221 223 
230 234 
73 60 
180 186 
182 194 
163 176 
126 80 
46 88 
241 244 
238 239 
141 152 
238 240 
197 207 
5 18 
215 217 
198 202 
24 15 
169 183 
61 67 
182 185 
37 38 
242 246 
51 41 
17 17 
30 10 
79 20 
119 134 
102 120 
195 202 
113 131 
206 210 
136 142 
25 8 
5 7 
88 113 
161 169 
31 22 
246 249 
58 15 
16 61 
236 241 
15 52 
71 80 
180 180 
223 225 
108 127 
6 50 
56 28 
83 59 
28 64 
111 75 
202 208 
234 234 
107 17 
255 182 
206 210 
249 254 
230 233 
60 108 
27 41 
200 208 
75 77 
235 237 
214 217 
156 169 
99 84 
44 83 
84 25 
73 109 
163 159 
103 122 
221 221 
89 60 
54 45 
114 131 
184 182 
248 247 
194 199 
219 220 
76 80 
175 188 
4 46 
13 60 
61 64 
93 111 
231 233 
84 111 
80 117 
20 26 
141 153 
120 135 
171 181 
255 219 
185 55 
8 24 
38 103 
215 163 
133 28 
253 254 
248 252 
82 88 
142 153 
180 193 
183 180 
223 228 
179 192 
27 4 
43 105 
140 152 
146 160 
90 40 
96 65 
178 187 
59 99 
31 96 
63 82 
113 132 
30 71 
57 107 
192 197 
99 118 
6 44 
112 114 
195 197 
255 255 
119 134 
255 218 
187 187 
200 205 
255 224 
205 209 
54 48 
63 31 
175 175 
181 192 
26 92 
173 176 
184 193 
152 155 
228 234 
202 209 
34 68 
232 237 
251 254 
97 60 
106 76 
80 30 
116 69 
244 249 
6 20 
64 49 
3 32 
110 127 
129 91 
103 96 
98 25 
144 141 
76 112 
107 128 
247 248 
159 162 
19 12 
60 19 
53 59 
90 36 
234 236 
175 182 
145 158 
58 55 
46 39 
241 243 
116 133 
94 119 
66 87 
24 2 
38 39 
216 220 
26 4 
73 36 
45 42 
149 147 
184 179 
167 162 
76 49 
120 77 
196 106 
4 13 
0 33 
60 112 
55 105 
240 245 
41 102 
85 33 
188 191 
159 156 
60 112 
10 62 
70 25 
164 176 
219 223 
255 255 
255 213 
149 133 
130 93 
18 5 
152 166 
8 52 
86 110 
80 20 
125 74 
47 73 
232 233 
42 86 
122 127 
137 141 
36 49 
243 244 
146 160 
190 197 
109 80 
152 126 
221 223 
84 34 
221 172 
204 212 
30 3 
156 156 
221 226 
169 143 
236 236 
11 32 
102 93 
25 60 
255 208 
246 249 
33 1 
169 181 
214 220 
92 41 
162 170 
218 214 
191 199 
173 175 
252 254 
161 174 
137 106 
143 156 
73 30 
171 184 
154 168 
225 226 
172 178 
96 13 
9 17 
96 40 
7 40 
96 61 
112 81 
177 185 
49 103 
90 121 
89 61 
92 96 
251 254 
225 225 
156 170 
96 90 
136 133 
236 241 
1 27 
197 207 
175 189 
10 5 
14 28 
135 145 
57 107 
41 5 
9 60 
28 94 
167 130 
252 255 
240 245 
212 217 
255 234 
167 140 
255 255 
207 212 
165 178 
198 206 
254 255 
32 80 
72 52 
54 106 
8 30 
164 177 
6 56 
122 94 
197 203 
29 0 
125 137 
63 80 
49 19 
19 9 
188 189 
124 137 
42 100 
81 58 
124 86 
105 74 
173 182 
139 150 
29 69 
223 224 
174 185 
126 137 
26 2 
200 108 
214 163 
236 237 
240 241 
66 49 
202 211 
120 135 
71 90 
41 66 
236 238 
72 61 
8 31 
211 214 
239 243 
114 94 
18 64 
34 101 
176 190 
7 56 
146 161 
219 224 
23 68 
103 121 
149 163 
191 201 
102 70 
122 23 
67 52 
129 80 
50 4 
82 81 
178 189 
249 249 
97 59 
163 166 
215 218 
135 140 
7 7 
113 131 
142 110 
255 239 
30 99 
150 103 
147 145 
96 73 
207 212 
25 21 
56 72 
97 40 
116 21 
115 116 
48 91 
171 180 
106 64 
110 124 
160 174 
221 227 
14 47 
119 122 
255 255 
160 166 
112 131 
16 16 
127 84 
92 85 
240 240 
14 69 
178 187 
105 128 
220 222 
38 85 
157 158 
58 50 
74 90 
191 201 
96 114 
154 169 
83 38 
188 125 
166 159 
82 31 
174 184 
244 245 
240 243 
170 184 
133 144 
93 14 
33 33 
248 251 
147 161 
79 110 
182 182 
141 143 
94 50 
35 61 
177 187 
92 122 
67 39 
183 193 
138 143 
117 128 
239 244 
124 98 
59 3 
43 88 
119 134 
234 235 
155 168 
231 236 
53 49 
253 255 
199 206 
15 57 
49 70 
154 161 
213 125 
255 255 
122 87 
9 6 
113 132 
209 212 
78 87 
45 99 
91 69 
29 16 
52 2 
71 82 
191 200 
229 235 
125 27 
87 55 
24 0 
231 233 
162 172 
67 85 
225 230 
34 39 
139 141 
130 140 
89 118 
243 243 
179 187 
23 76 
104 127 
88 80 
62 43 
104 54 
183 178 
153 165 
243 246 
231 232 
51 25 
1 26 
255 255 
62 68 
6 28 
113 21 
202 204 
255 255 
207 212 
67 89 
158 152 
10 18 
55 67 
22 58 
213 126 
47 1 
94 40 
25 0 
115 93 
187 187 
109 18 
16 68 
5 7 
19 79 
77 16 
203 211 
222 222 
67 54 
181 184 
200 207 
158 172 
128 129 
255 255 
157 157 
246 247 
234 238 
123 132 
83 119 
53 83 
0 23 
37 101 
113 117 
92 91 
129 139 
176 175 
195 126 
108 88 
246 250 
27 90 
125 93 
35 74 
10 38 
94 96 
50 24 
118 66 
1 42 
5 17 
229 232 
153 163 
253 255 
142 154 
130 141 
123 22 
198 202 
115 98 
173 184 
64 112 
167 180 
195 204 
54 3 
54 52 
183 180 
168 170 
80 78 
158 170 
148 53 
26 33 
146 150 
25 11 
157 171 
26 30 
246 247 
61 108 
23 2 
208 215 
46 95 
89 77 
155 153 
255 255 
220 225 
230 135 
115 74 
255 255 
147 161 
117 131 
71 48 
85 36 
205 207 
240 244 
203 209 
163 167 
116 133 
255 255 
218 221 
115 130 
68 28 
168 58 
41 91 
89 29 
132 142 
99 15 
129 86 
225 229 
102 82 
225 226 
11 7 
40 81 
247 251 
112 94 
96 64 
255 255 
184 194 
57 108 
150 124 
234 235 
117 84 
57 24 
162 175 
240 243 
235 236 
42 71 
137 110 
195 200 
100 43 
89 110 
255 255 
249 252 
87 120 
104 17 
207 211 
113 91 
89 80 
35 88 
44 97 
141 142 
20 0 
165 164 
65 85 
230 229 
213 215 
12 55 
100 125 
146 153 
34 5 
169 173 
108 129 
239 241 
110 88 
46 106 
249 252 
5 29 
124 136 
100 49 
232 232 
1 26 
162 155 
91 122 
238 241 
182 181 
213 167 
135 36 
27 20 
235 237 
110 130 
88 110 
207 212 
99 94 
209 216 
137 148 
155 170 
113 121 
95 66 
59 53 
245 245 
208 162 
255 254 
53 109 
32 62 
207 162 
214 135 
128 139 
209 214 
189 198 
148 160 
38 101 
63 42 
172 128 
238 242 
138 149 
0 32 
34 38 
53 35 
32 46 
207 212 
40 96 
10 29 
127 94 
228 231 
105 128 
14 21 
136 147 
129 139 
95 75 
60 31 
123 133 
174 114 
105 67 
166 170 
252 251 
63 68 
119 71 
208 212 
221 223 
150 165 
7 39 
9 8 
123 136 
170 76 
154 168 
184 192 
92 54 
106 127 
81 11 
31 2 
31 2 
21 21 
150 160 
191 200 
1 31 
121 134 
100 63 
72 116 
223 228 
98 125 
143 155 
176 179 
108 95 
114 86 
219 224 
109 129 
249 251 
61 63 
44 105 
195 198 
42 84 
178 191 
41 43 
87 83 
156 158 
46 16 
21 31 
224 182 
255 203 
11 14 
51 97 
211 210 
36 31 
203 211 
103 124 
211 213 
107 125 
49 103 
44 104 
120 100 
103 16 
127 138 
46 58 
159 168 
134 144 
235 240 
153 149 
243 209 
82 34 
255 250 
69 6 
158 168 
222 223 
181 186 
192 197 
192 193 
253 255 
195 201 
43 36 
39 25 
63 111 
55 46 
139 149 
22 31 
160 173 
142 151 
228 230 
195 204 
225 227 
31 100 
46 31 
127 137 
31 100 
182 191 
6 18 
138 145 
114 132 
196 202 
91 94 
74 114 
52 109 
214 153 
13 49 
83 88 
232 233 
246 245 
238 243 
252 254 
192 195 
121 97 
170 185 
185 191 
186 193 
74 74 
48 2 
191 148 
252 253 
177 183 
206 169 
210 214 
237 237 
6 58 
235 238 
180 178 
87 117 
48 35 
194 199 
41 12 
170 182 
133 141 
250 249 
97 124 
249 252 
223 223 
150 147 
15 29 
81 118 
192 200 
243 246 
100 38 
98 81 
56 107 
114 120 
76 43 
41 64 
9 55 
148 162 
38 41 
91 111 
128 30 
255 255 
77 73 
175 186 
73 62 
157 111 
15 68 
23 87 
149 164 
204 210 
156 162 
55 73 
255 255 
123 98 
178 189 
14 46 
198 205 
82 56 
135 145 
110 130 
241 243 
38 99 
226 231 
21 66 
231 233 
158 169 
177 182 
79 110 
93 122 
109 129 
199 203 
129 90 
27 91 
36 20 
255 255 
43 37 
176 187 
198 201 
58 111 
0 31 
7 20 
227 233 
71 115 
201 206 
233 234 
200 202 
65 113 
37 49 
207 212 
35 102 
13 37 
118 23 
166 175 
164 175 
48 92 
28 10 
242 244 
146 156 
209 213 
223 227 
83 118 
66 45 
120 134 
189 199 
154 167 
56 59 
131 140 
162 174 
162 168 
117 98 
181 194 
105 74 
3 47 
117 99 
148 152 
128 138 
17 71 
70 115 
185 188 
150 145 
50 34 
32 68 
189 198 
60 107 
72 116 
179 191 
238 241 
22 39 
134 139 
219 222 
147 157 
76 31 
107 129 
106 124 
47 65 
107 119 
1 37 
17 55 
135 143 
63 76 
179 190 
169 178 
255 255 
184 192 
22 69 
237 238 
89 109 
102 58 
68 71 
49 97 
62 102 
249 248 
148 154 
113 132 
255 255 
253 255 
223 187 
82 37 
143 146 
160 172 
100 125 
33 14 
37 102 
208 213 
4 44 
80 43 
128 138 
120 83 
48 106 
71 107 
185 193 
3 26 
85 116 
92 114 
146 154 
253 252 
73 78 
4 33 
48 2 
44 98 
93 16 
169 180 
74 59 
66 75 
234 239 
10 21 
32 35 
98 116 
237 240 
123 22 
187 195 
215 220 
46 15 
241 243 
143 155 
151 146 
105 84 
83 86 
160 174 
222 227 
172 184 
206 206 
134 133 
216 160 
213 212 
95 40 
169 175 
202 205 
103 56 
71 77 
80 105 
134 144 
2 45 
215 216 
203 205 
211 215 
118 90 
108 129 
186 185 
117 92 
139 150 
20 30 
49 106 
4 52 
226 226 
53 109 
215 222 
111 19 
57 111 
239 244 
254 255 
59 105 
156 160 
37 90 
211 218 
15 3 
164 124 
194 102 
63 68 
220 225 
47 104 
126 99 
252 254 
233 235 
13 1 
20 40 
100 112 
206 205 
14 40 
251 249 
119 134 
221 226 
104 98 
233 238 
42 101 
226 231 
81 117 
219 220 
127 138 
153 147 
216 167 
248 251 
135 145 
187 176 
227 227 
69 111 
98 86 
248 251 
232 235 
101 88 
103 94 
18 28 
95 98 
11 6 
216 218 
34 1 
50 104 
215 218 
228 231 
255 255 
48 80 
13 33 
193 203 
58 74 
192 201 
220 224 
125 135 
199 203 
4 32 
211 155 
255 209 
83 110 
93 88 
226 232 
51 88 
253 255 
82 90 
110 101 
62 111 
111 73 
166 179 
7 53 
26 73 
219 223 
184 193 
25 54 
12 38 
227 230 
144 156 
182 181 
198 208 
254 255 
11 31 
252 255 
54 18 
138 148 
212 217 
44 9 
15 72 
224 228 
90 89 
105 16 
235 240 
11 12 
65 13 
122 87 
44 91 
42 104 
46 29 
95 48 
161 167 
28 33 
200 203 
247 248 
241 242 
166 166 
67 115 
130 26 
211 218 
171 170 
209 125 
66 29 
36 27 
88 120 
251 250 
73 114 
25 92 
24 18 
245 247 
227 227 
126 138 
255 238 
156 166 
254 255 
26 59 
21 60 
71 63 
121 71 
132 141 
109 100 
8 37 
190 199 
248 251 
127 84 
102 125 
109 18 
9 56 
24 56 
128 76 
255 255 
69 9 
83 26 
239 239 
9 35 
118 133 
242 243 
106 107 
40 6 
250 253 
39 96 
87 38 
180 193 
12 21 
148 162 
55 109 
27 3 
77 71 
30 0 
24 85 
203 209 
118 134 
1 19 
69 40 
243 244 
111 101 
229 231 
93 121 
83 9 
201 201 
76 90 
46 26 
121 22 
170 184 
170 177 
126 138 
35 102 
98 125 
31 7 
159 172 
165 174 
40 7 
112 95 
53 104 
176 180 
167 180 
193 196 
49 108 
14 70 
181 190 
177 50 
87 112 
81 50 
105 77 
12 34 
12 67 
97 124 
183 184 
31 76 
1 37 
255 255 
201 205 
39 100 
195 152 
6 9 
118 133 
67 17 
17 65 
55 16 
166 173 
243 247 
95 116 
204 213 
94 123 
195 101 
148 151 
91 76 
50 93 
5 48 
118 129 
168 129 
151 165 
171 182 
210 212 
117 89 
131 141 
255 218 
120 25 
237 238 
170 169 
68 43 
197 155 
136 140 
238 239 
223 224 
108 86 
41 39 
249 252 
146 159 
133 32 
62 112 
75 108 
129 119 
40 104 
88 113 
68 31 
20 80 
67 86 
62 23 
255 230 
250 251 
69 104 
104 127 
120 90 
131 79 
58 71 
28 95 
238 239 
251 253 
146 159 
94 46 
52 43 
165 178 
82 113 
19 27 
153 167 
144 157 
136 136 
23 13 
66 42 
55 104 
88 61 
182 188 
78 9 
255 255 
178 190 
217 219 
232 233 
250 253 
41 104 
251 253 
90 119 
128 139 
50 85 
41 83 
39 30 
201 203 
189 190 
202 202 
133 142 
5 36 
177 183 
78 117 
21 57 
225 229 
74 116 
5 24 
247 247 
52 75 
252 254 
145 156 
64 110 
156 151 
18 58 
100 121 
61 42 
98 67 
255 255 
171 62 
105 127 
81 73 
180 191 
231 235 
149 164 
250 251 
77 92 
14 51 
165 174 
199 208 
147 158 
123 81 
240 241 
162 156 
12 53 
229 235 
12 64 
132 81 
10 15 
125 136 
238 241 
232 237 
75 72 
35 72 
82 94 
242 245 
160 172 
255 255 
111 100 
210 213 
169 180 
211 217 
178 176 
133 97 
33 87 
130 140 
235 240 
71 85 
224 228 
166 125 
115 90 
247 250 
255 255 
237 240 
255 225 
81 113 
53 99 
229 229 
12 35 
178 52 
246 249 
230 236 
33 6 
198 205 
229 230 
255 255 
74 104 
59 101 
45 106 
74 46 
29 97 
37 34 
112 110 
36 12 
33 70 
16 32 
36 41 
145 153 
189 195 
7 48 
75 89 
192 196 
112 129 
255 219 
30 67 
227 230 
202 205 
229 181 
205 209 
246 249 
147 158 
9 58 
74 56 
215 217 
175 188 
65 26 
248 250 
94 120 
215 169 
92 12 
22 75 
144 142 
210 216 
20 29 
191 195 
81 115 
187 194 
11 57 
236 236 
248 247 
104 73 
196 198 
216 222 
123 71 
178 181 
26 93 
8 5 
24 19 
106 126 
149 161 
44 65 
193 201 
117 21 
159 158 
201 157 
85 112 
151 166 
224 225 
41 97 
184 180 
106 128 
88 111 
71 10 
99 124 
92 115 
45 75 
38 70 
99 123 
123 100 
54 40 
16 68 
112 74 
47 6 
39 98 
254 255 
198 200 
19 6 
2 23 
245 248 
116 76 
154 150 
138 147 
198 204 
119 72 
150 164 
142 154 
243 244 
165 179 
109 130 
165 165 
19 18 
181 182 
190 201 
162 169 
239 244 
242 247 
239 240 
181 186 
161 166 
121 100 
164 125 
242 243 
250 253 
253 255 
82 117 
242 245 
98 14 
255 255 
80 8 
134 137 
186 194 
18 69 
131 26 
156 158 
72 108 
202 208 
31 27 
233 238 
172 183 
204 209 
157 161 
254 198 
127 28 
95 123 
206 213 
45 92 
223 174 
235 236 
105 16 
103 119 
103 79 
66 81 
180 188 
81 12 
124 68 
214 219 
16 72 
94 116 
68 45 
144 155 
182 118 
73 50 
219 220 
161 173 
255 255 
206 212 
217 219 
220 222 
50 25 
159 163 
21 39 
111 60 
81 60 
237 239 
78 118 
172 173 
131 141 
217 218 
171 171 
50 105 
255 255 
29 84 
163 162 
128 139 
13 14 
108 59 
176 175 
6 55 
150 164 
164 177 
238 241 
60 42 
184 183 
230 232 
206 211 
21 1 
199 207 
255 255 
50 5 
124 123 
241 242 
31 65 
86 63 
131 25 
19 24 
86 65 
66 16 
152 155 
10 24 
205 211 
42 9 
246 159 
163 172 
144 155 
50 46 
161 161 
90 115 
173 47 
42 64 
35 0 
186 78 
230 233 
36 18 
202 206 
197 207 
115 20 
193 199 
49 107 
116 67 
78 117 
3 34 
255 255 
134 141 
145 156 
219 224 
103 126 
43 76 
73 49 
215 221 
115 130 
101 95 
53 5 
122 91 
128 139 
241 246 
85 115 
127 138 
82 118 
72 54 
129 127 
81 118 
139 149 
85 115 
88 73 
209 216 
104 86 
33 97 
72 115 
234 240 
43 4 
177 65 
40 0 
220 220 
73 108 
24 55 
192 201 
188 198 
51 13 
196 201 
60 112 
94 123 
93 32 
210 214 
46 106 
189 91 
158 160 
111 131 
20 82 
75 108 
45 10 
163 163 
84 48 
54 16 
163 171 
253 251 
27 57 
39 46 
84 105 
105 128 
176 185 
63 113 
117 20 
175 177 
236 242 
244 246 
225 226 
44 97 
162 174 
219 218 
208 204 
84 115 
143 154 
218 219 
112 124 
255 213 
134 144 
244 249 
230 230 
156 168 
186 189 
197 206 
19 12 
76 47 
25 91 
190 199 
27 95 
100 45 
39 63 
223 222 
165 166 
65 113 
105 61 
161 161 
49 85 
97 120 
43 95 
154 151 
45 8 
141 152 
15 72 
196 199 
133 33 
32 77 
94 97 
255 220 
255 255 
144 154 
193 198 
147 148 
163 177 
18 22 
204 208 
53 96 
24 1 
159 172 
18 56 
54 41 
79 73 
42 35 
176 189 
37 58 
177 190 
59 52 
132 135 
154 118 
157 168 
167 179 
207 212 
128 139 
255 255 
153 153 
127 119 
219 222 
102 114 
9 49 
85 37 
173 185 
218 222 
12 29 
179 188 
163 174 
14 39 
105 81 
151 160 
244 249 
120 135 
2 14 
6 6 
255 255 
184 166 
83 109 
134 101 
220 135 
200 208 
200 108 
185 192 
149 145 
25 92 
66 43 
118 21 
5 32 
183 56 
64 16 
125 81 
85 114 
224 230 
71 29 
102 126 
58 7 
8 7 
187 195 
152 167 
91 120 
219 224 
189 184 
132 141 
122 99 
126 138 
4 38 
247 246 
133 128 
43 104 
81 118 
243 248 
7 4 
155 38 
148 148 
119 134 
128 89 
238 243 
206 209 
75 56 
136 147 
87 12 
96 15 
151 148 
155 158 
254 255 
136 131 
255 255 
180 176 
106 92 
186 190 
155 165 
80 14 
235 237 
251 254 
198 202 
27 6 
31 5 
15 25 
32 41 
35 5 
47 58 
208 99 
255 255 
133 143 
0 30 
96 123 
121 134 
221 226 
221 226 
3 17 
226 229 
76 89 
59 87 
127 92 
38 97 
168 179 
135 143 
196 199 
153 161 
155 43 
235 240 
141 153 
202 112 
60 104 
171 181 
147 161 
125 24 
72 45 
68 83 
0 24 
227 228 
211 217 
128 139 
64 11 
192 192 
43 0 
62 65 
237 238 
173 181 
30 69 
230 231 
199 205 
214 217 
40 76 
255 242 
62 4 
178 188 
153 159 
182 191 
238 240 
183 192 
21 5 
70 114 
229 232 
79 93 
91 121 
121 134 
88 13 
163 160 
243 247 
38 4 
92 72 
43 1 
203 206 
255 255 
156 167 
160 162 
11 31 
51 70 
157 140 
102 15 
207 212 
108 17 
44 101 
1 29 
234 140 
241 246 
9 22 
194 201 
76 71 
46 107 
85 9 
20 72 
217 222 
210 214 
244 244 
43 106 
28 42 
124 137 
117 96 
134 144 
255 178 
160 171 
109 88 
167 177 
255 255 
209 214 
148 162 
16 33 
145 156 
70 50 
110 128 
131 136 
51 62 
142 128 
208 211 
240 245 
48 75 
241 245 
166 177 
18 20 
158 163 
211 163 
116 133 
139 149 
232 235 
112 73 
195 206 
244 246 
210 216 
245 247 
180 134 
1 26 
182 183 
227 233 
94 123 
172 176 
17 4 
132 96 
95 123 
24 89 
222 226 
162 173 
142 151 
224 166 
87 11 
120 130 
245 246 
165 176 
25 63 
52 71 
25 30 
209 213 
202 111 
52 108 
145 159 
24 14 
45 103 
212 212 
210 214 
255 255 
123 87 
156 151 
45 102 
181 190 
107 95 
111 129 
255 255 
32 16 
185 188 
117 132 
239 241 
141 150 
70 44 
146 160 
17 15 
217 223 
137 147 
59 110 
176 177 
28 63 
203 207 
238 241 
176 181 
225 226 
253 255 
57 101 
28 82 
82 109 
100 78 
236 238 
149 163 
199 193 
188 193 
236 237 
255 255 
156 150 
87 120 
131 27 
182 186 
200 210 
251 253 
95 59 
245 248 
131 139 
245 246 
201 205 
184 192 
7 24 
242 245 
241 245 
86 71 
26 62 
167 120 
142 148 
151 166 
207 200 
122 23 
182 195 
223 226 
30 2 
212 218 
89 13 
185 193 
30 99 
168 167 
111 86 
33 100 
226 229 
149 154 
40 38 
167 175 
25 89 
204 191 
135 145 
34 84 
32 12 
57 111 
42 89 
0 28 
197 205 
35 102 
136 146 
142 128 
57 48 
0 31 
75 107 
141 146 
113 78 
206 209 
76 116 
202 206 
101 57 
255 255 
255 255 
22 70 
107 126 
16 20 
165 176 
135 143 
22 55 
17 17 
208 213 
161 172 
49 108 
79 81 
149 158 
37 1 
38 96 
193 202 
231 231 
110 130 
38 9 
139 144 
216 216 
30 2 
61 27 
208 205 
48 38 
162 175 
184 58 
218 221 
205 206 
47 14 
19 7 
117 133 
8 46 
229 230 
226 231 
245 245 
156 155 
15 62 
137 132 
222 175 
65 46 
52 93 
16 72 
246 246 
76 51 
192 199 
40 37 
55 50 
11 23 
148 135 
37 4 
178 183 
58 44 
145 151 
197 205 
161 156 
255 218 
152 166 
85 89 
201 211 
36 81 
104 54 
232 232 
189 197 
44 54 
255 255 
182 190 
255 230 
244 247 
199 203 
17 45 
116 133 
30 99 
58 91 
136 41 
130 141 
216 221 
195 200 
94 84 
146 152 
224 229 
80 52 
178 179 
58 6 
84 29 
240 241 
156 46 
33 26 
242 245 
136 145 
177 190 
56 61 
126 138 
104 100 
26 0 
58 42 
168 182 
212 218 
215 218 
12 25 
224 145 
105 126 
92 96 
185 193 
74 8 
66 105 
74 108 
200 200 
102 126 
57 35 
61 52 
255 255 
134 138 
183 181 
108 129 
207 210 
190 196 
223 224 
17 30 
79 50 
164 44 
8 57 
150 165 
142 154 
228 228 
81 38 
65 86 
203 208 
26 61 
8 60 
252 255 
6 24 
75 46 
15 34 
175 171 
43 102 
96 71 
40 100 
238 238 
121 80 
99 37 
248 252 
15 64 
163 48 
85 120 
222 227 
231 234 
47 63 
124 24 
32 39 
194 196 
100 125 
28 11 
37 74 
237 242 
139 150 
233 236 
250 250 
193 196 
218 224 
245 248 
210 214 
173 187 
227 228 
87 51 
109 67 
16 21 
108 115 
74 109 
244 246 
83 36 
139 150 
122 135 
30 9 
108 129 
239 244 
107 129 
3 43 
93 59 
157 155 
219 176 
239 241 
21 27 
190 200 
255 255 
78 14 
152 153 
37 0 
233 236 
210 216 
133 143 
58 111 
232 236 
191 144 
195 204 
25 10 
211 218 
251 250 
186 188 
165 170 
225 230 
105 69 
58 75 
225 231 
168 168 
2 15 
8 7 
69 54 
87 88 
6 48 
53 105 
72 25 
62 66 
61 70 
85 35 
130 136 
93 40 
187 186 
166 168 
196 205 
165 175 
34 0 
47 102 
52 51 
59 52 
198 201 
201 202 
219 172 
64 17 
210 210 
166 177 
91 109 
178 185 
220 181 
39 101 
225 226 
177 152 
255 255 
64 84 
118 83 
145 156 
202 207 
35 102 
145 154 
215 170 
141 152 
115 132 
243 246 
21 28 
250 253 
255 243 
11 4 
17 12 
203 212 
36 72 
24 15 
255 219 
176 190 
255 255 
114 132 
110 130 
175 183 
32 27 
214 220 
176 131 
191 200 
32 0 
29 48 
223 225 
65 35 
196 201 
202 210 
97 38 
8 54 
20 18 
15 9 
252 255 
33 69 
53 51 
111 129 
244 247 
193 98 
214 215 
3 38 
218 224 
188 189 
143 152 
140 147 
193 149 
17 57 
237 242 
150 165 
224 226 
21 82 
137 146 
227 229 
104 67 
191 195 
215 217 
51 51 
16 23 
228 195 
125 77 
167 127 
193 198 
188 198 
138 149 
150 164 
108 124 
115 91 
210 217 
73 10 
116 82 
101 126 
251 254 
20 11 
246 159 
150 157 
169 178 
95 86 
19 57 
48 69 
222 224 
29 3 
202 204 
83 35 
14 47 
221 223 
142 153 
153 165 
105 63 
206 210 
228 232 
152 159 
188 196 
56 51 
16 11 
135 119 
75 44 
28 38 
148 162 
89 121 
168 131 
246 246 
74 52 
255 255 
23 29 
164 44 
141 152 
244 246 
255 216 
248 252 
116 90 
14 55 
169 182 
88 35 
227 188 
151 164 
133 121 
220 225 
201 202 
174 172 
210 215 
199 204 
28 52 
139 150 
40 49 
120 135 
39 96 
198 205 
151 37 
159 172 
27 1 
160 163 
69 8 
127 136 
139 145 
92 114 
154 158 
172 177 
255 255 
217 219 
7 17 
48 89 
70 51 
16 24 
206 210 
126 137 
90 120 
143 141 
25 65 
189 199 
99 114 
90 40 
99 14 
149 164 
37 103 
121 99 
86 45 
77 117 
146 159 
17 47 
104 127 
63 41 
26 16 
15 16 
213 164 
28 73 
56 52 
204 212 
230 230 
255 255 
193 200 
211 121 
137 148 
14 6 
191 89 
163 176 
51 92 
0 27 
26 14 
176 188 
14 63 
246 249 
27 0 
186 195 
153 148 
7 55 
37 3 
240 243 
95 122 
144 157 
173 129 
187 56 
151 148 
12 7 
113 79 
70 54 
205 209 
123 117 
138 127 
167 178 
52 105 
225 224 
184 183 
143 155 
199 204 
211 214 
211 217 
235 237 
26 6 
135 144 
140 144 
228 229 
46 107 
141 152 
241 242 
73 37 
140 145 
151 159 
194 203 
230 231 
187 197 
176 184 
92 122 
28 85 
219 223 
82 114 
185 189 
121 23 
239 241 
23 54 
106 100 
138 147 
215 216 
255 255 
106 86 
255 221 
237 242 
100 114 
224 224 
241 242 
220 225 
221 222 
164 159 
197 200 
118 20 
55 39 
253 255 
118 95 
236 239 
119 115 
90 32 
3 47 
65 70 
204 204 
232 234 
169 112 
164 169 
175 171 
234 238 
37 66 
74 66 
255 255 
206 116 
137 147 
138 149 
86 10 
149 139 
143 122 
109 130 
114 131 
207 212 
72 69 
19 77 
185 195 
248 252 
106 94 
111 130 
180 170 
117 89 
180 189 
58 89 
209 154 
103 17 
189 189 
142 153 
235 240 
125 137 
43 66 
97 122 
97 123 
101 97 
138 32 
125 23 
192 99 
181 190 
200 110 
175 185 
13 13 
6 42 
247 247 
149 163 
93 86 
41 91 
218 173 
9 4 
140 151 
187 189 
75 110 
237 239 
161 149 
56 75 
41 104 
233 235 
87 120 
171 184 
117 129 
129 24 
78 31 
159 162 
140 152 
85 61 
98 116 
220 221 
178 52 
219 136 
76 9 
79 111 
82 57 
151 155 
0 27 
160 173 
227 231 
46 10 
22 59 
39 93 
22 13 
54 75 
255 255 
250 252 
23 7 
255 235 
147 114 
30 4 
51 78 
23 85 
159 170 
170 127 
7 50 
20 13 
167 169 
62 110 
185 194 
42 56 
102 126 
131 142 
56 22 
190 199 
254 255 
140 152 
94 94 
184 194 
55 10 
106 128 
216 129 
1 40 
69 59 
251 255 
97 124 
91 63 
25 34 
174 186 
209 210 
87 39 
160 173 
131 96 
57 43 
118 86 
151 162 
232 232 
170 134 
173 186 
125 134 
87 119 
167 179 
42 79 
69 82 
0 33 
141 152 
132 142 
181 133 
230 231 
31 84 
35 102 
180 190 
57 111 
227 227 
64 82 
9 37 
95 93 
61 30 
52 40 
2 48 
119 91 
178 187 
56 29 
101 113 
153 160 
255 230 
155 158 
169 180 
111 19 
7 51 
126 138 
83 119 
68 56 
206 206 
93 122 
87 101 
9 28 
110 129 
224 224 
170 182 
29 98 
175 180 
88 121 
158 154 
6 28 
220 225 
224 229 
159 172 
27 10 
3 41 
129 139 
83 52 
234 235 
49 107 
27 0 
79 48 
197 157 
90 112 
253 253 
101 122 
127 138 
44 3 
19 69 
93 61 
78 103 
121 134 
46 45 
70 105 
172 185 
171 182 
4 19 
112 92 
197 208 
145 149 
229 233 
188 198 
119 74 
80 10 
73 55 
47 107 
130 140 
217 222 
155 150 
111 94 
255 255 
109 18 
203 208 
198 208 
5 16 
23 13 
226 229 
153 151 
47 79 
181 137 
210 217 
58 47 
101 121 
95 123 
8 51 
29 98 
176 184 
172 181 
104 22 
224 229 
240 245 
209 215 
121 22 
64 47 
154 168 
124 137 
188 192 
167 74 
241 242 
226 225 
16 51 
202 210 
237 238 
148 144 
173 187 
168 181 
185 196 
17 15 
135 144 
128 97 
168 180 
45 93 
1 18 
60 72 
182 187 
55 13 
200 204 
241 244 
1 19 
88 58 
234 236 
124 92 
178 179 
247 250 
244 245 
95 62 
2 42 
29 10 
219 165 
152 124 
208 214 
137 147 
83 53 
8 28 
23 4 
31 98 
127 24 
224 179 
19 69 
8 54 
62 15 
123 136 
249 251 
119 64 
167 177 
134 144 
27 13 
243 246 
170 184 
30 87 
96 93 
108 93 
160 155 
108 100 
177 191 
63 61 
99 123 
75 59 
89 92 
175 186 
111 63 
209 212 
120 134 
70 7 
79 94 
67 42 
232 238 
230 234 
56 4 
126 138 
255 222 
255 170 
232 237 
241 246 
195 200 
229 232 
134 143 
20 11 
151 146 
142 151 
127 88 
174 172 
113 23 
201 205 
108 80 
229 228 
228 132 
7 10 
245 248 
255 234 
253 255 
174 169 
185 195 
183 183 
233 235 
139 146 
122 136 
240 241 
126 137 
104 74 
21 32 
213 213 
197 204 
18 60 
255 221 
223 227 
198 204 
197 199 
183 193 
117 91 
77 85 
109 130 
16 23 
241 242 
105 66 
250 248 
211 214 
95 111 
52 108 
69 76 
236 238 
6 57 
56 45 
153 159 
206 211 
155 160 
41 105 
164 44 
225 231 
99 73 
190 188 
150 161 
134 144 
252 250 
13 68 
218 218 
196 196 
147 155 
141 103 
254 255 
19 29 
117 77 
104 73 
175 182 
30 99 
255 255 
46 10 
78 107 
249 252 
255 255 
195 203 
21 21 
88 93 
145 149 
20 69 
106 17 
29 36 
45 55 
254 255 
24 80 
147 126 
93 113 
107 22 
165 178 
190 199 
14 32 
235 240 
223 228 
201 122 
98 78 
110 95 
227 233 
174 170 
29 37 
115 72 
50 62 
38 95 
172 134 
55 110 
115 81 
241 244 
131 140 
9 23 
118 69 
41 40 
102 42 
59 5 
250 194 
13 20 
146 146 
97 124 
248 251 
65 56 
9 35 
37 1 
35 19 
33 76 
181 178 
61 112 
116 80 
204 190 
52 101 
138 148 
161 163 
35 96 
162 164 
249 192 
3 39 
134 144 
158 171 
240 242 
250 253 
79 46 
150 165 
13 16 
181 191 
61 37 
49 85 
6 5 
2 44 
206 206 
66 52 
44 27 
155 149 
160 154 
227 228 
5 8 
219 219 
155 60 
136 145 
139 147 
57 4 
165 166 
243 243 
126 71 
124 136 
68 7 
54 108 
38 14 
104 115 
174 172 
132 142 
254 255 
192 196 
68 113 
119 84 
191 200 
190 194 
140 151 
147 155 
33 67 
133 142 
29 95 
72 45 
184 192 
127 138 
135 145 
200 204 
158 158 
69 19 
156 159 
71 71 
68 63 
163 160 
38 37 
172 183 
244 247 
223 227 
69 115 
15 55 
66 34 
137 148 
195 202 
38 98 
4 43 
231 232 
187 173 
150 155 
157 152 
89 62 
54 4 
213 215 
92 121 
214 214 
243 246 
118 64 
77 46 
116 121 
243 245 
121 73 
203 207 
11 31 
91 62 
86 53 
144 156 
175 188 
222 223 
229 229 
164 175 
9 30 
169 180 
237 242 
50 106 
14 24 
194 199 
231 232 
85 53 
236 238 
165 177 
220 133 
60 112 
41 93 
213 216 
81 76 
6 57 
158 169 
32 69 
99 41 
216 218 
88 70 
65 74 
181 191 
143 154 
210 214 
248 253 
190 199 
55 7 
148 154 
34 6 
205 211 
136 141 
74 79 
57 105 
242 247 
206 213 
122 22 
178 183 
184 179 
150 165 
66 27 
132 101 
2 39 
85 32 
239 240 
34 102 
10 12 
213 220 
10 62 
52 4 
169 179 
128 98 
118 20 
114 124 
68 44 
200 202 
222 225 
60 78 
255 255 
121 100 
153 152 
11 9 
255 255 
87 56 
132 141 
77 18 
105 87 
80 62 
180 191 
103 127 
72 109 
138 143 
255 255 
107 113 
142 149 
65 10 
234 235 
128 83 
31 56 
193 203 
217 222 
93 32 
86 119 
98 120 
237 240 
214 219 
203 201 
146 150 
120 135 
217 220 
163 174 
191 175 
220 223 
23 49 
166 162 
103 127 
0 34 
141 141 
58 66 
231 233 
133 36 
50 19 
144 156 
45 89 
107 121 
194 196 
212 121 
245 248 
209 216 
255 255 
38 24 
158 150 
249 248 
168 178 
136 146 
99 44 
130 91 
198 156 
215 219 
49 61 
9 10 
154 166 
246 153 
190 198 
33 34 
51 2 
120 121 
106 126 
225 228 
189 197 
75 48 
61 102 
69 27 
53 40 
61 107 
220 225 
226 230 
135 139 
246 247 
105 88 
255 255 
170 183 
64 106 
63 87 
153 155 
57 103 
18 56 
145 157 
55 110 
248 250 
29 2 
233 235 
19 71 
190 201 
69 97 
199 206 
68 43 
141 151 
88 63 
195 197 
172 174 
48 93 
162 166 
79 29 
146 148 
232 136 
40 87 
174 178 
115 21 
90 95 
31 63 
33 86 
99 125 
107 120 
151 153 
160 170 
171 185 
237 239 
186 195 
254 255 
32 76 
18 49 
10 19 
218 221 
226 231 
247 251 
242 244 
229 235 
39 22 
40 17 
110 99 
245 250 
231 232 
39 77 
119 94 
242 245 
91 59 
174 184 
212 219 
58 73 
114 132 
191 200 
140 147 
172 175 
25 8 
64 113 
131 142 
60 67 
255 255 
103 94 
244 244 
251 253 
12 21 
171 171 
101 78 
1 29 
224 227 
90 86 
21 19 
48 58 
157 164 
106 96 
132 29 
243 170 
107 121 
215 218 
