43690
14054
33011
35573
1979
9932
7696
2896
13971
43217
11410
4408
2792
31822
41509
4911
43047
6194
43690
9725
10958
1018
4069
4117
11043
13670
1247
13640
43674
43646
12378
41006
3987
33363
33360
1593
8493
1313
4314
35564
3936
35377
11304
13722
5223
9499
1392
4243
14233
36255
9285
53721
36254
14218
3576
35698
944
267
7519
10948
55658
40955
36253
2846
43049
41499
33363
8669
1313
35741
35695
35412
33363
347
13224
43514
13668
43190
42995
43665
33368
2590
14058
35635
35590
13015
43221
12939
1618
41822
33000
13822
1707
36225
9081
41808
43690
6944
43690
41701
40924
3643
1493
11227
1088
11170
8351
13893
33044
35632
43040
41686
33331
13013
40926
32968
1417
36223
11280
43040
4896
425
13449
4519
41659
15696
53282
2972
43643
13038
4657
7788
31834
34848
33367
41510
43198
795
32651
43051
14934
1872
7228
33588
3851
35642
43679
4123
43023
1123
35649
40950
35520
35639
55020
1290
11391
12989
34903
43690
35656
36236
46023
11410
35338
43035
8845
35727
7065
3731
33292
10576
43037
6951
9495
11780
54897
962
43219
1299
8737
12125
40908
6152
46962
12033
56369
43666
35380
6262
33442
36213
43185
33252
1575
34905
14695
43656
7332
40950
8048
33252
326
43690
35357
10506
43237
2785
13137
41066
35707
3921
54064
14273
8258
36240
12034
34980
34817
33214
43011
14777
43690
40908
4220
1268
41037
43182
34892
9081
12375
43043
31828
10526
43038
41702
34861
2437
34891
10176
9094
93
1252
9977
32964
43180
14621
35005
9807
11968
1475
33201
36203
12842
2766
8471
36168
41692
7717
8044
43169
11744
32668
36102
33320
9274
33231
41501
43677
43690
35639
33617
14063
57360
41792
43654
36254
3168
1976
43138
41109
43529
33271
48742
32535
43179
33434
41494
51876
41832
43036
34933
1271
41825
7523
32969
36153
35544
14947
9979
41076
4897
14348
53469
1014
43564
43179
43665
32537
13500
9240
1197
43647
315
43527
33449
36163
43195
10463
7946
35581
41114
13154
5758
307
11406
43691
33245
34018
9126
34846
31826
32534
10188
40954
32698
36100
40935
32960
43142
43523
40963
32729
3833
11212
2612
43702
3745
11241
41114
47517
10597
43690
33360
40725
12150
7598
41510
36210
43633
40920
11242
33358
35542
41075
46892
41819
33202
43189
35579
43215
32960
4269
11190
41063
39
495
41694
41643
11813
750
12945
41826
1256
122
13172
33201
41649
8440
43138
41077
35556
33252
1683
43577
32536
11406
10269
41645
35639
43524
13103
34250
11302
5209
1589
36145
1324
14062
40907
33012
40931
10264
2028
1623
14086
43179
41645
14136
33044
40911
2563
9154
32539
47530
41494
35555
7442
11281
43666
41509
7913
10039
33466
1631
43690
32923
43690
33361
1304
4585
53066
1224
41654
12106
10963
35691
43690
43658
36225
35709
34908
43690
14839
43190
36101
13537
116
33231
32530
43567
45979
10547
32668
7178
41816
32967
11418
11985
336
41087
34907
33246
11966
35342
13937
41694
13034
34954
43189
13151
13181
43239
11178
40929
41806
35330
745
33233
11232
4877
11393
32993
44972
32535
41705
35567
2187
3984
13803
58537
3961
43007
8383
43519
33244
2214
43007
13131
43675
35686
33257
43519
33268
36196
814
1246
14604
43511
33243
41680
34097
7882
8106
8738
43190
36167
7193
41491
54137
43529
41015
43690
9726
2821
12973
32741
36143
46891
43503
11149
41492
41633
59752
7238
40892
1557
7816
43575
7508
35749
467
2871
4561
9567
9509
43016
7270
11198
32966
33371
44016
43662
3014
41192
43009
2280
35524
1444
33373
43004
8011
4470
35742
10209
34989
2456
41499
10317
43182
9164
35469
223
14388
464
52959
34916
7692
43690
14146
7548
14135
13036
32677
43690
14949
4706
56032
1526
43017
48033
35655
43690
43690
3834
4119
2235
41110
3485
41030
33304
43529
35543
33360
36155
34899
41077
43033
43700
54563
4067
41185
32863
11409
33501
8809
13258
296
36154
33271
470
54575
2414
7290
34915
41819
43686
8227
9655
41803
46036
54344
33044
36142
54463
11257
8200
11962
2950
52931
2149
9006
3844
33470
55906
422
7447
45682
35643
35578
36151
3552
43689
44198
35512
8038
14949
35561
35724
35634
1299
43690
8696
4312
40967
1531
1491
41876
43018
13285
4239
11784
41022
34830
14523
11234
41499
1433
33252
41700
41041
1031
47373
43666
33256
4238
32651
41491
5644
31832
9230
4041
35000
3756
277
11606
32726
43061
34881
41659
3527
41603
43690
35702
2874
11078
5987
9881
35702
13850
33322
35504
40934
1291
43686
34076
13106
8438
9921
4604
43046
535
43005
4612
9297
43016
43026
9981
41643
43689
33270
43690
13180
14838
480
47475
40942
11812
4446
41068
54294
43169
2405
56400
43689
32728
46988
41500
48739
8981
818
14025
9758
11787
43192
10996
10104
34872
43181
1984
35580
35640
36157
13116
36254
43685
34921
41819
41069
8954
33245
889
42998
40954
14640
120
9382
5887
41075
1125
4431
7521
41695
54986
43571
47355
10077
32977
43238
36252
48686
553
3578
43563
41037
8391
3609
963
36147
12080
43685
14914
45704
12130
33254
1317
55701
834
41821
9352
10939
11755
4308
43026
33007
43690
242
43644
3039
43043
4866
14019
4260
41509
14105
43677
10066
9329
41829
7873
43685
2930
7333
920
32676
7139
35384
41032
8087
13430
7547
11452
1252
43684
43525
43690
43176
36220
35666
54746
14349
33251
43690
36139
2859
40945
43021
43220
33281
8475
9718
10076
32727
41820
1134
11067
9234
1995
33442
35461
8960
41080
34150
43226
14934
35505
41078
54193
43632
36218
40720
41817
35684
14091
928
32678
36262
36202
35691
13624
12943
317
4034
963
41484
13397
2808
41066
32677
41661
34898
43024
2681
40924
12045
41126
43518
33449
8018
35355
41691
12128
36254
9736
8010
43143
43523
35658
35577
41131
1143
14133
41818
7133
41063
33213
2191
33486
10865
8296
43655
43145
13847
14009
8516
9967
11223
13128
35698
33272
7095
41689
14186
43573
41025
3005
41647
43218
7308
8088
3915
117
13179
35578
8056
34962
36143
43034
43507
32650
14542
1633
43689
7038
35521
12372
9034
9845
41053
866
3566
2126
34854
4362
35455
11409
462
10270
11513
43675
52370
53059
11439
13034
41018
118
12137
9037
976
13219
1268
6147
1450
35529
7025
55637
3266
43038
13099
34811
33231
9244
9993
43573
53345
12027
32707
714
13204
35732
289
52343
14292
1196
33046
35494
43552
14460
43690
8450
43690
41675
36223
9039
1225
43690
32993
36208
1509
36215
12092
35729
10022
35636
34923
3778
13846
3871
32668
41686
7920
43195
58140
33367
53782
43646
9429
12089
43664
32651
41645
43690
36193
33369
41016
8066
43522
9874
47695
35704
8325
43690
4919
33221
47561
12929
8004
35741
9389
10582
11292
947
35737
35542
4632
6210
969
10125
11306
9139
730
42996
35634
41679
43227
34011
33231
14603
41031
4004
55708
1962
4010
44110
43664
34917
8805
40961
33514
11190
13599
41192
3789
4667
13153
14163
35314
41658
2881
1722
9987
11993
36250
158
43144
13169
460
59746
9395
41659
14606
43648
14674
3818
4381
35487
2965
43143
570
8685
33609
36260
36251
810
35574
10213
36140
9772
33229
3622
4669
36253
43168
12823
11496
40927
35653
36260
33231
41082
36150
3770
10768
9116
1010
41024
59746
14309
14631
33470
3804
31824
34954
43179
43677
54906
2340
35037
2121
33049
2061
7275
33483
7483
11453
36148
41484
32966
14617
13531
33049
1151
32988
12842
33295
32900
12085
4391
13968
35735
36212
40926
11195
32966
34849
32964
11405
5678
40923
8148
41821
43690
10270
33201
43687
43632
35335
3772
2485
41108
32946
41076
8388
35703
7106
33312
13811
11787
33468
54294
11169
41676
12135
44036
43142
47294
3757
5813
34926
41076
32725
41606
43569
12080
40931
8275
32891
8421
32997
9841
322
33046
41656
41678
8424
33361
6260
43683
13498
41633
394
5783
5221
8099
34821
43685
41006
32536
33004
41818
32966
41007
14099
8095
34829
41705
7554
3982
32723
33626
36219
7499
4251
1073
3756
10578
43004
10766
41694
4039
7222
43024
41818
54699
43528
3079
8286
11011
41485
3588
43633
41595
1123
43791
14114
35548
43684
9421
41605
8709
43690
12033
35483
41825
36225
34815
43575
33367
2831
9375
57218
10233
34887
1038
10885
7956
43686
7288
35573
3696
35512
59069
36247
565
10131
32937
33728
13802
13127
31808
43678
4709
41074
1525
41811
9736
3593
33220
33254
43043
11305
41115
32536
4425
32653
32677
36175
40907
1945
41659
40897
7370
935
14680
13228
43650
384
33244
52923
43632
36253
43045
7356
41705
43169
33380
11235
41606
43009
43646
43230
14323
912
15696
41821
1270
40949
942
14236
1020
14101
14512
47523
41038
43791
33210
41120
55699
35646
41508
41817
43524
41816
8470
11022
33214
2677
46502
35730
910
36148
11015
41655
1681
42999
40926
43188
41830
34984
32694
43143
14744
7401
36140
33252
12129
43000
43185
460
10184
41808
752
326
9778
33012
4310
42995
14080
32963
41075
1268
1055
35701
892
14708
6941
4243
1000
43180
481
32944
43686
2513
7743
9930
34934
10219
42992
6967
42994
32966
13996
1224
43183
9068
41007
898
43575
7699
7273
41082
10868
4708
43635
41609
7695
331
460
33885
2723
36102
33472
55716
41690
41054
11299
32771
2852
43643
4984
33246
43657
4917
36196
8075
11760
43643
7150
964
43139
8419
43229
9662
4725
467
13124
2831
14663
40924
40993
70
3782
54605
36220
36172
41021
46998
11423
38
43689
43515
33000
9827
33254
43635
7669
43188
4136
12016
34916
32538
41104
40959
7399
41033
43690
9075
35687
47063
41010
34792
2040
7541
32945
35499
46797
7981
43690
290
3459
1222
35565
33255
8870
41691
9504
33201
2060
43169
4251
41144
41076
9738
9343
40908
10205
8950
43223
7954
41640
40951
1046
43664
34907
43690
341
4052
9958
54894
11990
14522
1799
1459
8061
9415
33634
2916
48756
40927
11967
5755
33282
40909
41654
9375
36100
7996
11789
52279
10246
4024
949
40924
32533
42995
35565
43681
42994
32718
41113
36185
12946
41508
43686
31823
41687
43651
41652
33247
4514
44036
9850
3130
47014
32729
43640
43040
11035
8222
41107
8836
5784
740
9466
43689
3074
11985
41693
8012
11257
35570
768
43690
43690
32781
33367
41832
310
32643
59745
36262
4010
8965
35665
43044
32902
13003
41810
7466
35685
10170
43644
33424
40938
802
7550
40907
32676
41126
11938
3991
41067
33005
274
12952
1060
2936
43684
14260
35642
41493
8014
6920
32549
3988
43000
40718
43690
32822
5745
12137
3824
36140
40898
46446
7760
33266
36261
11416
43009
46853
33492
1290
700
3740
35692
9440
9877
1006
41647
14010
41493
35133
40933
922
11221
43566
33007
36189
11307
41124
9026
1105
716
11195
35510
36239
40957
40721
41014
41470
1111
5211
9445
9468
1999
2907
41824
2880
43241
43690
2834
41086
43578
1946
14693
35361
9576
32650
41125
41143
9158
5655
860
32942
40932
47351
54602
2041
9439
41488
11799
43193
47701
32675
33011
54138
9869
13056
31832
35534
857
7926
9072
7389
43689
13571
8734
43037
10180
40720
771
8040
43589
1406
41684
48057
11299
32538
41806
35104
43187
32741
14940
35003
10617
9218
9749
47575
46483
41650
285
43567
13242
41703
13749
41599
3643
851
8713
32648
10975
43019
43139
40936
459
32955
796
32730
9696
43519
35734
370
875
4464
34905
35356
14943
33210
40925
32531
969
31825
2755
41835
13135
43191
35501
33418
2385
34879
2824
1518
54578
40951
33244
10957
47345
40721
9167
4045
35231
44097
41649
43678
33014
43039
1817
11205
14394
41607
11240
32964
8322
54530
9315
12819
2083
13785
59184
40729
11485
32741
43649
43672
59076
7514
41102
46983
11903
324
35568
35582
41821
2269
34883
41808
13400
53380
9988
9802
34959
34960
35354
32966
43510
10578
2105
41833
32798
41114
47506
13583
4572
8471
41509
1426
4669
43655
34813
41491
9627
32679
33202
2947
43645
12827
3111
41815
7928
2100
13000
12036
33758
185
9423
1038
41823
33229
55649
89
11282
3986
15704
3745
43690
33011
14115
58878
40997
41075
35536
11019
43143
11506
41693
31822
43676
35729
41688
43684
3832
35737
12041
950
41679
43690
35632
43005
35508
41687
41513
12829
35707
35555
43219
332
35729
33405
10555
1496
35361
43221
7877
34960
43222
1524
41071
43675
1447
42948
14138
43048
35374
13610
44804
549
43554
13449
43516
1954
2051
12940
54245
35647
9718
1890
11141
2630
44
33360
35689
43519
7615
840
40926
14131
1206
44597
59719
553
12086
43045
35368
42991
8646
35571
43048
32667
43589
55710
43690
942
4947
13667
7244
8495
43633
41024
9936
42950
34819
11395
40935
11466
12153
35670
41657
32675
13151
43552
332
41660
689
11289
43690
41114
1565
41649
330
33397
54268
43222
8282
41653
9858
35648
43633
221
3904
3133
32729
46976
43180
11147
1442
43660
8039
36220
2452
34964
3235
8296
9295
42991
35491
1415
7081
43515
36239
9609
40902
33363
309
32878
35706
13128
43662
43030
3720
43633
487
33014
40908
12004
2690
46988
43188
33729
7915
34996
32549
13030
2316
13030
33012
13213
1261
41016
35535
13507
1505
43219
10925
9682
41662
35569
45319
3253
43666
14797
1804
43047
35490
10927
3477
33213
41686
33498
32671
11995
43565
9185
12091
41654
32539
40719
7623
40968
11775
43694
59038
3864
43140
40981
43526
43140
5780
43516
13399
7498
34898
41838
11205
14571
41509
12969
41104
59257
34903
41662
14775
13278
32964
268
46895
43145
35501
10345
2199
35680
46919
10493
12818
33452
32993
1702
32549
35387
968
35645
34871
35566
41644
43218
8121
35548
40728
35749
9812
14228
43577
43179
33211
43518
41062
925
41684
41074
447
35708
13662
35543
2087
43570
2926
514
408
4549
32643
11220
41033
32676
41810
32956
385
44
11457
34882
617
43645
3993
1619
43507
1477
8469
35360
43006
11023
1304
3098
7264
14682
9392
41830
43144
5988
45291
41810
43671
43223
13216
1828
41834
8372
43188
41687
36147
10165
14175
4729
11800
34800
11225
41634
7219
2887
32675
35452
43733
41009
41653
8688
35589
1222
1441
13657
11534
43220
11759
11417
732
33208
32725
35702
44090
57558
810
12929
46874
59721
43687
43664
8772
33213
40721
35375
42991
40719
373
12836
33210
36262
7468
9219
35553
13280
15701
13553
32667
14659
13196
41019
11193
1228
10766
41012
43690
32643
44091
35466
41107
44031
41816
2580
3072
34986
40723
14388
35673
40937
33423
43228
41831
14004
43195
43675
7161
9374
4692
9507
43641
908
7937
1029
11009
55652
10261
6093
33625
12112
31823
43647
36179
501
3167
2676
7540
43190
35649
33367
2771
2155
43526
32651
11497
8497
324
2089
41658
374
7795
2205
33308
35397
34841
8017
9659
52342
99
1025
12378
13182
43579
13015
7576
35503
33455
12378
1432
4477
35738
41648
43690
44110
33672
55645
285
36222
1498
11752
4666
9629
13884
43139
14194
10929
32952
2321
43573
36262
40903
10073
54294
41644
7580
47009
41802
347
33440
42999
33942
43168
1103
10215
1681
44117
43645
3752
35698
41676
7475
34888
41586
40896
34982
43684
34903
54829
33199
4503
35631
36140
43021
35676
5203
872
6208
1237
7163
9729
35560
13118
11303
7218
11610
43675
43010
36148
10180
32891
43507
966
41062
35588
221
774
33046
13196
3794
1425
14342
33817
43685
43579
41691
43795
33903
43690
41807
35741
41064
43689
14080
8058
13170
790
35739
1404
9906
41076
339
32536
13567
3246
484
35489
32539
13022
7271
9838
9357
35655
33233
14664
43007
35645
32535
328
52368
46875
43169
43523
7943
41825
32725
8561
13933
43182
8123
789
41499
43514
9976
14758
12957
35582
1407
36263
42949
14735
11222
36254
40894
9256
5745
7967
55723
3894
8717
35575
43650
7110
34867
41683
32975
42
32676
54786
43776
15707
55083
33292
9281
41807
632
13610
6211
5667
10783
13413
35701
9452
11014
34900
42996
1195
10963
43690
34876
32677
512
9829
8907
43520
14925
35553
31809
41646
14125
33447
2786
8584
40894
11180
36141
7609
53257
34795
4697
35646
43553
43525
35628
33043
4871
2050
43663
36260
11779
35368
32940
7410
2396
35566
11292
7866
40726
32945
32689
43461
10590
4064
14223
32643
43145
36143
43215
2578
43686
41067
1470
13757
36199
52936
43690
9841
215
32667
41489
8641
13044
9180
595
3870
8473
40895
43230
5788
7296
320
43220
34910
8500
43031
2073
32948
33012
11479
43530
35552
14821
11029
8938
2833
7038
35377
36210
43571
43221
3276
967
43690
13644
996
5650
41118
43690
41807
8518
33468
866
13712
1650
52935
3838
7486
321
9974
35466
5981
14768
44
14832
4593
41824
41640
7963
35545
41109
36102
32769
43690
33442
43563
43186
32735
11408
13494
959
12936
10770
8885
33006
35327
53235
10032
43634
14371
9890
14027
1138
11606
3278
9522
1261
920
43225
36206
43686
33202
33015
5747
41074
10505
35633
12032
35727
41055
3867
2596
35375
34958
9046
36152
58505
1991
33330
390
36150
690
43563
13217
305
41493
14251
9010
33414
43690
43001
48169
9699
43690
36260
32694
7999
7563
41126
43578
41828
34864
32651
43690
41655
32673
4448
58244
14214
4754
32966
5210
55703
43026
10130
43021
208
14147
43632
9982
9216
43690
40934
13201
54500
43145
9761
3115
34905
43525
43189
13947
54845
41029
6261
11543
43690
43665
11391
5995
41808
9966
8939
14309
13049
32941
314
34851
8504
43053
41510
1487
11233
33351
3741
34962
31825
43516
10046
12818
43665
994
32538
7067
43136
967
34761
11299
43517
35373
46892
59013
629
43188
31832
11542
41807
10227
41705
33243
36129
10984
9201
2782
43554
46852
43691
13154
2388
46833
47915
33007
41495
40909
36250
12935
2835
34032
43512
33245
1024
2072
2998
2302
41807
12992
797
9897
43045
31809
845
33253
33006
8976
3087
32732
54104
9444
34930
43701
13647
9514
41488
41644
36237
1066
131
32549
56502
36140
40938
7396
11027
4964
345
345
546
36246
40895
1022
32727
7151
12154
42991
11255
33200
35343
9999
9752
42949
31826
43660
2726
12827
41011
14198
35579
2182
8730
33444
3580
708
45844
44976
155
13068
41481
3407
41824
11237
41500
11038
13118
12826
10618
6037
32531
2482
36159
33044
43503
33496
44196
7586
43697
4135
36158
41643
35549
41019
40963
43686
41030
2165
3452
13226
2883
33246
707
34899
33217
43044
41055
43020
15717
3331
32532
15717
35523
914
33261
32668
41078
8859
12104
13155
47319
1522
8773
43139
43559
43513
43684
40965
10562
35629
35518
40941
8328
3844
34405
43683
35350
46615
41496
43170
1394
43187
35382
11396
2981
41009
3635
35704
32968
43655
11257
43665
41642
33307
772
11415
41024
43571
6190
10151
13199
10982
7733
13929
1492
36252
2263
11536
59734
43690
8338
35643
8125
55206
14927
14464
36235
41820
36188
13782
43690
10571
35575
1192
41069
7276
33046
31832
43526
12985
43033
14749
43220
36157
35351
11779
11293
31826
41072
55655
14368
3466
43690
2164
35567
41085
13209
1023
911
43236
12080
41111
43143
41102
12034
2322
41807
12945
1122
5673
34921
34917
13402
414
43574
33374
41490
42992
11409
7927
32724
40910
36219
2703
33013
34904
34884
10551
40733
9357
1274
10548
33402
33004
14780
12083
35513
33303
2978
14000
40909
13237
12154
35578
43517
1921
32977
41651
33372
4517
31820
11036
13908
11130
1042
1598
32960
13573
35577
35693
43690
40938
14733
43181
11544
7128
8229
13058
13250
43651
33398
32667
43690
43686
46138
7607
33275
34896
11233
3671
12941
41491
1226
7621
33004
9797
13134
11994
40936
971
11401
11510
33352
43681
8381
1081
3844
13046
4849
35699
8073
8417
43185
887
2063
11188
43505
5747
40928
41679
3587
43526
33200
33305
10099
8755
34900
42995
35632
41128
32813
47082
41505
7487
34966
41117
7125
8398
11715
33044
1271
41685
41116
41498
9938
31825
35469
9931
33233
710
13133
1312
43016
13154
41665
5968
13206
43461
43689
13190
36186
14301
41699
250
54218
52274
13647
43001
12821
10587
43684
43142
242
1904
11162
41133
1172
43654
32643
42999
10470
43197
13021
43033
11416
41653
32531
33508
47061
43663
33046
35407
43018
12012
10168
43663
43141
10195
10217
756
11603
209
41604
3757
13124
41683
43045
43690
13482
1106
41036
13602
41025
43002
32742
41072
1082
47306
44116
11763
8891
43238
13423
43686
8776
10439
13225
9406
35729
1318
14637
41648
40937
1751
1134
43035
33360
35373
41878
43689
784
43685
3218
33244
41691
3611
14911
43024
8839
5993
43503
159
4338
9841
14239
12838
3341
7423
34878
2041
41103
43647
43527
34856
12042
59746
41699
34953
52978
4445
3445
11306
43657
12103
14387
580
43564
43018
32530
43777
36166
43689
1675
1633
8128
9598
32969
10441
1147
40897
43663
9829
11239
5981
1411
1664
55898
43690
4312
4681
43178
1094
32647
43529
10379
3796
43677
12991
7553
40721
841
36252
13164
330
8300
340
14547
41828
32642
942
7891
43573
10436
43046
11288
4974
41090
8630
3346
5757
35628
35687
32530
12945
11255
362
36101
34919
3797
9983
13179
35344
35727
41017
13137
14914
35527
57511
11455
7335
9362
1118
14943
11257
35541
14597
1042
43690
41106
12933
47471
125
32647
4364
14760
3221
34925
43568
11503
41801
11281
52276
33327
9013
13405
1299
32701
34025
36238
35705
41502
9944
33014
44091
5763
43181
34951
7903
47478
32954
43179
43007
10054
2174
43665
33369
59057
12374
11807
54676
12842
11457
4453
14512
8499
3139
44011
43659
11987
11029
9860
55888
13691
14341
43179
43676
33369
7426
2933
35741
11437
736
36220
33363
32896
462
7880
13183
7217
35532
4247
43690
35576
41606
43139
43677
12841
43676
11481
33007
13469
14150
3395
41100
35501
41096
32967
1057
35350
12135
1656
43026
12150
979
43562
13791
43684
33361
12028
33487
1608
11217
2845
9225
43690
58291
11028
9064
35525
43216
36235
43659
8609
1529
34919
41877
33371
9804
43523
34806
1483
43230
14938
55731
153
32537
43517
43195
8335
14031
8792
43575
34896
43690
10437
41501
35699
41700
35332
54962
14102
33012
43503
8486
43024
54221
9955
43633
43690
43505
44030
11432
13084
43042
1119
57500
43645
43212
3735
41069
43047
43690
11820
13278
12829
7698
15698
2103
10750
3658
14013
1962
2267
33346
40950
1301
8582
41018
32681
44090
14673
43035
41117
45858
41816
43645
33371
1421
8078
41684
35589
4429
43662
11286
46974
4874
14811
33622
41702
713
40954
11428
40929
1414
43168
43733
9345
41006
41660
9584
35357
14391
217
581
11026
36248
13915
41026
5666
33451
47410
11441
36225
43009
12994
35450
31822
11541
4307
11253
11509
13878
13954
11210
10613
2942
14768
9708
3819
12987
43689
41084
283
955
43643
9674
33490
33251
41070
9685
36236
33202
43573
35742
31837
34850
521
35367
40893
34887
43461
43569
43519
35549
34877
10617
54217
43529
43677
43686
11421
43575
5208
43690
4970
32983
40930
14775
59745
33444
11802
41830
666
43197
35653
41819
36184
44994
5797
11280
41805
14243
47019
43189
5993
11136
9322
8461
35530
4955
9568
41681
14784
11502
7905
33359
53378
8007
41653
34898
43690
41804
41606
41646
3277
36176
1934
6917
7259
43180
12136
34979
33014
41607
34954
13127
43690
14561
34827
33007
167
6965
35327
1323
36236
35739
43517
2844
35455
43222
41809
312
41066
43690
3895
10911
43527
14676
7233
59758
741
9149
4366
33423
812
41822
3623
48745
34911
33359
2898
34818
11467
57870
13926
3759
57144
43223
3508
41112
41062
5663
41022
13132
9525
12135
1033
43690
32973
33361
42949
11241
13855
8002
41678
32673
10220
3874
9865
33007
43581
11446
32531
11410
8060
54612
11415
33246
11446
9003
41705
10110
12968
12101
43500
3807
57256
3776
41632
11803
1749
41025
40908
3932
41081
12378
11281
7513
41496
12818
57012
36182
31834
14516
11807
3613
34826
7344
3222
34890
43700
1670
2241
11729
31809
35563
12372
5665
35668
43508
43566
43021
13049
34904
41611
41456
11445
33201
41609
10992
44110
33044
43641
43048
36144
35511
41063
501
7695
14382
40897
14394
6243
2410
41641
34861
12034
6936
34818
13464
11201
14256
33491
3609
33211
14911
41007
59058
14075
11607
44037
43690
33358
41021
33333
35748
536
41818
13075
323
36101
1604
2941
8342
2121
35569
2423
35581
2783
32805
54392
36145
35728
41807
33007
43690
33410
10858
41651
11154
1512
7560
35634
41650
779
35573
34907
1131
10088
36245
43641
32725
88
40
43690
35196
11764
54919
48079
41834
52368
40939
33298
14387
7881
5677
1083
57471
4352
9810
11447
43028
4460
11240
4051
213
40928
36223
11301
42949
35475
32969
10569
32530
1060
43561
32827
12837
11415
43589
37
59345
33312
32643
55657
43513
41815
8079
33253
4933
5205
33317
33435
43689
32837
43690
35386
10012
35506
36214
4950
43188
43675
41074
371
358
828
2283
3742
2481
52495
43690
32964
1020
11205
32727
42999
42999
932
43037
8633
13530
9893
12989
35695
32960
41007
36200
59274
43503
33208
53094
13242
35702
36260
5779
7705
8479
960
43039
41700
33007
4335
40960
3781
13655
43181
35656
14669
43049
41068
41687
13850
43771
4038
35572
33430
35523
43518
40725
290
12082
43225
8620
11300
32727
4913
34831
43568
3718
8986
3782
41115
43690
36165
34820
784
13753
33547
5225
41807
5979
13027
1016
48310
43581
893
41031
8303
12817
4978
14800
41661
41496
43552
12835
1820
32539
10555
33044
45297
34895
10033
35732
43690
41495
36252
1961
33361
7986
31828
32997
2651
32852
41487
43579
13765
43576
35735
542
36177
46858
32651
33246
43141
9707
41051
43566
41702
43564
34084
967
35369
43236
11281
35674
273
54960
11280
14379
42994
34909
33217
45758
4986
32718
43565
35737
1686
13701
701
41490
52377
13152
33366
444
13030
41504
41496
43690
9840
33487
13031
35527
10000
31830
43690
3498
35513
32649
43516
33229
7908
36262
508
41662
33252
13211
35329
1701
41114
43517
35347
43021
43686
13272
14582
11767
9316
43182
36254
40982
40947
43169
43690
33484
11391
59744
35538
41836
43676
7184
43643
32992
43565
41106
40938
981
43575
43576
9089
1688
54229
33222
36225
41151
5745
40731
42993
344
41692
4914
40936
15707
35029
10049
12955
43037
33399
2172
34922
14376
46341
33046
14110
3674
13206
14221
1018
41058
12945
33254
32852
2795
1023
11808
33271
9725
41815
12128
41112
7122
43690
43690
14722
11025
528
35737
32960
1579
514
41491
34897
13137
8700
33383
3762
12990
41037
43050
31832
3709
33263
41600
344
3126
41457
2966
34905
57388
41655
41127
3585
282
32648
1212
43047
43033
43554
33461
1451
32889
47017
7933
13387
14784
43560
8031
41023
2171
2585
890
33679
3721
35353
2868
33342
41058
34809
44091
36222
8824
41838
14137
7038
43136
40904
2508
43690
35522
44011
43567
41072
1880
32651
15707
13345
58923
33015
41659
41029
8902
33348
43027
7322
35339
4050
4707
43523
59300
3431
43575
33257
35581
2707
32530
10458
334
2850
35710
41692
41683
819
48387
11031
11610
40936
4238
11981
11804
41088
11240
3020
2761
43690
32978
35372
31825
41811
40902
43007
765
8025
58080
1409
36237
33202
43040
7613
8509
41829
1693
1424
43685
980
7697
1113
34992
13019
9279
13008
43176
9793
6196
43664
14933
58117
11377
42995
43219
2474
5776
2069
41014
11233
415
14045
43511
33233
43193
43656
41017
42948
43643
41496
35638
43039
7354
9462
531
11103
11805
43566
7605
33233
32729
407
31825
43461
31820
1248
7198
33460
46181
43516
734
40892
43690
4264
33409
3761
43193
41702
32964
13209
43194
34389
41055
391
41699
43657
35510
34935
43031
9432
13603
43030
34944
89
213
7975
8831
1300
13176
4481
13650
13639
7582
32998
7473
35467
34940
41059
34918
3756
13035
2591
2783
41085
41101
47007
4355
41480
35735
11550
35559
46153
12932
43021
34537
43690
8506
9779
33361
41113
12945
33357
46961
33211
32671
43571
715
43677
43770
223
499
41845
14032
447
44090
35582
43690
32668
31832
35648
3429
41676
34063
40895
3754
1777
43006
7854
41081
41826
6205
1494
566
190
43685
14002
2588
31830
43567
52231
41513
1051
42948
35489
33215
33269
47512
1602
43511
36237
43022
14519
33255
43036
9445
40954
41684
2570
533
44725
9634
54208
41021
40908
33245
36236
11018
9952
41703
4231
9782
11245
43675
479
48745
33389
35693
8899
1606
13745
43004
348
41118
7584
1195
41644
33213
36210
6932
41810
43226
33429
40906
2789
495
54656
7711
2020
36252
11304
34021
43560
8054
43690
718
58080
33211
43566
44095
43664
9948
1473
35709
7535
46069
36239
54642
43001
41101
34990
41497
41071
1738
33233
2537
32725
12991
41069
59174
36101
332
34821
4313
32533
33262
11510
33432
35675
43690
41606
916
13417
7987
746
41810
32535
11302
32934
14696
40910
11171
7468
5211
36235
12942
10566
7655
12130
33369
1876
11029
2836
590
853
46883
14643
2778
41802
43048
43690
41027
52964
33243
194
57022
35749
13407
965
434
35568
1449
43645
335
40931
33499
1322
3766
43525
11283
33363
34034
57381
33317
207
9724
7976
41816
10868
54587
35731
13177
43011
35455
33200
41071
41499
41700
43188
370
33045
33264
43043
12817
33211
43527
7794
33267
33386
41035
43049
40926
35562
11292
14563
41648
11426
35512
5758
43516
1577
10460
33251
41685
43690
10104
44036
43511
11164
43008
43527
43001
41645
34799
41083
5678
2944
43686
9923
43183
10800
7526
1274
8215
41120
43140
54081
34937
34992
43186
13981
8264
43690
53068
33252
33245
4984
33654
54547
31837
32675
41807
8315
14836
40932
43664
10002
31833
35292
9944
35529
13351
47303
6036
35490
33213
43503
32536
13923
11207
11206
10258
59076
5740
52229
35527
52372
35644
162
1234
43562
36254
8909
14214
47005
219
33231
35508
11793
43180
34738
13605
12841
43142
11391
35631
32690
59755
4521
36179
33210
7240
11188
41633
57500
48005
4241
11776
7277
33392
965
34899
43034
3602
1651
14286
461
13787
43690
43678
298
43792
54435
356
13811
14468
36155
54193
1305
457
34942
13224
40935
2436
11240
33017
3198
40897
43689
33210
8872
40934
3953
31822
48105
1257
8158
43674
11257
7226
1997
35640
41485
7552
34899
54959
2862
9768
36243
43136
34002
35639
32743
11392
35728
13843
8477
1025
33211
32966
34082
43049
14575
12945
35526
13206
43018
8452
1144
8876
3085
2928
1294
9936
35553
3097
11160
36201
44011
33435
35699
5968
1306
32530
11408
8154
41128
11293
11662
795
31831
43008
35704
15709
35663
11307
33458
996
43001
43027
36101
395
1252
33006
7327
43145
13132
335
8021
47432
11460
43682
11229
32531
3829
14774
7176
11843
32727
2215
11991
35635
35705
927
9968
41881
33336
43224
40908
9683
4966
8062
12816
33012
41661
33489
9987
43690
5981
41829
41878
921
462
43037
33492
13824
34264
41703
2875
11218
11280
1509
15709
35562
35657
6014
43027
43579
41494
5757
7935
36140
32539
40944
56531
43527
43015
1541
41826
43181
33296
35638
35697
40923
508
33045
54953
35696
14242
941
13616
35537
3948
41104
43577
942
7212
43190
9888
35339
43633
43553
7169
1250
413
47070
54298
41492
33252
7326
794
303
15705
5781
45839
14774
1494
4009
32549
43660
9535
35732
33044
436
43571
35628
14569
10235
9995
34757
10442
35580
2732
11210
8074
8849
35643
6912
41489
32724
4137
8619
7883
43196
43218
4058
32530
44035
45371
43195
43581
41029
43225
32963
479
33305
33217
9877
34990
5654
41106
10074
43041
48160
113
43643
43795
43686
35005
40932
35370
43142
33249
32550
43523
32535
9358
1969
41506
41057
1630
44036
42992
41070
41004
40726
9950
8648
31837
533
43527
9447
43652
41499
11520
13152
8395
43182
1405
2865
33430
41809
36197
12840
58080
43030
9286
35492
36247
33044
43702
14923
41608
40992
33354
55014
43689
758
9672
9345
35649
15707
43690
3602
11833
43665
43690
41034
546
8851
33336
14729
5991
2017
2510
43689
14528
54515
11512
6009
35741
40897
1108
43503
42991
53031
9304
9985
43236
34994
2018
9701
2648
14275
33996
13163
9734
43577
33013
892
9517
2177
6258
4062
45026
843
33288
11257
43663
8169
1094
3762
3488
14073
35383
12377
9786
46342
13089
33244
34822
12975
34870
45035
1050
33044
36153
43524
43677
7683
36237
857
35524
3042
13464
39
1268
41128
7966
3359
33502
34756
43039
123
41610
58399
33257
33248
4059
34861
43530
9579
32538
4133
13166
3650
11119
34990
32966
43689
41018
12089
9775
40895
40952
33231
33354
13998
32967
14340
7705
40938
32531
33046
41104
33448
4380
33445
8234
8133
34831
2093
35653
43567
42992
12084
1472
7842
33243
41033
12984
1247
43221
35252
33395
33467
7229
3876
41510
11291
41512
43571
9532
7693
10971
43572
9602
41114
784
7225
7303
33360
35589
41643
43042
34917
791
35699
43511
13128
830
41009
43221
7304
43182
35736
48075
12378
14264
41689
9051
1405
36157
14001
6214
41604
9172
8429
35524
33201
41496
43667
40897
3882
33398
3730
41822
32955
8369
13186
43569
41805
5746
35353
35397
36237
4427
54923
1049
7577
43519
12946
158
41675
1432
3872
35694
54950
5678
10996
7904
41102
43005
13580
43690
10617
33411
134
43690
7295
32969
4599
10108
7254
35525
11242
11801
32945
43690
11108
33223
4333
43145
55717
1727
41036
41661
7513
11393
11214
43505
41681
41094
33330
32725
41657
34907
35242
41647
1558
34840
11242
1038
32930
13666
43220
59017
3233
33360
14226
11054
41014
52955
43643
41705
43690
3454
33474
43651
35692
33254
6239
55651
47430
41680
2642
141
36216
48765
40898
2061
3851
10883
11026
43025
40904
8015
13261
4468
2929
13236
43001
43032
32976
43563
10027
43690
35707
11972
13546
33420
13268
1604
33362
13163
43662
349
43142
14778
40893
11928
41067
7903
33230
7231
41012
34980
13401
34866
4524
33334
48256
14207
35666
5660
8857
1706
14103
11252
11055
33406
34894
35630
43180
40931
43689
14074
1549
865
41655
43033
43632
43574
43230
3459
3521
10489
43639
43221
14054
9921
43575
7200
35646
41695
13613
32668
40895
33269
34981
385
12033
33017
13663
43690
10217
43552
43676
841
34954
9319
1016
43023
8914
564
2638
36171
10476
59723
45515
11054
41683
