148 253 
83 35 
109 180 
38 186 
195 65 
248 174 
231 91 
210 88 
187 107 
104 243 
155 156 
233 52 
213 92 
119 159 
49 184 
220 12 
88 229 
255 72 
148 254 
249 157 
14 67 
168 39 
214 23 
223 29 
26 75 
202 117 
171 63 
201 125 
146 255 
131 247 
133 108 
17 127 
190 4 
122 207 
94 194 
120 28 
198 144 
149 56 
226 30 
47 190 
221 40 
7 98 
113 130 
198 114 
237 18 
254 142 
139 57 
227 23 
182 126 
119 210 
236 145 
193 1 
137 217 
177 121 
183 4 
83 209 
173 36 
194 31 
252 67 
19 77 
255 169 
13 141 
149 221 
220 84 
88 227 
47 170 
103 198 
204 148 
151 56 
137 224 
63 195 
33 71 
116 205 
188 11 
162 140 
120 247 
203 119 
100 234 
98 242 
138 253 
73 180 
209 92 
179 114 
95 216 
123 224 
78 63 
91 227 
157 99 
172 82 
34 184 
43 116 
187 124 
105 28 
92 200 
218 145 
35 170 
164 255 
254 116 
150 255 
50 204 
53 204 
184 5 
165 69 
47 90 
157 19 
39 47 
209 141 
186 115 
117 193 
73 205 
84 221 
53 192 
13 106 
83 65 
60 210 
41 120 
166 73 
101 205 
100 128 
84 224 
233 20 
208 45 
84 30 
242 60 
75 228 
114 69 
168 7 
216 72 
132 250 
172 126 
245 50 
236 67 
104 154 
3 101 
86 191 
52 173 
120 249 
162 17 
139 187 
89 224 
110 48 
133 22 
231 124 
17 62 
210 22 
87 215 
138 251 
222 25 
86 233 
152 19 
31 171 
21 170 
36 187 
109 221 
166 3 
153 56 
97 116 
168 111 
105 213 
152 251 
33 172 
146 221 
197 20 
151 150 
6 117 
91 234 
213 161 
105 217 
254 91 
187 7 
4 87 
252 180 
88 232 
253 113 
253 144 
44 49 
149 9 
174 44 
94 233 
167 65 
211 154 
168 169 
61 211 
255 65 
177 20 
131 112 
211 0 
141 255 
6 105 
255 80 
5 100 
32 147 
118 248 
147 212 
121 25 
102 213 
96 35 
133 245 
234 98 
24 177 
223 106 
132 204 
200 31 
146 255 
12 139 
238 185 
100 242 
214 94 
133 98 
32 194 
99 217 
188 5 
161 7 
171 114 
213 123 
64 177 
81 83 
9 125 
3 100 
70 172 
80 207 
101 50 
149 249 
54 206 
221 21 
158 53 
65 215 
103 232 
53 179 
217 145 
129 109 
86 228 
51 101 
236 185 
85 230 
51 210 
5 108 
196 99 
45 173 
223 162 
222 134 
173 26 
170 61 
149 8 
110 189 
105 235 
167 94 
4 90 
255 159 
57 45 
175 79 
77 179 
40 152 
128 87 
211 103 
201 142 
24 140 
62 221 
230 84 
225 106 
102 230 
53 40 
134 181 
131 220 
5 95 
235 138 
136 210 
45 164 
142 255 
177 255 
95 217 
3 75 
177 111 
255 10 
66 223 
133 241 
139 218 
227 49 
159 11 
93 225 
30 189 
115 236 
23 115 
255 11 
65 133 
107 233 
13 118 
60 220 
255 12 
36 198 
86 228 
27 153 
154 49 
59 219 
252 65 
66 144 
97 208 
13 141 
130 60 
240 178 
23 173 
234 21 
162 97 
255 224 
178 51 
125 244 
106 232 
139 255 
67 132 
190 131 
243 134 
133 25 
128 242 
193 24 
114 240 
5 102 
37 158 
115 247 
225 184 
220 95 
103 221 
27 148 
132 101 
237 8 
198 31 
106 119 
142 244 
123 202 
112 29 
218 128 
2 98 
77 125 
155 203 
226 164 
16 155 
40 100 
122 218 
50 200 
63 147 
98 235 
112 236 
12 129 
81 146 
209 25 
36 78 
207 96 
134 241 
192 12 
152 182 
28 147 
133 33 
152 7 
151 255 
80 184 
53 201 
90 97 
180 2 
52 180 
67 182 
133 250 
78 218 
112 149 
56 159 
9 131 
23 172 
178 19 
30 176 
107 198 
100 229 
109 223 
108 244 
58 141 
203 5 
26 60 
43 204 
183 26 
195 40 
67 224 
72 214 
50 47 
194 57 
140 89 
46 209 
155 46 
179 27 
71 66 
79 181 
76 228 
200 138 
94 227 
28 187 
21 161 
110 193 
178 90 
118 244 
95 164 
149 153 
219 179 
71 203 
91 215 
114 243 
172 134 
99 36 
157 173 
244 26 
181 80 
47 168 
154 61 
178 110 
40 195 
94 170 
44 197 
220 178 
201 71 
105 39 
175 109 
108 232 
70 206 
177 112 
93 179 
75 218 
207 90 
229 129 
102 169 
136 30 
53 215 
29 174 
246 89 
139 159 
140 255 
52 167 
226 90 
237 169 
0 87 
174 85 
162 255 
4 74 
155 255 
79 184 
132 38 
236 43 
224 1 
171 65 
63 205 
158 153 
19 58 
43 178 
255 80 
134 244 
129 215 
82 209 
55 184 
148 255 
123 64 
100 236 
76 197 
193 137 
173 19 
85 183 
121 185 
128 249 
237 12 
241 185 
117 170 
237 119 
31 164 
74 157 
162 167 
54 47 
201 27 
25 113 
66 192 
131 206 
63 39 
9 128 
95 29 
69 225 
169 126 
5 110 
99 229 
107 87 
168 135 
108 245 
43 44 
29 182 
39 190 
5 115 
195 55 
148 215 
154 180 
241 26 
154 161 
68 142 
255 19 
88 159 
62 222 
52 195 
157 7 
192 5 
190 128 
210 1 
219 36 
75 219 
204 141 
110 235 
89 183 
209 85 
74 214 
81 71 
143 255 
18 145 
82 172 
110 233 
29 121 
18 126 
164 14 
138 34 
170 97 
124 250 
119 199 
60 215 
150 20 
224 85 
220 123 
212 154 
100 235 
35 154 
241 109 
41 191 
163 6 
117 233 
16 151 
164 255 
248 157 
217 89 
163 103 
156 204 
99 205 
181 18 
116 247 
26 56 
44 203 
70 198 
250 13 
229 119 
60 211 
134 21 
231 74 
123 247 
255 63 
102 214 
201 40 
216 86 
240 50 
255 136 
254 144 
81 220 
225 113 
27 64 
81 165 
67 175 
246 49 
132 247 
226 66 
58 75 
77 221 
201 78 
55 201 
162 73 
66 172 
73 218 
229 95 
235 56 
122 221 
224 170 
4 106 
191 105 
47 181 
78 28 
106 239 
227 134 
8 111 
182 19 
110 65 
200 41 
245 1 
47 177 
234 88 
155 252 
180 117 
249 75 
177 112 
66 52 
113 163 
156 255 
156 70 
248 57 
181 1 
176 75 
83 210 
248 3 
45 186 
148 255 
155 255 
207 22 
220 25 
203 83 
27 180 
210 53 
21 168 
1 82 
116 239 
11 136 
151 219 
62 185 
106 213 
27 185 
97 240 
136 242 
61 37 
211 18 
69 72 
17 59 
85 101 
0 83 
207 165 
67 38 
183 11 
68 190 
27 119 
200 38 
46 43 
190 101 
232 116 
39 168 
31 167 
147 255 
206 130 
255 155 
42 205 
208 15 
148 14 
124 197 
112 212 
95 27 
121 148 
207 123 
63 38 
219 71 
243 2 
214 71 
220 146 
211 24 
0 88 
255 150 
182 6 
245 89 
255 6 
72 207 
90 219 
130 219 
180 4 
142 251 
208 27 
14 148 
231 101 
158 71 
29 172 
108 217 
73 207 
166 64 
171 255 
208 148 
228 31 
13 127 
180 76 
170 73 
53 214 
81 221 
68 39 
228 26 
45 50 
25 180 
2 95 
158 84 
131 161 
48 170 
154 67 
83 175 
65 223 
68 218 
173 54 
167 21 
141 255 
63 151 
228 27 
123 175 
39 180 
242 15 
96 145 
240 129 
217 24 
3 91 
204 24 
194 35 
214 171 
90 155 
83 220 
41 166 
73 227 
215 48 
59 186 
146 255 
50 188 
216 89 
25 56 
229 9 
255 172 
53 191 
182 114 
6 97 
14 147 
60 206 
160 61 
147 255 
130 26 
64 50 
201 138 
247 178 
200 3 
90 230 
195 53 
78 227 
241 42 
230 150 
80 217 
96 240 
241 176 
72 209 
149 255 
34 128 
162 254 
60 54 
148 72 
198 41 
140 32 
20 167 
50 46 
234 59 
25 178 
78 34 
103 234 
187 102 
223 0 
148 255 
157 204 
183 18 
49 162 
255 9 
230 143 
192 55 
177 106 
248 164 
44 51 
105 242 
16 68 
236 164 
12 121 
105 233 
199 63 
117 224 
73 207 
54 177 
172 129 
93 199 
142 254 
52 184 
30 173 
25 177 
223 157 
116 198 
191 52 
93 239 
16 158 
173 98 
185 34 
243 157 
206 2 
21 162 
155 17 
232 57 
251 68 
69 225 
165 3 
126 248 
171 20 
242 160 
20 99 
107 245 
115 209 
255 14 
169 8 
217 47 
127 245 
58 212 
201 139 
191 6 
173 41 
89 202 
82 89 
148 255 
129 63 
236 6 
142 137 
87 178 
168 68 
255 167 
168 11 
31 177 
242 149 
14 67 
41 49 
230 32 
92 237 
130 192 
147 250 
185 20 
129 246 
223 72 
85 227 
243 28 
176 104 
235 32 
48 185 
172 107 
142 255 
244 160 
238 150 
28 170 
226 79 
143 255 
214 80 
234 96 
169 19 
72 124 
247 120 
6 98 
47 205 
225 110 
77 34 
249 76 
36 54 
144 35 
140 253 
116 243 
163 255 
105 230 
144 221 
14 140 
78 32 
161 96 
66 158 
163 255 
117 213 
217 81 
14 146 
80 222 
91 229 
5 90 
200 143 
251 155 
241 160 
147 195 
37 197 
185 67 
17 65 
243 131 
198 68 
4 98 
14 146 
225 154 
18 147 
159 18 
94 236 
162 76 
16 157 
20 162 
127 23 
142 255 
64 183 
77 214 
31 149 
21 150 
174 107 
183 43 
154 193 
98 199 
29 138 
41 176 
199 132 
109 74 
187 17 
206 11 
165 33 
42 150 
179 129 
217 94 
29 188 
132 178 
72 225 
82 202 
86 232 
204 103 
60 209 
127 111 
36 124 
109 238 
4 101 
232 94 
10 133 
58 218 
60 77 
111 207 
248 161 
227 97 
94 229 
112 232 
26 162 
63 204 
47 108 
150 21 
175 110 
28 158 
249 113 
44 206 
117 203 
208 78 
0 83 
34 47 
214 136 
132 239 
98 232 
82 34 
90 33 
195 144 
241 172 
26 70 
163 125 
65 197 
21 112 
250 100 
52 193 
79 34 
118 234 
48 205 
221 66 
74 225 
97 237 
233 104 
224 112 
219 38 
182 35 
61 54 
67 207 
224 100 
16 139 
77 194 
93 237 
124 250 
81 139 
160 88 
175 87 
144 251 
254 104 
23 169 
99 93 
215 145 
255 164 
64 217 
170 14 
218 52 
212 66 
1 96 
234 48 
7 114 
146 147 
176 8 
219 177 
39 48 
142 255 
237 0 
221 1 
38 55 
168 125 
18 163 
183 34 
122 123 
214 147 
182 50 
161 136 
152 47 
255 63 
166 79 
47 193 
255 100 
255 179 
220 58 
83 226 
61 52 
1 94 
98 192 
241 135 
237 172 
118 238 
160 11 
53 61 
15 73 
197 59 
90 82 
59 191 
184 13 
230 0 
175 115 
180 73 
84 174 
13 103 
121 233 
123 68 
154 253 
197 138 
255 77 
77 229 
114 211 
213 148 
139 37 
163 255 
152 205 
69 183 
126 37 
49 166 
166 156 
115 219 
232 168 
115 222 
29 159 
207 24 
181 115 
212 23 
97 152 
54 186 
223 90 
112 246 
233 1 
109 202 
172 3 
130 246 
242 144 
156 140 
143 255 
127 178 
71 210 
150 255 
36 151 
122 209 
15 147 
220 108 
112 231 
255 170 
157 23 
68 201 
206 139 
164 255 
242 29 
29 124 
167 19 
101 72 
225 94 
94 212 
245 155 
253 183 
93 118 
174 37 
76 201 
9 129 
204 3 
254 79 
178 49 
232 162 
118 132 
223 127 
198 55 
93 239 
79 210 
68 223 
98 240 
96 33 
92 188 
86 45 
26 183 
226 41 
255 164 
160 13 
229 43 
255 24 
143 255 
61 191 
100 22 
13 117 
4 73 
26 58 
195 131 
58 75 
209 28 
243 48 
86 77 
82 34 
4 94 
62 212 
212 89 
186 92 
238 175 
53 45 
69 179 
191 39 
96 226 
167 135 
201 42 
249 12 
246 152 
72 226 
172 100 
129 241 
96 33 
192 7 
235 46 
10 111 
213 76 
95 230 
199 46 
205 145 
9 66 
96 198 
91 196 
188 52 
53 197 
228 171 
140 220 
252 165 
64 161 
189 6 
244 49 
69 180 
100 229 
159 116 
28 64 
39 194 
74 206 
107 203 
124 204 
18 156 
120 216 
193 11 
44 42 
218 134 
177 52 
34 193 
248 11 
172 108 
168 93 
0 85 
192 8 
69 116 
4 106 
108 236 
141 255 
145 11 
136 17 
3 86 
211 70 
130 202 
206 68 
229 107 
1 80 
252 80 
35 56 
100 208 
45 136 
154 211 
162 88 
191 137 
104 189 
145 24 
23 99 
103 75 
2 81 
9 83 
124 112 
236 51 
185 108 
71 198 
46 162 
57 208 
29 69 
78 161 
5 107 
112 189 
162 172 
248 18 
70 213 
218 108 
33 181 
146 255 
218 179 
146 216 
140 249 
137 255 
5 112 
207 26 
194 102 
24 165 
22 105 
22 167 
202 140 
62 196 
246 111 
5 93 
189 126 
43 52 
0 82 
79 34 
34 50 
71 225 
151 146 
255 34 
96 229 
175 15 
205 27 
226 4 
19 141 
24 175 
84 147 
60 197 
135 255 
120 113 
55 204 
218 123 
8 68 
204 132 
18 93 
253 168 
198 27 
143 207 
66 219 
78 230 
201 133 
71 176 
255 81 
137 249 
189 132 
68 212 
205 41 
238 7 
229 12 
153 7 
11 117 
144 255 
16 133 
118 182 
81 155 
29 153 
114 189 
17 141 
171 103 
221 115 
2 96 
63 223 
246 74 
222 37 
69 128 
4 73 
93 202 
252 70 
234 30 
154 22 
202 22 
251 183 
74 216 
56 37 
71 226 
219 25 
235 120 
92 238 
29 159 
94 24 
116 235 
231 61 
215 128 
28 84 
51 121 
217 46 
133 249 
82 103 
153 18 
255 49 
174 111 
21 162 
141 254 
248 144 
59 204 
209 149 
147 255 
93 91 
11 105 
57 218 
135 218 
2 96 
120 245 
106 201 
221 85 
243 153 
237 1 
221 168 
27 148 
159 37 
16 62 
215 100 
144 255 
232 113 
40 187 
187 7 
15 153 
230 3 
47 158 
172 9 
235 159 
6 87 
70 37 
190 130 
164 126 
116 154 
138 252 
247 61 
21 162 
175 74 
37 151 
249 161 
216 43 
35 132 
98 185 
84 224 
81 104 
30 132 
145 197 
234 56 
124 178 
101 152 
16 127 
50 203 
188 68 
76 229 
48 203 
244 97 
178 37 
180 98 
166 146 
131 243 
201 37 
145 211 
255 2 
139 255 
99 201 
90 232 
240 94 
65 223 
101 232 
46 154 
159 187 
63 194 
78 217 
130 247 
111 246 
167 104 
188 47 
153 88 
32 166 
164 61 
27 180 
174 36 
179 124 
168 42 
169 102 
146 73 
143 29 
68 217 
255 51 
109 197 
37 111 
255 168 
56 195 
50 163 
32 142 
113 239 
31 170 
202 143 
161 199 
63 164 
202 107 
42 69 
82 206 
187 49 
104 209 
28 81 
67 213 
180 91 
96 241 
63 211 
101 234 
27 169 
4 110 
50 108 
94 227 
171 87 
244 106 
100 205 
117 197 
89 99 
84 232 
117 248 
178 9 
224 166 
34 175 
193 57 
186 13 
252 162 
141 200 
225 27 
93 239 
173 104 
70 153 
22 168 
151 46 
151 30 
40 179 
165 15 
92 38 
252 122 
215 12 
160 19 
106 235 
197 41 
19 104 
146 255 
198 96 
239 78 
245 174 
19 139 
224 173 
95 240 
255 114 
85 233 
117 191 
181 101 
170 64 
107 240 
215 140 
17 138 
185 49 
122 246 
230 91 
226 109 
18 150 
53 38 
247 60 
141 255 
64 190 
232 91 
202 30 
200 42 
34 56 
206 114 
142 223 
1 80 
255 163 
50 199 
66 217 
115 135 
11 66 
219 81 
129 248 
234 24 
96 188 
134 242 
226 16 
24 134 
221 110 
40 52 
128 248 
245 124 
164 32 
91 227 
202 135 
100 242 
255 159 
247 55 
179 9 
167 130 
220 86 
175 99 
67 212 
16 128 
178 28 
200 15 
21 56 
85 198 
17 129 
21 171 
181 20 
46 71 
186 29 
144 252 
115 244 
48 120 
255 164 
106 191 
141 255 
240 86 
101 234 
220 22 
166 152 
54 182 
135 192 
23 156 
12 125 
244 103 
21 170 
157 255 
216 142 
27 160 
188 14 
17 159 
2 82 
203 66 
251 70 
28 116 
11 123 
151 32 
220 100 
158 255 
184 13 
213 55 
167 64 
45 190 
74 166 
215 169 
55 213 
255 139 
150 217 
205 69 
101 231 
235 31 
59 85 
25 179 
249 162 
240 146 
66 213 
227 166 
220 156 
93 232 
216 100 
74 205 
20 167 
156 43 
140 255 
69 194 
156 255 
197 19 
220 32 
246 168 
140 12 
58 41 
155 81 
193 81 
169 77 
223 102 
251 140 
9 66 
211 83 
255 11 
51 203 
61 41 
242 12 
7 92 
53 206 
65 200 
242 153 
109 213 
224 92 
41 55 
239 0 
111 19 
224 35 
183 44 
47 200 
48 117 
90 237 
38 183 
137 244 
87 234 
29 91 
26 169 
10 112 
110 72 
49 175 
142 254 
61 106 
54 188 
131 241 
67 211 
61 154 
242 59 
235 42 
253 164 
231 59 
190 17 
93 157 
138 255 
84 223 
40 87 
205 126 
23 160 
216 160 
236 6 
197 56 
253 137 
145 254 
179 2 
56 44 
60 218 
229 94 
115 143 
71 208 
192 60 
255 77 
144 250 
11 71 
129 211 
42 205 
195 29 
115 173 
254 16 
104 201 
229 42 
222 152 
18 148 
88 231 
11 89 
169 118 
33 165 
247 78 
19 147 
227 162 
128 246 
15 118 
47 196 
188 55 
248 74 
52 204 
137 182 
32 138 
73 34 
224 41 
29 188 
61 133 
195 33 
145 89 
147 29 
215 82 
142 255 
175 121 
62 201 
59 220 
229 92 
253 122 
109 172 
223 42 
88 236 
107 223 
143 246 
9 68 
240 9 
130 129 
199 10 
119 214 
45 201 
41 75 
241 70 
16 104 
87 193 
160 166 
77 219 
168 22 
2 90 
153 55 
199 61 
190 9 
51 186 
249 135 
255 169 
181 55 
74 225 
88 34 
58 219 
46 60 
70 212 
184 40 
23 66 
125 246 
99 171 
15 122 
130 142 
31 135 
216 148 
157 17 
198 60 
28 68 
10 131 
73 187 
14 145 
125 227 
14 129 
66 92 
158 15 
238 19 
246 135 
254 131 
196 67 
211 84 
47 210 
212 90 
107 245 
149 248 
221 82 
21 133 
123 249 
153 17 
179 95 
6 114 
255 142 
76 133 
29 143 
49 94 
232 129 
227 6 
192 48 
10 93 
52 202 
178 16 
27 52 
162 8 
248 138 
38 167 
44 57 
100 236 
137 29 
153 194 
116 185 
161 7 
253 169 
178 129 
77 126 
22 166 
193 45 
223 85 
218 140 
241 102 
146 255 
197 135 
212 150 
86 230 
222 164 
74 212 
192 59 
227 104 
135 255 
158 65 
56 187 
249 2 
119 137 
121 182 
47 210 
30 66 
106 240 
54 119 
154 69 
4 87 
244 186 
238 131 
244 167 
161 22 
37 75 
71 224 
182 13 
126 247 
57 48 
64 223 
194 119 
68 141 
215 45 
172 11 
210 149 
141 189 
16 64 
82 224 
93 229 
35 189 
200 41 
20 102 
163 15 
150 199 
252 152 
109 235 
50 182 
184 10 
171 16 
238 57 
99 212 
9 129 
152 69 
110 198 
65 211 
104 174 
176 47 
90 137 
214 101 
55 216 
86 73 
103 239 
10 118 
7 101 
111 25 
23 140 
218 88 
176 72 
34 49 
15 155 
150 214 
15 69 
176 18 
120 226 
225 132 
220 28 
45 65 
254 28 
75 227 
137 252 
128 194 
83 224 
198 75 
133 156 
126 73 
64 186 
128 161 
127 198 
208 137 
50 43 
233 153 
157 114 
206 72 
192 127 
237 2 
73 213 
33 66 
59 123 
130 243 
145 255 
245 5 
253 63 
23 131 
187 15 
67 35 
199 30 
71 207 
113 223 
33 185 
203 79 
30 151 
35 165 
181 130 
173 4 
239 174 
255 163 
11 124 
15 136 
15 148 
91 174 
126 251 
252 181 
209 66 
31 187 
12 79 
28 155 
137 32 
194 134 
239 48 
201 141 
48 195 
136 59 
244 49 
132 241 
0 92 
41 194 
255 153 
159 200 
128 209 
218 76 
132 249 
138 95 
226 58 
33 155 
222 88 
207 70 
171 119 
159 141 
54 44 
176 15 
247 144 
166 47 
45 209 
57 153 
163 3 
181 38 
66 97 
224 39 
152 90 
206 28 
161 255 
120 188 
174 110 
206 0 
35 93 
21 152 
15 149 
35 87 
95 228 
34 51 
55 208 
96 139 
139 252 
101 214 
53 202 
142 255 
207 22 
63 192 
132 116 
181 44 
65 221 
163 255 
77 208 
80 229 
10 128 
55 199 
58 158 
92 74 
99 217 
25 169 
96 235 
200 28 
125 222 
14 112 
244 179 
170 71 
6 106 
89 227 
222 85 
14 132 
90 228 
177 74 
22 160 
143 255 
112 46 
87 236 
177 111 
87 226 
6 103 
194 125 
233 16 
198 55 
122 241 
187 130 
111 236 
192 65 
207 64 
152 95 
141 18 
46 189 
252 155 
143 20 
25 66 
136 14 
184 30 
87 190 
30 164 
109 233 
240 76 
192 52 
50 202 
177 113 
135 26 
188 31 
251 10 
170 8 
152 133 
90 232 
7 118 
92 239 
208 149 
65 203 
88 225 
119 170 
135 255 
255 165 
158 255 
169 26 
240 37 
202 120 
226 121 
197 144 
134 251 
41 198 
250 172 
90 238 
6 105 
46 75 
51 201 
31 58 
140 130 
9 124 
63 210 
79 134 
125 96 
120 235 
201 28 
82 232 
201 63 
161 182 
164 255 
27 161 
129 23 
83 233 
187 12 
28 133 
97 30 
89 227 
217 130 
68 192 
252 170 
36 179 
134 250 
189 31 
191 6 
230 56 
78 141 
184 17 
106 237 
32 51 
165 76 
136 250 
228 102 
104 207 
190 103 
22 149 
221 49 
214 135 
229 148 
98 242 
10 110 
165 72 
252 91 
113 243 
78 191 
255 152 
24 177 
138 214 
185 15 
10 64 
76 207 
161 123 
132 247 
107 245 
190 8 
135 251 
197 38 
134 198 
61 210 
48 52 
207 104 
184 18 
101 233 
66 39 
225 90 
3 101 
129 187 
163 118 
196 86 
70 58 
79 156 
158 128 
153 44 
18 163 
18 158 
192 132 
125 31 
94 231 
12 65 
255 150 
85 234 
101 220 
255 17 
222 52 
143 255 
156 76 
195 80 
87 226 
10 114 
12 68 
208 56 
94 192 
58 169 
2 88 
72 127 
51 48 
125 245 
231 137 
56 68 
64 212 
109 174 
114 225 
240 82 
14 122 
40 54 
140 241 
209 1 
210 20 
95 231 
49 78 
116 241 
95 232 
246 13 
110 238 
180 131 
252 69 
71 194 
62 220 
142 163 
170 102 
50 189 
158 95 
22 148 
232 2 
91 207 
81 231 
106 53 
65 40 
101 183 
193 31 
175 20 
97 230 
10 122 
57 36 
210 80 
28 164 
168 25 
234 179 
153 108 
2 94 
57 131 
101 30 
106 170 
6 96 
179 49 
57 196 
8 114 
51 195 
71 216 
98 239 
217 115 
20 159 
81 218 
104 214 
164 3 
182 124 
119 245 
108 232 
87 186 
108 234 
60 217 
185 44 
57 181 
19 143 
202 45 
116 222 
203 122 
11 135 
206 73 
126 249 
213 80 
196 47 
207 39 
242 46 
134 186 
24 68 
25 179 
144 187 
33 161 
32 117 
183 9 
184 30 
35 55 
34 157 
173 6 
131 248 
226 44 
107 40 
122 250 
120 30 
203 142 
6 113 
76 223 
56 103 
132 38 
224 59 
227 116 
98 33 
248 153 
27 174 
96 227 
241 17 
255 22 
33 158 
145 255 
94 234 
166 142 
194 75 
37 200 
208 143 
103 237 
55 202 
79 196 
228 160 
182 120 
247 53 
45 55 
0 90 
29 75 
71 196 
234 119 
213 86 
145 189 
7 107 
130 237 
19 163 
67 202 
208 145 
109 222 
168 64 
111 42 
205 118 
46 43 
92 231 
40 51 
153 152 
197 57 
129 207 
119 177 
46 185 
255 32 
255 8 
187 53 
111 76 
186 14 
250 10 
139 250 
140 255 
209 155 
89 189 
127 228 
6 105 
98 242 
131 228 
203 33 
89 71 
112 199 
110 204 
249 78 
237 131 
44 189 
69 37 
159 95 
195 138 
115 166 
176 101 
169 140 
23 175 
25 63 
136 32 
57 37 
16 146 
150 255 
85 146 
249 34 
9 118 
23 153 
255 37 
32 152 
211 91 
179 2 
5 114 
66 208 
149 81 
11 132 
46 197 
11 109 
105 244 
32 191 
182 104 
110 245 
141 255 
243 120 
241 153 
244 60 
255 142 
137 255 
186 47 
218 93 
177 56 
39 92 
255 174 
225 176 
202 2 
3 78 
42 60 
145 179 
129 246 
11 116 
177 10 
228 48 
202 107 
251 70 
98 230 
29 170 
132 213 
148 10 
211 76 
115 240 
122 175 
35 72 
196 143 
187 14 
205 76 
70 225 
186 12 
236 71 
209 80 
3 89 
8 97 
1 88 
231 93 
255 155 
224 0 
183 36 
161 39 
103 92 
169 136 
130 253 
161 109 
248 64 
11 136 
1 93 
113 97 
157 69 
237 56 
89 209 
74 225 
147 255 
255 24 
34 52 
255 177 
182 13 
110 209 
125 38 
46 45 
243 44 
255 150 
188 120 
92 228 
179 119 
13 70 
16 99 
144 14 
119 233 
121 210 
35 192 
244 158 
77 35 
72 216 
247 65 
193 14 
49 213 
189 11 
5 101 
88 236 
48 53 
100 228 
187 61 
225 171 
179 91 
255 20 
131 248 
205 26 
69 201 
78 230 
250 80 
36 162 
97 97 
46 202 
8 120 
141 254 
129 221 
151 8 
106 199 
239 61 
85 213 
144 222 
79 218 
20 149 
238 20 
189 44 
254 77 
143 27 
241 121 
247 160 
33 178 
170 130 
110 127 
233 121 
212 170 
142 255 
78 215 
108 211 
222 164 
8 67 
122 249 
176 47 
57 215 
128 226 
181 18 
192 57 
108 190 
167 138 
210 32 
159 69 
156 89 
100 31 
145 255 
131 253 
53 208 
255 48 
57 48 
156 248 
36 185 
118 220 
29 189 
148 255 
173 103 
223 99 
166 133 
185 57 
141 224 
141 54 
250 177 
26 182 
202 27 
148 199 
195 137 
184 4 
179 10 
10 122 
117 180 
168 117 
226 113 
255 166 
241 150 
45 186 
100 191 
177 100 
76 208 
60 198 
86 156 
200 30 
239 1 
183 15 
102 230 
112 237 
220 93 
51 214 
88 151 
198 148 
103 26 
105 238 
215 117 
185 58 
46 175 
116 245 
241 176 
170 84 
150 92 
104 222 
159 66 
125 211 
84 233 
171 91 
25 71 
103 203 
63 214 
239 143 
240 9 
219 97 
255 159 
200 10 
211 149 
71 208 
131 243 
244 119 
9 117 
57 193 
19 100 
186 32 
150 191 
144 12 
255 55 
124 76 
169 3 
2 85 
231 146 
37 176 
203 53 
194 125 
254 78 
240 11 
50 39 
75 36 
35 174 
249 129 
23 74 
122 219 
97 241 
180 74 
17 60 
147 253 
18 134 
83 135 
195 46 
162 3 
219 157 
111 231 
138 65 
42 188 
136 172 
70 210 
175 113 
7 105 
213 93 
202 152 
56 210 
36 49 
124 216 
244 74 
167 8 
2 83 
245 61 
51 192 
121 238 
116 243 
109 220 
108 188 
243 29 
206 65 
138 254 
120 210 
42 51 
7 114 
13 100 
248 95 
187 99 
55 197 
95 120 
228 77 
64 208 
26 112 
22 81 
128 252 
250 184 
214 21 
179 120 
83 144 
97 230 
75 192 
113 247 
210 92 
144 255 
28 186 
173 79 
191 120 
25 135 
244 1 
147 255 
254 168 
188 33 
101 154 
40 161 
207 151 
172 124 
227 138 
207 48 
212 22 
202 143 
55 209 
107 244 
232 5 
235 106 
193 21 
92 229 
64 189 
196 142 
98 242 
203 75 
9 90 
154 208 
165 181 
117 236 
37 184 
97 54 
138 171 
217 151 
221 84 
254 104 
7 96 
60 177 
126 247 
90 227 
222 57 
176 46 
155 248 
203 123 
185 54 
230 7 
27 129 
158 255 
36 186 
195 145 
1 81 
170 14 
197 120 
178 86 
237 2 
208 21 
253 78 
190 16 
243 175 
9 115 
236 12 
160 79 
178 22 
130 67 
239 39 
57 218 
74 201 
216 102 
12 138 
30 187 
104 211 
11 67 
152 252 
6 103 
127 246 
108 243 
33 98 
102 114 
188 130 
171 36 
82 62 
37 45 
215 164 
141 199 
4 109 
175 5 
239 166 
133 250 
158 89 
254 176 
179 108 
147 22 
215 171 
221 56 
255 134 
156 50 
185 43 
92 233 
42 157 
146 255 
110 200 
120 190 
251 18 
19 146 
239 182 
54 193 
153 129 
124 222 
44 204 
212 23 
150 9 
6 101 
7 116 
211 146 
72 193 
206 0 
162 8 
18 115 
204 41 
105 211 
202 61 
125 243 
167 144 
197 29 
57 219 
178 126 
219 149 
4 95 
146 246 
89 237 
255 5 
253 151 
152 254 
145 219 
53 110 
225 92 
246 70 
32 136 
127 251 
29 177 
15 130 
113 168 
157 255 
65 215 
57 111 
235 58 
231 1 
175 119 
251 57 
85 167 
244 24 
255 166 
94 238 
234 158 
80 222 
191 35 
179 115 
137 255 
240 176 
238 127 
150 245 
68 211 
160 130 
81 33 
96 230 
251 163 
226 56 
112 216 
118 245 
98 229 
186 113 
133 15 
18 158 
255 83 
49 42 
156 255 
137 252 
85 106 
229 10 
34 173 
243 171 
218 151 
173 109 
173 122 
10 94 
189 19 
2 98 
196 141 
87 223 
52 183 
172 75 
92 127 
35 137 
189 9 
13 132 
102 146 
112 238 
241 167 
147 102 
141 255 
160 21 
151 201 
253 92 
91 225 
175 45 
0 85 
106 126 
113 243 
6 109 
178 19 
217 2 
174 6 
103 237 
138 180 
46 44 
37 181 
222 170 
60 221 
107 192 
114 214 
19 60 
236 133 
212 98 
122 236 
170 22 
255 71 
96 82 
185 99 
165 23 
216 3 
93 167 
43 199 
55 207 
72 181 
159 104 
222 83 
131 23 
116 245 
120 200 
161 36 
204 74 
219 69 
196 82 
38 193 
171 116 
161 15 
255 178 
89 231 
100 141 
193 52 
139 207 
77 151 
227 148 
228 64 
45 109 
172 3 
246 137 
12 127 
136 245 
203 125 
255 145 
38 176 
72 219 
120 213 
144 27 
189 36 
124 183 
206 0 
88 201 
43 194 
242 105 
155 189 
236 30 
204 29 
204 29 
199 52 
42 153 
51 206 
159 29 
70 131 
243 126 
114 111 
97 242 
116 144 
125 208 
11 133 
233 176 
247 166 
83 232 
145 182 
136 252 
205 118 
155 106 
16 141 
180 118 
110 223 
205 82 
214 153 
9 109 
218 47 
196 62 
193 18 
255 19 
173 13 
179 133 
67 106 
209 64 
50 213 
162 194 
51 150 
41 90 
170 130 
161 115 
242 188 
236 16 
75 146 
199 103 
36 159 
144 206 
123 250 
1 86 
206 29 
245 67 
255 64 
221 23 
44 166 
73 214 
17 154 
20 169 
12 124 
151 255 
22 172 
210 72 
213 58 
160 138 
213 88 
109 195 
197 62 
99 210 
68 167 
87 229 
51 209 
81 224 
133 81 
172 4 
69 137 
116 73 
46 195 
186 44 
47 136 
123 173 
25 180 
213 166 
163 159 
137 103 
190 9 
179 74 
209 155 
92 228 
123 234 
126 251 
139 251 
14 147 
247 181 
133 225 
23 171 
33 187 
119 17 
210 23 
119 35 
139 251 
24 164 
157 32 
44 181 
103 229 
153 62 
105 239 
5 109 
165 179 
216 69 
20 169 
214 40 
80 209 
49 128 
132 243 
113 140 
140 255 
75 206 
1 84 
163 12 
127 130 
39 198 
123 246 
255 73 
228 157 
164 135 
22 56 
235 84 
189 106 
119 39 
94 199 
205 78 
44 45 
227 3 
162 255 
211 138 
62 200 
216 120 
160 6 
160 76 
149 78 
118 210 
31 182 
22 133 
193 126 
147 250 
248 184 
54 197 
182 73 
26 182 
230 107 
123 198 
126 171 
115 240 
164 109 
98 241 
97 41 
91 229 
56 179 
19 154 
43 51 
77 105 
84 132 
21 147 
255 172 
97 61 
177 5 
149 253 
209 73 
56 197 
19 139 
108 93 
163 35 
167 17 
102 243 
155 140 
25 149 
94 226 
22 137 
81 83 
199 87 
40 199 
132 84 
151 19 
232 7 
36 168 
68 195 
181 128 
182 7 
117 242 
58 165 
42 181 
89 237 
136 140 
222 88 
143 192 
59 210 
82 196 
205 108 
149 205 
80 202 
19 136 
241 183 
129 228 
241 149 
163 61 
240 185 
13 110 
56 126 
159 78 
148 133 
13 143 
2 79 
218 68 
92 33 
50 204 
168 143 
144 132 
86 218 
110 240 
191 71 
24 103 
70 220 
53 161 
241 62 
137 176 
30 80 
192 111 
21 60 
169 56 
176 81 
55 139 
198 134 
55 200 
39 175 
153 255 
38 190 
169 88 
105 230 
52 40 
251 113 
205 131 
69 41 
64 40 
130 239 
25 128 
127 176 
155 255 
143 255 
185 23 
243 72 
18 110 
76 197 
135 163 
209 45 
92 68 
39 187 
170 64 
238 84 
85 158 
253 162 
158 117 
49 50 
34 187 
180 50 
39 66 
35 52 
44 148 
138 243 
205 142 
155 24 
212 25 
173 123 
213 6 
59 193 
219 112 
201 134 
119 248 
190 51 
204 68 
31 53 
111 244 
250 17 
35 191 
73 227 
218 45 
116 242 
117 204 
1 79 
237 161 
210 154 
114 216 
90 237 
70 204 
41 118 
8 73 
189 11 
75 105 
253 78 
24 153 
26 138 
253 107 
204 140 
60 37 
122 196 
157 54 
59 167 
30 129 
48 201 
248 171 
127 168 
8 112 
246 173 
83 180 
196 60 
75 67 
157 61 
80 223 
145 109 
80 231 
249 21 
136 108 
127 251 
150 255 
56 52 
13 118 
76 45 
73 227 
192 31 
123 23 
230 0 
204 124 
91 238 
164 122 
250 187 
141 253 
98 235 
189 26 
189 71 
51 39 
45 105 
145 21 
133 241 
113 171 
87 236 
224 179 
118 248 
167 117 
97 241 
54 76 
68 199 
108 177 
1 79 
185 16 
135 251 
115 194 
23 76 
83 219 
168 157 
225 161 
137 253 
99 237 
228 164 
226 173 
194 59 
215 174 
190 33 
59 198 
205 27 
167 128 
58 209 
92 235 
154 252 
186 124 
188 63 
66 217 
194 128 
43 201 
74 224 
50 116 
21 145 
158 22 
180 14 
255 21 
42 50 
218 161 
104 244 
185 130 
142 252 
208 156 
229 185 
156 132 
248 150 
118 220 
167 69 
171 95 
74 225 
56 203 
185 86 
185 67 
88 231 
149 218 
6 111 
44 207 
142 251 
159 16 
146 255 
223 49 
102 190 
52 205 
215 38 
140 67 
90 236 
215 161 
235 14 
121 249 
174 14 
196 5 
254 168 
179 123 
96 72 
217 62 
250 92 
17 133 
202 66 
22 142 
129 244 
114 234 
2 101 
105 100 
252 15 
64 222 
3 104 
217 2 
234 60 
210 59 
87 108 
133 244 
163 158 
137 76 
202 50 
127 246 
82 222 
139 195 
255 58 
43 163 
144 252 
181 91 
104 35 
213 120 
255 145 
147 205 
229 184 
149 23 
52 206 
135 250 
255 165 
61 100 
249 22 
122 43 
183 87 
255 154 
153 255 
228 31 
246 54 
108 230 
184 63 
72 131 
115 237 
83 26 
190 8 
141 255 
74 51 
247 74 
123 227 
168 12 
106 203 
149 115 
187 13 
212 136 
200 23 
156 83 
29 177 
120 176 
173 35 
229 79 
118 236 
231 186 
90 231 
151 167 
229 21 
31 109 
203 152 
217 59 
240 10 
135 225 
31 167 
82 152 
146 91 
106 136 
207 36 
88 204 
43 175 
190 8 
239 178 
61 54 
16 147 
92 212 
14 139 
98 80 
137 65 
34 183 
255 7 
39 50 
235 94 
239 154 
155 18 
133 62 
80 114 
8 126 
174 102 
165 53 
161 255 
24 146 
163 108 
132 34 
186 34 
82 143 
233 45 
166 81 
224 44 
26 152 
128 249 
29 57 
64 222 
107 132 
239 0 
12 105 
223 148 
74 36 
134 38 
27 88 
111 28 
146 221 
65 199 
44 154 
249 169 
62 139 
229 37 
228 5 
105 231 
2 102 
226 84 
143 32 
15 96 
108 232 
76 216 
239 165 
207 76 
138 253 
91 195 
232 3 
90 87 
48 48 
48 40 
95 71 
37 53 
234 63 
149 75 
197 143 
231 53 
255 48 
136 249 
59 41 
84 125 
251 171 
255 157 
197 124 
148 83 
107 233 
140 254 
83 190 
250 89 
213 84 
113 218 
37 57 
196 58 
97 204 
119 206 
7 79 
201 43 
225 82 
172 138 
231 122 
20 162 
230 25 
255 74 
69 207 
62 205 
93 228 
143 255 
150 99 
139 253 
45 77 
79 153 
186 128 
79 36 
211 63 
25 130 
10 120 
32 113 
76 160 
151 25 
21 159 
139 136 
111 31 
94 239 
152 142 
184 50 
128 240 
190 125 
142 255 
75 180 
165 146 
0 84 
175 83 
30 73 
220 82 
238 136 
158 254 
225 0 
153 186 
214 141 
51 197 
102 241 
95 200 
134 247 
203 156 
178 76 
45 176 
43 205 
62 170 
255 160 
112 237 
0 86 
174 75 
110 246 
159 72 
255 160 
191 43 
76 143 
111 242 
116 248 
210 137 
180 107 
205 162 
122 246 
80 200 
160 255 
233 184 
44 166 
58 193 
54 214 
5 110 
162 4 
79 46 
70 145 
122 250 
201 146 
93 239 
122 24 
245 170 
134 252 
150 252 
111 242 
255 43 
38 59 
67 42 
86 226 
154 18 
255 5 
134 252 
115 247 
187 8 
32 193 
87 229 
150 255 
60 38 
65 40 
135 95 
231 90 
145 84 
208 67 
78 29 
211 41 
180 104 
159 14 
203 77 
39 141 
22 173 
171 67 
203 151 
19 167 
49 102 
242 37 
180 100 
89 232 
26 144 
206 14 
32 158 
132 249 
57 166 
163 70 
221 107 
56 194 
95 219 
232 57 
133 249 
49 84 
180 19 
235 21 
161 85 
4 84 
62 222 
196 60 
15 152 
168 175 
31 184 
169 74 
101 229 
128 239 
241 147 
17 132 
80 231 
255 145 
12 136 
140 77 
180 20 
173 7 
47 94 
58 170 
191 110 
35 194 
245 16 
3 97 
157 27 
38 53 
125 215 
77 218 
171 117 
7 101 
147 181 
42 47 
230 32 
155 181 
32 55 
186 120 
184 109 
62 99 
247 188 
216 79 
159 77 
250 151 
194 8 
167 113 
142 248 
21 125 
182 13 
164 24 
131 251 
252 155 
1 88 
69 160 
24 174 
255 148 
98 202 
97 194 
118 237 
120 220 
135 177 
3 101 
198 49 
8 121 
76 220 
32 157 
126 250 
134 255 
109 236 
15 150 
14 124 
243 189 
117 25 
116 234 
140 255 
143 255 
158 161 
122 246 
227 12 
149 253 
227 21 
12 88 
37 191 
163 81 
252 14 
8 107 
47 52 
28 178 
207 59 
116 247 
60 196 
30 174 
12 117 
255 15 
230 4 
86 117 
51 214 
178 123 
199 13 
99 228 
246 23 
23 61 
236 155 
198 139 
33 180 
237 32 
255 137 
64 222 
150 72 
30 58 
225 87 
146 216 
171 5 
226 95 
66 206 
76 198 
151 253 
41 202 
64 190 
70 216 
178 3 
12 119 
151 16 
255 119 
224 117 
110 242 
135 133 
6 116 
101 178 
61 187 
5 112 
68 62 
158 255 
168 99 
1 96 
121 188 
193 44 
254 117 
5 111 
159 64 
84 194 
84 206 
111 241 
219 82 
7 112 
91 231 
34 178 
195 28 
40 203 
159 255 
215 30 
19 57 
113 234 
182 99 
226 125 
254 17 
196 55 
225 127 
232 43 
13 112 
189 54 
36 192 
187 6 
255 13 
40 168 
81 185 
210 87 
3 99 
32 59 
255 6 
190 107 
205 25 
238 0 
94 234 
211 50 
26 154 
59 216 
242 14 
24 177 
151 109 
255 136 
154 150 
177 57 
163 255 
41 122 
151 219 
78 229 
152 182 
184 118 
227 94 
75 228 
53 108 
223 173 
216 29 
252 174 
115 183 
134 255 
35 62 
79 150 
104 114 
220 103 
12 64 
108 116 
84 179 
36 64 
221 143 
66 223 
234 163 
82 59 
156 144 
119 248 
211 31 
235 1 
206 23 
69 196 
48 49 
115 27 
46 203 
57 209 
220 40 
18 154 
127 105 
111 134 
253 63 
44 192 
153 106 
236 0 
8 109 
112 160 
129 68 
46 51 
188 6 
4 103 
238 93 
223 46 
31 156 
137 241 
184 91 
201 84 
65 35 
117 155 
40 185 
136 115 
245 16 
11 131 
125 251 
123 245 
79 223 
173 123 
78 200 
73 165 
71 85 
36 62 
100 195 
66 195 
18 71 
255 24 
78 165 
138 255 
88 225 
69 188 
11 135 
38 200 
198 42 
232 91 
143 77 
49 204 
140 79 
254 86 
188 104 
75 202 
5 106 
146 124 
251 121 
5 104 
81 33 
30 70 
174 121 
1 89 
215 36 
92 190 
146 69 
17 136 
227 3 
174 104 
214 172 
255 33 
153 255 
65 168 
22 174 
8 98 
108 215 
196 54 
30 151 
71 38 
198 28 
117 216 
114 31 
216 80 
212 140 
211 69 
102 221 
191 98 
103 221 
212 97 
15 88 
128 20 
59 181 
65 196 
39 193 
78 151 
255 74 
5 98 
42 43 
71 223 
42 44 
174 70 
245 73 
75 208 
76 228 
190 58 
36 183 
58 186 
148 20 
238 158 
36 146 
137 255 
119 178 
181 36 
184 28 
166 255 
38 64 
47 44 
159 5 
251 2 
37 199 
238 0 
26 176 
2 80 
115 67 
224 85 
245 15 
158 21 
255 4 
230 43 
255 160 
35 60 
104 244 
237 60 
128 161 
220 31 
188 33 
33 188 
108 208 
56 87 
85 234 
14 93 
56 134 
246 186 
115 181 
147 30 
126 236 
14 61 
79 65 
114 121 
135 255 
183 24 
255 5 
8 97 
121 178 
255 171 
127 251 
36 139 
223 108 
125 200 
237 27 
221 9 
2 89 
9 109 
152 255 
12 63 
152 255 
5 98 
233 171 
12 140 
39 156 
239 36 
103 238 
143 255 
19 150 
185 10 
188 10 
166 11 
154 11 
190 9 
199 101 
255 17 
149 255 
107 186 
165 38 
145 167 
66 127 
93 240 
95 240 
183 40 
88 231 
203 152 
191 137 
255 176 
75 53 
70 199 
51 136 
17 144 
33 145 
243 2 
117 248 
107 197 
233 1 
57 49 
55 192 
103 202 
244 11 
228 88 
199 141 
166 33 
83 225 
59 220 
80 154 
227 35 
12 123 
202 18 
205 120 
105 236 
40 180 
178 101 
89 228 
24 174 
55 191 
84 34 
255 60 
216 21 
48 193 
17 123 
40 190 
109 238 
50 199 
183 12 
159 147 
91 232 
204 158 
121 138 
62 123 
239 29 
1 94 
127 248 
191 9 
226 143 
208 24 
29 139 
146 252 
52 172 
7 108 
189 59 
192 121 
24 59 
243 22 
36 188 
239 16 
169 121 
174 48 
255 5 
131 253 
165 16 
25 180 
212 136 
97 77 
228 20 
162 83 
79 230 
45 178 
120 238 
114 83 
195 76 
123 184 
243 180 
140 205 
255 19 
59 183 
240 166 
55 188 
148 253 
43 196 
123 212 
191 63 
68 174 
223 95 
47 97 
24 98 
199 110 
41 47 
39 152 
130 253 
91 28 
124 248 
69 197 
197 51 
13 121 
176 18 
88 145 
125 203 
101 240 
251 149 
63 217 
126 247 
62 222 
126 246 
124 28 
176 46 
8 123 
106 244 
116 139 
12 134 
183 15 
160 4 
96 124 
147 78 
87 235 
65 191 
51 149 
212 7 
235 24 
26 89 
125 244 
71 198 
177 92 
192 122 
165 8 
41 171 
236 1 
153 115 
113 204 
176 8 
164 119 
65 117 
43 193 
255 72 
255 167 
0 83 
169 122 
43 192 
231 176 
160 200 
165 255 
209 47 
13 144 
152 196 
112 241 
61 158 
227 86 
134 214 
174 10 
84 234 
136 206 
70 70 
8 122 
180 95 
26 157 
112 241 
17 149 
80 224 
148 255 
66 41 
168 97 
45 47 
232 154 
106 239 
144 219 
43 82 
20 166 
102 233 
156 255 
1 80 
122 134 
251 13 
13 144 
54 215 
140 254 
243 116 
129 248 
52 128 
123 242 
23 152 
38 190 
186 51 
121 245 
121 246 
219 139 
102 33 
150 16 
32 126 
118 212 
74 76 
241 10 
130 229 
80 228 
190 13 
66 223 
240 28 
32 185 
137 82 
3 103 
244 165 
156 96 
90 235 
21 123 
207 75 
42 175 
155 84 
93 62 
111 191 
173 106 
209 42 
123 100 
178 119 
165 36 
28 187 
127 81 
121 198 
40 47 
214 91 
166 40 
50 45 
26 119 
250 157 
34 150 
156 151 
25 147 
249 111 
150 255 
155 255 
95 46 
162 197 
195 51 
58 189 
48 133 
181 85 
173 9 
39 183 
71 194 
147 106 
209 147 
38 147 
206 25 
169 112 
57 211 
89 225 
99 148 
212 39 
22 109 
64 155 
190 12 
229 58 
66 91 
213 74 
97 210 
255 5 
67 215 
39 116 
219 44 
181 11 
82 140 
174 68 
87 227 
101 243 
121 238 
4 98 
168 79 
9 65 
193 15 
221 89 
75 36 
154 73 
125 238 
228 96 
30 188 
208 72 
210 93 
166 13 
20 59 
209 32 
21 159 
217 86 
31 130 
34 196 
0 86 
255 31 
131 217 
210 158 
63 221 
176 110 
254 101 
91 226 
35 191 
200 96 
157 255 
28 177 
246 53 
130 250 
22 141 
136 22 
102 158 
114 72 
187 139 
208 1 
131 195 
68 223 
19 163 
222 157 
22 121 
93 239 
232 99 
8 125 
219 29 
247 58 
111 233 
237 2 
172 5 
121 246 
68 155 
95 219 
204 110 
124 186 
222 182 
198 24 
218 82 
128 223 
58 218 
58 207 
191 55 
251 3 
52 97 
212 171 
37 190 
228 27 
54 47 
45 51 
25 115 
108 143 
222 70 
214 96 
152 255 
20 97 
6 113 
107 150 
37 156 
20 169 
76 220 
194 61 
233 94 
255 4 
161 68 
108 206 
103 196 
83 222 
242 74 
195 141 
27 167 
179 92 
149 63 
143 255 
164 18 
232 89 
157 15 
3 96 
166 118 
233 142 
75 57 
105 230 
255 160 
255 70 
139 255 
107 46 
247 2 
129 137 
88 235 
96 235 
194 110 
242 10 
201 75 
14 137 
126 155 
181 7 
181 110 
124 250 
118 200 
103 240 
133 247 
14 145 
88 237 
131 250 
45 188 
96 218 
84 225 
239 96 
250 137 
194 53 
44 42 
44 53 
124 245 
245 71 
105 194 
90 155 
207 39 
80 127 
129 252 
141 177 
169 62 
239 118 
2 94 
186 18 
113 242 
198 57 
61 212 
165 255 
238 36 
9 105 
204 23 
102 239 
60 221 
104 184 
96 87 
106 243 
133 30 
37 198 
202 39 
67 224 
134 243 
11 135 
19 140 
95 239 
244 141 
193 130 
104 244 
4 107 
180 37 
178 19 
218 102 
213 157 
169 66 
166 131 
238 55 
204 122 
200 125 
247 69 
34 105 
252 78 
9 110 
7 113 
39 200 
50 181 
204 26 
170 125 
153 8 
213 96 
20 134 
26 124 
188 16 
231 45 
55 118 
67 195 
54 39 
28 171 
184 21 
162 108 
79 221 
48 57 
149 253 
195 139 
252 163 
82 187 
26 162 
114 76 
51 155 
178 20 
78 179 
76 132 
125 247 
198 58 
139 254 
255 59 
189 30 
196 41 
54 216 
181 108 
202 46 
255 31 
120 225 
160 255 
141 186 
84 135 
33 175 
171 6 
72 227 
127 25 
59 211 
203 25 
192 83 
76 222 
229 70 
20 162 
48 211 
255 73 
166 70 
199 50 
177 13 
144 255 
181 104 
209 93 
64 114 
128 248 
239 0 
54 175 
148 31 
85 235 
10 126 
46 145 
42 134 
131 33 
175 82 
124 250 
106 206 
80 226 
126 66 
151 213 
87 231 
246 135 
15 149 
59 177 
208 93 
167 10 
186 26 
255 156 
117 26 
18 162 
53 205 
129 205 
142 219 
27 79 
245 173 
70 226 
231 31 
250 161 
121 153 
142 255 
199 41 
255 12 
32 138 
44 180 
222 160 
176 83 
191 118 
75 220 
188 12 
27 131 
245 69 
181 74 
72 220 
85 186 
54 171 
249 126 
34 153 
91 233 
23 131 
33 189 
211 94 
195 40 
64 36 
233 86 
197 72 
87 195 
139 151 
100 32 
125 237 
225 99 
152 252 
165 8 
255 4 
151 217 
125 246 
230 34 
138 254 
154 6 
173 77 
94 215 
249 67 
193 20 
80 192 
45 43 
89 238 
28 121 
3 101 
51 212 
22 163 
189 88 
87 184 
200 89 
112 171 
170 114 
30 190 
255 6 
126 219 
189 14 
10 115 
227 30 
63 131 
31 121 
33 54 
13 117 
15 140 
165 255 
61 203 
187 45 
183 127 
222 96 
194 55 
33 178 
77 146 
60 89 
4 81 
175 93 
52 206 
37 48 
250 77 
233 16 
130 215 
133 87 
245 186 
242 87 
82 95 
141 216 
132 23 
118 156 
223 81 
204 48 
194 46 
182 17 
172 97 
210 95 
49 213 
88 224 
164 255 
28 185 
242 1 
123 201 
192 34 
242 1 
113 217 
184 132 
171 41 
204 45 
72 208 
164 77 
131 249 
199 25 
40 194 
1 82 
162 67 
208 29 
118 245 
155 175 
117 205 
130 24 
255 9 
2 86 
192 35 
249 158 
219 103 
32 156 
53 38 
31 51 
73 201 
164 129 
78 214 
7 116 
121 206 
23 161 
46 184 
55 215 
102 236 
184 10 
72 159 
18 106 
85 226 
139 99 
134 209 
113 236 
235 73 
24 114 
35 145 
56 212 
89 229 
68 214 
38 181 
135 151 
84 51 
76 228 
38 62 
13 143 
238 9 
111 238 
183 85 
224 183 
81 175 
60 174 
158 255 
237 163 
239 40 
125 251 
38 47 
77 207 
114 236 
89 238 
72 203 
1 86 
17 139 
250 19 
217 77 
144 255 
245 179 
108 241 
63 35 
251 63 
160 58 
203 128 
42 104 
94 230 
170 3 
15 133 
3 98 
109 244 
186 105 
213 126 
148 254 
230 1 
152 214 
91 185 
230 21 
12 65 
75 34 
114 160 
77 132 
37 188 
209 131 
154 77 
61 208 
138 254 
231 173 
141 182 
13 78 
248 169 
39 187 
189 138 
176 17 
248 27 
10 116 
124 206 
122 250 
99 167 
189 109 
47 86 
72 105 
221 177 
251 7 
250 16 
231 0 
35 184 
231 0 
42 185 
193 42 
174 65 
127 240 
135 216 
220 159 
175 118 
186 18 
182 20 
138 211 
10 129 
43 54 
109 242 
7 71 
193 128 
143 95 
98 232 
135 143 
86 213 
25 85 
251 15 
243 61 
9 112 
119 203 
228 120 
30 54 
70 202 
255 6 
244 2 
230 27 
41 54 
228 111 
16 120 
164 34 
115 216 
93 237 
216 38 
176 87 
172 113 
176 9 
191 125 
175 255 
138 253 
183 10 
255 47 
138 16 
188 10 
188 125 
153 80 
64 187 
128 24 
170 68 
199 42 
9 119 
164 144 
43 196 
197 97 
136 168 
106 182 
225 53 
56 209 
148 255 
105 195 
216 169 
49 199 
221 37 
79 124 
247 2 
163 54 
214 112 
146 255 
122 149 
233 125 
197 66 
84 213 
49 128 
246 75 
103 211 
160 4 
217 83 
250 166 
50 164 
91 225 
89 35 
81 212 
42 107 
156 165 
72 201 
182 118 
200 142 
164 44 
81 181 
129 197 
135 25 
89 227 
171 102 
99 69 
40 189 
119 99 
82 224 
196 138 
183 65 
218 169 
229 62 
214 80 
155 54 
248 172 
49 193 
224 62 
46 42 
27 137 
246 53 
10 111 
53 190 
249 22 
129 39 
83 154 
120 127 
216 105 
42 115 
102 126 
88 25 
161 17 
58 107 
77 215 
79 208 
136 80 
23 159 
114 130 
0 89 
184 54 
85 234 
101 243 
86 203 
205 40 
171 62 
73 146 
236 98 
97 230 
156 116 
195 21 
233 93 
135 35 
38 50 
138 249 
33 77 
92 165 
211 28 
102 50 
237 122 
71 33 
69 130 
208 85 
56 43 
105 220 
67 201 
167 19 
240 173 
62 218 
17 113 
98 240 
61 210 
255 151 
233 27 
221 105 
116 88 
86 163 
81 231 
0 85 
238 175 
157 255 
237 14 
28 162 
55 215 
185 41 
201 43 
86 231 
3 92 
186 123 
121 30 
61 222 
215 90 
31 75 
126 148 
172 70 
112 70 
34 178 
42 182 
214 4 
95 240 
132 254 
61 221 
246 14 
219 90 
104 208 
137 193 
16 156 
203 0 
114 233 
80 216 
179 77 
38 201 
105 232 
2 81 
131 226 
117 221 
72 215 
196 46 
74 162 
255 182 
72 202 
73 40 
175 36 
197 128 
14 147 
223 40 
22 156 
118 245 
169 27 
234 114 
102 238 
253 174 
7 119 
135 252 
121 239 
240 123 
166 60 
182 7 
194 11 
87 31 
49 212 
76 169 
233 102 
186 55 
185 13 
154 91 
253 17 
196 16 
101 50 
124 42 
228 42 
85 151 
136 251 
255 129 
63 193 
99 183 
205 44 
123 246 
88 213 
167 100 
219 169 
235 173 
0 88 
226 184 
115 224 
208 115 
156 182 
219 115 
213 163 
65 202 
254 125 
41 168 
74 135 
224 26 
204 159 
225 83 
119 249 
100 241 
216 26 
101 170 
246 40 
255 21 
109 244 
128 251 
17 156 
92 233 
82 168 
199 41 
1 81 
59 157 
161 3 
3 100 
222 5 
24 149 
242 158 
85 222 
255 4 
187 37 
130 249 
255 46 
146 255 
3 93 
64 209 
8 119 
99 235 
38 129 
111 173 
111 234 
71 140 
240 149 
196 63 
62 135 
30 190 
172 83 
242 39 
87 234 
24 172 
17 131 
55 202 
247 172 
206 149 
111 156 
194 54 
114 235 
246 134 
132 238 
48 165 
47 43 
158 121 
112 20 
104 235 
145 58 
215 86 
20 126 
34 181 
16 122 
107 78 
255 4 
104 244 
235 147 
11 107 
52 165 
147 208 
134 239 
134 63 
69 168 
18 114 
41 145 
162 4 
149 255 
195 59 
253 156 
240 148 
32 174 
142 84 
148 255 
217 38 
51 43 
139 254 
150 254 
30 189 
171 8 
210 164 
20 116 
165 85 
247 23 
201 69 
199 98 
144 252 
95 55 
65 38 
39 49 
217 4 
102 215 
43 200 
191 62 
119 248 
100 243 
194 2 
230 153 
236 176 
107 245 
3 94 
200 71 
253 148 
198 110 
170 112 
102 33 
109 90 
250 160 
118 244 
75 152 
189 52 
255 140 
206 78 
255 79 
218 25 
255 13 
169 12 
6 94 
79 113 
136 252 
214 104 
154 20 
207 27 
210 51 
176 106 
6 99 
147 121 
251 160 
92 61 
65 44 
85 179 
8 112 
165 105 
7 111 
255 13 
147 34 
128 199 
104 210 
113 238 
140 255 
235 90 
112 209 
193 46 
48 196 
224 74 
185 126 
182 25 
155 50 
43 113 
218 97 
174 4 
0 81 
0 86 
84 226 
184 33 
67 191 
205 0 
150 212 
49 142 
217 26 
7 112 
117 235 
255 144 
73 138 
223 26 
160 125 
212 45 
38 46 
3 102 
103 181 
152 255 
19 165 
161 147 
252 164 
62 213 
18 163 
95 190 
37 142 
94 32 
54 135 
157 91 
230 87 
40 192 
86 159 
113 192 
22 151 
4 100 
234 48 
11 115 
208 133 
210 119 
0 92 
207 72 
58 195 
127 247 
86 233 
121 111 
175 79 
232 67 
113 195 
28 187 
166 111 
170 63 
91 226 
33 69 
20 122 
0 82 
232 122 
216 28 
56 163 
156 173 
67 129 
127 249 
255 127 
234 90 
18 60 
120 243 
255 150 
27 165 
188 60 
234 123 
237 100 
99 196 
99 219 
74 211 
86 222 
69 195 
160 17 
63 196 
126 251 
70 64 
167 11 
19 165 
89 226 
236 102 
106 240 
80 203 
255 2 
143 117 
74 45 
52 196 
212 144 
145 57 
52 175 
179 102 
255 78 
59 191 
222 139 
200 134 
44 193 
124 207 
43 188 
145 255 
54 207 
219 32 
30 134 
209 35 
37 197 
23 106 
206 144 
58 56 
132 253 
54 217 
245 13 
17 152 
8 95 
103 204 
234 58 
157 6 
169 59 
248 62 
110 231 
126 81 
191 39 
75 228 
158 70 
215 28 
49 185 
255 184 
250 18 
16 67 
225 86 
24 127 
77 226 
194 133 
167 255 
244 188 
5 96 
177 15 
163 255 
235 108 
77 157 
197 3 
236 165 
222 121 
68 208 
114 150 
45 56 
24 110 
151 255 
56 37 
41 137 
227 35 
97 227 
255 163 
118 22 
67 217 
73 226 
253 61 
70 92 
31 71 
110 241 
63 220 
40 99 
16 111 
98 160 
62 212 
61 189 
41 68 
73 224 
187 80 
1 90 
104 142 
161 42 
6 85 
200 120 
93 230 
213 1 
221 50 
90 192 
180 122 
20 64 
14 127 
249 1 
128 247 
68 224 
153 255 
174 5 
2 79 
130 240 
48 183 
126 200 
254 84 
255 173 
145 32 
62 218 
199 107 
174 17 
58 176 
255 16 
41 198 
206 66 
212 23 
25 53 
49 95 
85 231 
38 194 
231 93 
62 42 
236 58 
215 79 
170 146 
86 235 
96 240 
13 92 
126 243 
234 166 
157 255 
91 214 
52 52 
193 141 
10 107 
59 48 
177 82 
78 184 
110 91 
134 249 
203 29 
99 234 
103 53 
77 220 
79 30 
31 191 
226 85 
74 173 
228 124 
15 142 
7 118 
73 38 
15 127 
243 58 
11 102 
255 5 
177 117 
15 143 
238 10 
211 168 
183 98 
172 105 
99 132 
21 62 
8 103 
55 180 
94 216 
107 237 
52 203 
144 254 
83 39 
183 78 
191 48 
67 217 
100 242 
138 254 
118 242 
113 247 
176 4 
214 49 
232 183 
139 255 
90 226 
180 113 
247 178 
124 247 
238 115 
48 190 
73 228 
196 127 
81 136 
60 211 
36 130 
10 127 
182 9 
124 107 
119 191 
202 122 
154 255 
227 172 
120 237 
140 253 
192 51 
4 108 
233 154 
160 26 
83 230 
217 157 
199 51 
200 103 
27 142 
229 176 
245 7 
255 7 
20 66 
57 196 
