38499
7584
29539
19416
51876
45334
51152
51308
53536
27109
33439
63963
51273
32362
19177
61856
26579
50495
38500
48786
14929
57983
61993
62118
14627
53111
58288
53016
38489
38192
54857
16124
61422
28569
24920
5818
47550
58579
64850
19203
63257
15385
32679
53138
65015
48898
58660
64912
53314
27795
48627
61442
37672
53352
61317
25094
57931
62449
50527
14836
45372
16546
37576
51424
26575
18609
28291
47584
58581
37953
24570
14012
28515
61215
33886
27349
53114
26844
26888
38301
30161
51291
53409
25237
27589
8107
26570
55286
56820
19406
12767
53301
5915
24976
47207
18505
39269
49228
38505
24414
24417
61395
56354
14233
59486
2240
47954
53451
28434
24722
25289
24339
15543
9134
23644
12585
56535
28232
31802
26544
64977
63321
4708
64094
25717
9501
60543
51498
38262
54190
64029
50783
32142
15412
29931
18889
27265
60685
36746
26563
6998
59789
49477
1623
61976
25130
38283
62103
26493
59503
19770
19933
19423
27912
60467
58411
11187
53781
28114
38543
18513
37623
62347
33321
16269
26403
46866
27944
50193
61402
15141
45280
26410
49240
48881
2547
60280
57862
26391
56382
47307
34945
23646
50516
60985
54703
61701
38310
15485
50431
15395
18351
27260
37407
5762
28039
6149
38178
49864
19649
52633
36960
62229
38489
16543
45975
26910
51266
54967
24230
28014
61411
60438
54091
52958
30121
8710
16152
15413
30278
25087
7069
38520
24424
62050
58445
25532
26837
18996
47208
54872
26502
13108
45969
26509
23715
15457
52255
18594
47099
48066
60855
58295
60283
29607
26758
56683
15324
48810
2866
56490
30196
18218
55701
52506
47677
17200
23559
50990
49767
26664
2929
36653
37877
15300
48267
37740
18633
38313
39510
25238
15050
53758
65457
25585
38162
37665
63756
60336
26616
19469
27487
15920
65456
31384
26764
16199
23562
65455
24204
26502
17030
58471
23584
50523
31148
28075
16546
58716
45222
19942
64989
53927
44031
57507
27337
26766
38298
31391
34139
49041
59762
38148
62401
27150
15405
18413
27184
46057
51205
27972
17119
54923
65049
62443
11131
38342
28553
5873
48108
15368
12194
37258
45748
16975
13008
27682
24388
18010
26849
27482
16465
30893
62184
14062
52479
38167
61520
36052
17141
59058
60373
38506
29888
24440
11623
61364
18976
30097
38263
25400
32315
18111
16454
19941
60937
19708
28379
26659
27908
27082
17847
61662
1694
24117
61041
62693
25605
25470
2899
62791
55579
24061
59291
61002
8241
30188
25696
47660
26611
19487
19864
28413
56904
27172
30661
33400
46176
24688
25200
27145
33996
6197
36104
64734
56851
18623
58397
53746
24271
30642
24291
46172
51836
6356
53764
26768
24680
53419
29790
25377
52121
48184
29399
59710
23684
19725
50301
33178
38309
18725
51170
45618
15125
56775
39257
15070
38554
29973
59020
63647
65193
56396
24492
33469
1609
19299
50431
38180
37820
25095
19157
38501
9551
26826
24779
47720
60918
29828
28712
38209
65035
45160
29149
49638
19791
31031
34865
2881
62244
15938
24590
36955
3050
16449
4780
25656
54205
15463
26652
10106
34005
27083
2229
19687
19433
16286
62768
37413
36062
64711
36199
31308
64592
30741
23554
24351
60366
61499
34132
61703
63455
25376
47625
26779
29820
51352
25464
9108
38314
16909
30558
26775
16018
16120
60614
59080
53863
27318
28458
23621
59532
50963
52895
47326
26847
18379
50002
19220
60443
27506
16959
39269
48787
51240
53946
37280
28254
60957
27183
1668
24095
24616
65437
49550
23647
59783
50905
27344
64170
28034
62593
51412
64004
48917
48894
25331
49576
14693
30520
30288
64023
38191
50850
13603
25352
51735
24446
56551
30300
25383
51140
63877
27677
45764
15478
53564
19278
4526
26801
48155
15509
60955
9469
62595
65298
19284
51086
38559
53387
50468
53419
7966
29102
38565
56268
64129
61362
57189
25097
65509
19255
38501
38554
62273
62097
52042
19679
63031
19923
15117
27471
16527
37584
19095
28125
19492
26881
38374
3042
61961
8409
1612
11656
15119
46828
7865
61306
30028
15984
62588
2203
53581
49616
18559
19776
38490
47858
48816
24119
61951
60260
28619
27824
4784
32475
53050
3051
51578
65291
51587
47196
62181
15338
48835
61314
50290
65475
24725
25225
37833
61322
38323
62191
16838
49796
56257
19721
27931
24726
56380
39322
47280
64847
16142
57162
56461
23687
25330
7813
64884
2551
19665
15355
55372
36516
18924
56291
30554
25598
25566
58221
60710
38310
18026
64885
28944
19343
65369
32003
49065
62081
15328
62256
62475
46963
30755
25333
18647
25670
62997
19083
38489
19188
51243
1667
65138
45317
19140
53432
15383
16889
24484
58353
38490
59746
7950
47661
45243
61669
26584
62772
25691
64359
48424
25323
26880
45227
25451
38502
17422
39256
2764
56186
62679
59130
19845
2898
63883
19661
7762
26835
53625
61781
38501
37283
60953
18701
65470
48323
62783
53703
45424
2549
27111
14768
45642
16179
26754
62826
27569
24726
19005
34035
24940
38312
19162
19719
19650
47108
28462
57583
26372
16980
53853
57709
48732
61688
19869
59492
63873
50549
25656
60468
27324
60895
45478
15669
27102
27812
65451
60545
63292
27332
23668
47662
61419
57906
24967
8775
38501
58708
65252
32919
29843
56442
45376
60549
19710
48695
14929
2536
63548
26377
36878
38473
61147
38205
51519
26550
64757
53696
63567
19179
53813
38313
45466
48578
19764
50929
38314
51390
49860
60900
12218
49365
15384
24078
49751
7773
50459
2350
59141
38307
27167
39258
26749
37617
16548
7766
53929
31058
39258
27784
51394
16888
25342
26588
15325
47679
48778
45481
37130
24200
57292
14760
49056
51852
15390
16888
48461
16905
59475
26380
56564
16979
19868
5738
38313
30101
25415
17092
16941
53817
57818
37197
28307
17181
19305
47749
9399
61166
61619
58008
18296
34054
51261
19467
36662
25667
25058
26494
52431
23643
10666
12618
26797
15393
51132
16503
23586
13579
28160
45419
49838
26605
27498
19810
24495
12815
59533
53763
17060
49256
24070
28532
51708
15119
2299
47996
38085
26854
7586
7527
47535
45561
14712
54262
24632
15931
50140
24337
7763
27512
24403
51549
25677
26866
49705
49578
63451
57745
2765
24666
49818
17253
24823
26376
27318
31564
56640
56768
38479
50108
19926
10228
47252
45391
25539
60594
63196
51612
15361
63980
16275
33289
61290
46180
2325
38313
65275
61778
2347
54203
19873
57747
10889
47249
57528
33859
59285
64170
56515
24318
50117
45296
63158
26529
2761
15357
28332
49044
45577
27458
60655
2658
14908
62836
8930
19120
61233
65214
54106
57203
30564
15566
27432
9589
38557
47735
50436
25698
27809
47243
59100
39258
37307
30094
6503
18711
34788
27850
45610
27891
17062
62271
53430
61989
32067
19154
51219
27196
65218
28189
60511
38194
48654
33546
38314
28913
25491
38505
18309
27751
16890
52640
27541
45371
59460
24697
47633
39269
64759
16035
60698
9339
51197
25188
48756
45286
11495
57933
24761
16450
61685
50433
57517
45676
32646
52906
62763
26372
25427
25583
26894
6147
29706
7655
19673
63719
45391
60657
63710
64575
38314
19116
6022
16200
15057
1672
47776
13603
62195
64015
9031
7586
15302
23628
51315
56990
45569
2888
30134
57664
26638
33834
62599
65425
48764
25668
53834
38146
6147
61503
63667
15513
51683
26603
62657
47608
14957
28310
24949
57568
24354
45791
37642
45385
30377
61415
64017
30089
26659
54351
14682
24251
24728
28192
28576
16990
27690
61516
2206
48082
57499
24237
65423
53770
56723
15123
61504
12065
15478
26784
38310
60236
59841
15131
51641
36936
51788
49782
15107
50426
2373
28080
17595
37449
56644
34198
29627
59585
15664
9328
15111
15174
10832
63989
53531
24617
18680
23657
14664
30461
15476
28761
34910
64620
25485
52662
19378
38489
46177
37606
38329
38294
16281
62267
52274
19825
15831
19843
47668
24518
50025
15304
53255
2527
15118
7763
2312
25662
33305
64497
26643
60586
62262
65180
17246
19733
30879
24523
38250
10819
24431
52873
14960
47840
14429
45361
62427
37034
25545
25704
47826
30143
50430
38274
34147
25482
62610
65257
65097
60372
16246
38485
17305
28802
30918
17080
28765
17240
53882
52828
15374
23552
50648
63469
31409
15057
24989
50502
64824
59512
62328
45274
25388
3027
25649
62092
49445
26374
17062
4796
27509
63852
47893
14560
12492
63293
38264
11707
59501
64252
53761
19869
38311
48874
24479
47282
38490
8884
15494
23591
37849
15374
27353
28199
51426
48710
65272
47035
17119
59332
1620
52527
38485
49601
19237
61402
16830
65209
18179
60561
48538
15145
7821
34136
54214
32374
38302
64108
19869
56473
18308
45416
63279
17461
29671
26544
11713
17390
37138
63876
28918
32123
16127
24395
57312
25697
24399
49937
57783
53660
34706
38154
62584
37388
65531
38298
28270
26406
50262
25598
26841
18232
35856
24571
25405
38193
27075
53973
57615
55339
18492
58313
19679
57932
53343
57894
53885
56135
59662
25553
64250
28386
12878
45375
24549
18699
17492
27476
19771
47675
40596
18789
52363
13943
25080
57542
28097
14585
25526
56949
26883
23632
26845
19758
15460
13150
26611
56784
50038
28235
28450
11630
26480
27259
61293
45758
18521
62786
61239
45404
37051
64868
26372
53809
31101
19924
59243
59625
19311
60612
7494
49204
61903
60677
26761
62680
15845
38489
52244
50691
45549
17248
45819
26367
49235
26482
28750
53640
56398
27119
47983
17255
57538
27346
51153
49757
16946
2957
64111
38310
30038
51077
62226
62596
2372
53074
37633
15107
45392
24369
25549
32656
14947
51398
38211
64806
29680
38168
64940
17364
52653
2522
38208
49379
58010
26570
47833
26910
48810
64042
61294
33817
51428
53840
25525
17322
61022
61589
1659
24871
17320
19932
60963
13891
61085
38480
27189
12480
45391
29617
38310
50326
26845
62062
34772
18984
36885
17007
16139
49967
19933
38566
48020
19813
61190
16982
15112
51811
50553
15968
16160
59157
52576
38569
61233
63020
56383
19213
30424
46974
23694
48912
37591
51784
26662
64826
13532
19660
45421
48644
25527
45753
47114
26393
52602
24733
19845
59317
38309
24605
38565
62366
63482
45524
59914
2855
55396
51970
56504
52585
48949
14957
51360
65456
24394
2840
65374
15311
24423
24643
48711
28130
51184
2516
65279
5968
63503
57829
24085
12465
26423
19331
38363
26491
14366
19757
16230
9404
18940
38312
13239
19148
38156
25504
18077
64075
63627
45387
63856
61181
30728
38297
25285
14207
53005
19861
47082
65252
62843
48920
38487
61345
2864
23604
51143
32592
25493
62800
50436
38478
14970
37806
24119
62452
29172
64598
28203
63709
47166
16950
26581
15244
54141
18488
50665
16906
45731
38204
16193
24303
57573
50470
24416
36733
17486
7789
63723
19467
17762
62470
55490
59636
51387
38313
54166
24509
23583
51147
49207
29193
63251
26416
27962
38339
14963
65345
32775
61553
27777
24088
13860
50621
15850
24894
34876
25398
60886
15330
58492
62828
61207
19171
49110
45372
57486
25677
7532
23587
2478
25484
57642
14739
27341
29386
16187
33016
17386
47216
59480
62830
14666
16457
29998
16893
27636
16471
8542
60329
65011
49025
49139
51871
51359
24049
51316
27102
38523
51447
17288
27270
59496
56922
16274
48897
31459
17156
13399
48195
65169
62720
15287
24438
60942
1759
60646
48940
18475
2489
26826
59698
37191
28787
60438
45362
34055
12205
19842
62706
51436
48030
49981
38489
47758
47238
26498
47046
25460
62799
49775
38250
56317
19077
65511
32636
28887
24049
14674
27116
12419
56285
15141
45172
48219
45445
60733
14044
25663
61255
27329
2795
25599
53179
31307
63300
60575
47287
36770
14762
26540
26594
19444
62595
15652
60666
37161
48826
26780
18968
61228
60911
63933
28063
16450
56281
28392
25518
29206
57855
31623
52525
23765
9085
26816
16248
15398
5948
17221
51238
57194
2317
16816
37416
14926
60932
27598
48145
62112
13912
64518
25674
38289
36868
26543
51931
33121
9623
30054
36523
28611
47937
2915
48514
54365
51774
53247
65271
25458
13997
12320
38153
38486
65314
64166
17338
61242
7840
62441
24682
27902
19394
51728
17089
18484
34103
60515
45571
45392
16159
16533
16837
30619
27315
45283
51629
19472
14863
17077
59075
47762
63999
47666
24325
58671
64017
38161
15344
24269
48830
37269
37803
51484
38265
55611
63816
18374
51222
51777
54128
33550
2886
61269
48661
58091
24056
18050
60426
57735
11943
63509
55334
62214
39254
28720
53762
61694
14326
17019
16836
14106
26607
2313
23701
31983
38303
28045
24439
38313
62273
24575
54666
57827
25592
39258
25433
26521
16462
24362
18098
8988
28014
19752
26863
62234
27661
16214
45237
56433
15474
26572
51437
16484
26590
57191
19862
38314
6654
26437
53758
26555
15403
53239
64963
62763
27373
34123
26789
51883
51797
55317
59895
19207
48821
59887
14701
59966
61076
29929
19788
26770
50682
62778
24392
53416
59771
61093
65417
60558
33747
26406
16257
26373
47281
24652
26561
29145
38250
45390
38569
60813
64409
53036
49517
47537
38259
24279
45340
26424
15485
13881
24390
1713
32862
16155
23635
31467
10579
27439
62235
26476
62870
35773
39269
19812
59796
26478
61237
17379
6141
26572
48103
24592
45364
19359
38258
61094
61419
63868
31245
61161
26807
2309
56523
38286
49804
28223
53571
16935
63218
47915
48419
26888
15512
56537
50207
27142
29955
48831
19649
37752
61244
14950
24741
54254
38191
27102
61206
38256
62503
36904
23645
2618
52415
61158
26840
7867
51181
15412
36846
54043
52004
8146
30991
33788
59281
19873
16984
47770
5804
26601
14939
48835
26487
27977
64596
63174
38314
56224
51973
26555
16226
14922
63040
24916
18829
15334
12223
2575
27336
48340
13680
25520
29197
27565
50342
16184
2518
38387
61698
61982
26602
13821
27153
26389
65389
26792
34101
50505
24601
23558
36433
53880
19191
55297
16932
65230
25008
26516
7031
7873
29478
62462
60869
26647
16162
3025
51372
19786
60801
45897
55185
15352
17734
6125
29218
15380
57518
24539
16236
24330
25557
26875
52806
16997
25325
28116
60469
53318
27174
26768
29913
26782
23603
57627
19064
17232
62647
27886
53025
16496
51773
27325
51377
62661
62570
64338
36818
14704
19660
35941
18434
12697
61308
61076
2352
18423
60525
38213
63732
6277
27272
5820
47673
16279
25359
13269
59020
63823
49567
6157
48769
19729
26639
64680
64577
18429
38486
26386
33896
51913
24177
47957
26830
24433
24773
45722
53374
64038
2510
15340
14646
24613
49625
51341
35928
15472
38135
19872
24649
47275
27911
56384
6321
53063
2203
26597
2533
33411
62840
36950
28860
19261
64511
65471
57564
9391
61240
65416
38281
38309
47302
29720
27631
15485
26888
37919
62540
9174
28479
28172
50455
48220
19211
7816
55296
47713
29113
53681
33937
19946
1686
59072
3026
16900
38505
30877
64461
16253
17022
64492
18368
51296
61345
16285
25510
55448
16501
24301
15516
27099
19455
53716
27079
38310
49359
48706
64096
48897
38294
57619
51255
57451
14287
45315
45827
61666
15091
2462
36004
38205
16245
61287
63760
52363
50553
26648
19767
37769
60278
51701
27151
28947
14031
47695
61241
51721
25661
61236
50757
51371
15332
15593
15337
51150
48816
65194
57743
58044
10213
33923
38237
54008
50538
16527
15346
10498
56264
63931
25154
25677
38490
64575
2358
45310
61255
28157
6509
2215
64351
48835
53274
26592
53392
14919
15631
60244
27516
27757
24239
48740
7774
25386
50580
61527
23730
61214
15394
26416
2619
26656
57398
45766
56906
64591
38213
62263
24696
25704
50372
18462
10242
24082
16170
38311
37880
60287
28377
63916
25122
37630
25403
16929
65006
57609
50439
59664
49346
45461
19373
34018
11009
49448
46966
38313
25411
28149
47046
14959
27271
57855
23676
37902
60957
62785
29614
33905
63404
56260
55347
6127
38486
38236
23705
64255
2795
38586
19409
27876
19464
38501
53828
52570
33831
57384
37971
58855
45255
19672
62243
37157
47726
61392
61281
16162
28809
54139
49581
45377
48701
19255
29637
53683
25434
24524
30948
62230
65278
61248
26664
27481
51209
23737
30847
47494
6105
26813
52780
57389
18601
27169
45227
56796
55524
27966
56315
27742
26483
56714
14716
28282
23617
48298
65345
52556
48810
61582
47286
25493
38154
49285
16242
24552
15647
57702
35905
60240
64192
9632
60486
15133
48409
19353
62942
53239
50434
65359
2963
7797
18523
49090
14809
27683
26882
57204
1617
38492
17298
31536
62713
60427
47134
26730
56007
19228
36378
25490
54102
15486
51272
47398
23660
2321
27696
50654
60629
15115
64098
24335
27453
27167
27915
29600
64756
51799
38296
27756
2531
16275
15561
50239
53600
24358
11285
50913
25514
15950
14525
38224
45094
61997
53359
30885
26647
24815
27198
51292
38485
19484
56492
53269
17366
65297
38490
45374
57691
32119
18665
47594
54176
48355
62975
61988
47675
23700
27103
65235
49699
62386
26595
30041
47692
26888
51744
15239
37454
35720
27465
19411
7101
36387
47228
51425
50108
15381
19025
27329
26571
63165
57852
38533
53024
57559
65153
17350
38569
19422
47534
15106
60594
53203
56882
65271
61971
50445
61182
45552
16238
65034
56575
60978
55971
63594
23591
24711
52604
16542
19473
28111
14944
38544
15403
27331
27125
12967
11154
34142
57973
7250
2248
46885
37070
15459
60518
45633
38263
55357
45308
53749
59577
46960
63163
49131
58460
57636
26395
18205
38489
28182
28734
64611
16907
45929
24343
33730
27660
24074
61989
60285
15399
16271
47267
24809
61694
60646
15883
62609
28108
62877
27382
34709
62434
23588
53330
47222
15301
38450
26418
65476
48846
38548
37614
13159
51187
50562
17472
27312
19704
16473
29121
38566
25532
13206
63881
65212
54122
64134
30508
64720
45377
26370
48536
25342
57680
53408
38294
45226
49411
38439
25503
33796
7592
26644
45408
63812
27840
27175
26653
53447
59982
16984
50416
2919
38565
38289
11741
65143
18525
45514
47227
53768
54173
15282
61174
15368
47691
25280
18981
56479
11269
17478
61208
16483
32024
27478
45500
55091
38310
60731
37332
50187
26566
57860
15123
11026
27142
15469
60937
61767
60520
26830
36726
2212
19336
47026
23563
28357
27832
1631
48225
52534
27444
60882
50496
10156
53614
60716
61765
30670
24282
24426
30163
55231
51443
59792
27169
28544
58035
51764
51574
52022
24253
54133
60668
45297
26582
31945
62777
37018
31206
48437
50842
12808
60511
49021
16143
38361
53022
48892
19350
25381
27761
59589
57675
28901
61694
24963
24265
49991
35894
64774
62219
62219
62757
18221
24411
59396
31417
49395
10747
26887
32272
27737
16500
45889
45441
26479
35991
38288
53063
55177
17241
53388
27907
52061
47319
15506
63291
62820
62381
64592
60578
34076
11979
51625
23735
40610
17947
14215
34018
54028
45148
65018
31177
52266
18415
37374
27273
15127
62215
50590
50517
62060
18636
25469
16973
19921
16138
38506
19940
51662
63095
33870
51313
28404
62823
28065
30351
26500
23716
26539
55730
60512
31346
9691
24307
57628
17599
28958
19665
46893
34800
54998
61207
57185
47302
26592
27427
27315
38282
16889
45188
37944
19930
19398
5694
61977
6448
38282
19824
59377
19273
26668
58391
26814
15458
35742
51569
19921
63358
25089
17667
38175
32603
38309
24731
15121
60661
32753
24195
27345
50492
48483
33839
1660
51061
53559
6442
24939
51725
2209
65184
39257
47945
24508
52864
60436
56560
56167
27794
19691
17287
53245
38473
45098
24359
57213
19672
49785
28625
28985
27151
53985
26893
6210
26588
19013
16969
2528
11826
31520
16924
45317
7160
61336
38498
51650
24537
17248
9995
58016
60694
26907
33589
17112
26610
17277
8710
52010
24277
55690
59536
65237
18554
24607
34107
61313
27165
18807
19319
26418
32954
51222
37119
23651
24862
52385
37320
25068
17263
45204
37905
48696
58358
45161
15527
12310
56235
33675
16556
15089
51572
7515
24414
33941
33690
25298
27134
57322
15743
25572
18744
64087
36673
14588
52309
1633
58241
56835
17872
47746
24447
18538
38550
19432
56707
26749
2928
49252
47860
7890
7872
38139
17347
28927
38554
38314
61140
50639
15864
24779
36496
63320
9184
19418
56398
51044
30957
45405
54349
2567
19401
57524
13971
2357
18250
38371
47623
59439
62171
54172
61735
24558
52815
47831
27263
57587
51786
1732
27077
64615
19440
25670
63287
27166
28513
15102
45656
47304
27854
26423
24686
12759
14889
61214
11822
50445
17025
17186
50100
47626
3043
28636
58439
18800
17405
24385
45349
28991
16234
45543
29877
62816
8266
58376
25343
55122
26517
64626
54832
27312
38505
2778
16199
7691
25670
62463
5744
65214
53002
26425
54236
45089
38306
26849
61111
57318
2960
12824
59570
38162
29126
26437
45839
27260
54060
26882
13796
24623
29521
15102
61163
38256
28427
14821
25312
34585
45736
38290
26870
45706
45815
62795
46955
57687
24529
62262
33813
23655
26399
38558
53300
57349
25549
47788
24100
25678
12468
16914
59458
61260
64590
2530
47085
27098
34119
38318
47354
46040
33760
48854
27876
56364
56730
25677
24463
57047
57292
26581
37597
15465
24069
38323
59477
38489
63228
29634
24419
63363
56053
26420
46870
65081
27266
60584
61473
45374
53344
9280
63127
50228
17304
51810
17218
38201
27490
15415
10459
65445
25596
15429
61767
63902
63051
11749
38179
34803
55859
62946
27331
25336
37088
64177
18656
38480
56948
6373
52953
48892
37366
46041
59524
24420
38257
45390
13257
64637
6537
56874
48817
38550
64847
64040
26734
57407
31439
27486
4681
61206
38310
8009
50649
27594
60602
28193
54430
61238
47994
62335
55391
19704
28864
57950
50924
27462
46035
26585
36224
64904
15782
47397
63116
65358
37950
19776
30926
55497
31886
62565
25018
18586
61206
45913
2765
16901
25184
16539
10150
56002
19387
65472
2329
51123
48561
59491
58701
11430
16150
53826
58146
39254
17126
54005
59060
57698
31577
63672
56599
63728
17028
38209
1720
25596
31861
65279
15545
47183
7796
59010
14373
5893
37623
24638
18228
45352
17819
63522
65163
26750
15410
50974
59135
15615
26768
25392
45646
51717
38301
24906
65231
8915
2560
2922
9194
2338
63897
56180
47694
63782
64255
38273
2852
11339
45344
48812
53219
55455
26764
38308
29939
50215
51337
27847
2424
62838
28251
28523
15082
62598
50957
33974
49531
19868
64893
50491
24678
24493
26593
38314
55067
38300
13832
30996
34126
7759
63066
17357
16172
12713
30458
59606
16998
32911
5888
26371
33598
57550
38144
53261
38313
30175
34717
15120
56826
14653
51446
48276
38568
65195
35885
47981
24372
26903
24981
38187
47413
57180
19289
24118
18840
45397
27481
15124
56475
27074
56255
45397
57658
31237
27131
27258
47943
53727
46839
27346
25066
39253
45953
18636
24557
23682
15463
60446
7683
31165
27272
47565
26372
5774
45533
38254
38510
27131
64272
2419
7883
26552
59490
65476
38254
27184
61221
24233
26500
38505
3044
7873
55616
51155
55475
51631
4525
63342
53712
60331
51742
17516
19943
56394
47578
19898
13117
64413
53642
26409
17132
61608
18428
38265
18813
56347
52636
24550
25242
63873
38264
13467
60959
64988
56632
15136
23554
62816
16831
34965
19477
56455
26658
38143
48646
17307
26517
48892
16528
55817
60960
60524
14249
18824
53507
24225
64665
15372
59446
2343
27716
25399
54132
15398
35998
2225
63548
36060
2367
53286
53529
13305
45125
51477
56236
48851
61508
54078
38332
16072
61255
60794
38218
48821
15337
30385
19734
48837
28258
28327
27463
27674
36670
15412
62743
16169
25354
18427
27314
38249
26787
16835
16134
45150
5848
27508
38309
38314
36183
27346
65119
38498
64926
15248
19436
56588
65444
15503
2501
19702
62896
27183
24522
19714
16201
65450
65158
11399
23737
53347
61548
26655
64643
1644
48565
47737
19379
63571
48916
25596
56188
1714
50966
37606
60532
51195
24664
24780
38508
24109
30038
25556
61347
16197
59541
49216
49561
27128
32812
16268
29495
19100
16281
8134
38569
53871
15361
28723
62707
49229
15462
56319
24886
25030
27132
51401
16277
26586
19362
62453
24111
38570
62145
1606
27495
53649
49501
64599
62767
49492
63621
16217
57575
24240
61403
65452
18560
29890
51347
15370
2383
65475
53561
62258
65276
26386
62987
17032
23599
65368
19649
55148
48917
33490
57448
39258
12589
37584
25703
36052
53460
51193
25717
13153
47020
62139
45324
28816
38249
2395
31211
11116
52591
14938
11082
29855
13978
48038
25585
45665
7267
33520
27263
62202
65222
62275
24611
2563
5856
24081
23656
63258
16968
10646
31849
64166
24314
55181
65274
15507
29098
55963
2553
61412
15407
51111
63233
17071
38376
56975
52089
7854
32372
19241
54735
64665
16458
27316
27358
25344
54172
24764
30418
8486
2404
28341
24585
14779
64575
30445
38297
26561
30025
16496
24190
62674
51077
55822
24401
55813
50408
53552
24713
15479
54518
49198
15483
7592
14658
54167
15336
63365
29708
56119
17259
65184
53822
46958
64510
38550
30315
19944
15590
28133
62766
17089
7809
62436
27859
5883
51392
47968
51638
27975
53587
27972
52537
15253
59802
19060
24633
24252
31209
50491
15389
2185
25578
2230
56424
50642
25445
25696
57362
19333
19080
59530
48552
18332
38294
28859
57739
61072
39273
13974
2213
60356
65505
24206
65276
19652
15108
9482
50963
65382
59469
65477
63697
45397
2399
27098
63905
36523
62127
57691
19449
28154
13525
26487
15271
17788
45176
28830
59635
27404
1453
8278
10983
38250
61055
65476
15593
28877
45370
27312
17525
52645
28603
64798
61842
15335
15506
38549
1445
38549
15389
45604
16544
18405
63589
26817
38314
16947
61229
61212
60625
60299
61207
52262
64596
38502
29579
57991
36284
12283
26353
26367
57813
26581
47397
34198
45311
8052
24619
17893
16897
18344
65291
27259
28380
65218
2792
24341
28283
65397
51162
47684
58007
26542
23583
30916
63498
16181
62306
53041
26809
19312
53687
26577
19734
19136
7580
64175
62075
24323
16110
19222
26797
24369
61253
33530
26405
47366
32557
12345
64782
15357
27327
61204
48379
62186
17182
38494
18890
15471
57374
53187
1679
64697
19424
65023
54146
58196
65476
38236
60691
19665
47994
9298
64906
56585
25705
19293
27454
9739
51957
28709
45215
37027
64592
19056
45502
19151
38499
24287
27765
57344
30284
51200
13054
15684
52331
2238
18389
38237
4767
27322
24610
62748
16178
60932
30827
28596
26899
48862
23612
27329
23554
27330
5792
57852
16165
27100
32629
16494
61248
60432
11258
56155
26490
30036
17948
61733
64805
14375
27337
24617
56913
53188
60633
18572
65273
54382
28497
61290
54053
12050
24262
50495
45376
15119
54151
24261
45887
40554
39270
63316
16881
37242
27139
18093
50971
37762
60568
26484
37012
8232
16166
56933
17053
27139
16952
26538
38501
7885
53867
2220
48526
26801
37615
14155
19846
26839
38565
15107
32728
65436
16881
23683
38308
49333
38211
17722
27361
17023
19432
57547
27352
27351
48010
6167
59542
12630
27788
8374
65357
37917
26522
61197
25585
64762
19395
55757
15408
45449
55280
26401
16094
51770
18585
55413
7175
29610
53815
63335
10613
53395
57995
19487
9814
28631
2239
51321
58068
2909
15985
48797
18360
33487
17124
50070
38505
38554
7427
40605
62730
19127
17683
56866
60562
19328
24601
55113
47278
18321
62269
54081
23662
26562
32053
63375
15821
31077
61196
63863
8523
51677
28071
65476
25530
12677
63285
61302
31582
56420
26554
26908
27453
15390
56511
14952
61526
51224
7797
56199
27399
49840
19468
51648
51293
60621
1653
63403
16998
51415
17393
24220
15124
64512
37836
47346
23556
53756
50119
26569
19440
52458
38566
19705
64039
38216
17223
59860
32104
9702
34186
61697
36874
25583
19872
47111
16087
26372
49871
16153
62132
64113
26774
65271
60513
27351
31093
25242
52388
28700
46146
62420
51400
37887
23586
24473
57578
65504
13073
46965
19437
64885
2881
2550
15942
31919
51522
52540
38549
15673
16279
32209
18403
19921
25354
62813
51133
65477
56337
28166
28293
25337
50632
47710
19834
56927
58604
38314
60702
51075
60326
15375
54056
48317
8076
26749
45397
50497
38298
6299
65305
33000
26415
26863
52312
65352
51748
16535
32435
61326
53741
27318
28540
26901
38188
16893
26417
38217
19209
28006
26547
49919
48935
62775
2206
2507
27339
50564
28365
30755
62570
11349
38225
36690
58301
49643
15352
61154
27143
62845
23627
39270
63588
15490
62277
26819
23563
29568
10175
27107
59725
24205
62577
25605
38171
16496
17247
26368
48971
47783
27098
15477
57737
60937
52594
47330
56391
33819
63937
53044
53017
50574
12909
50444
15511
16276
24191
18973
62260
54199
60291
52539
17292
16054
61168
63694
12417
24586
2945
19765
61145
54006
25348
2625
38498
47712
45407
29897
19810
9716
18144
60982
30195
31456
27342
62834
38299
64176
61095
62683
23764
53731
62642
64512
27585
39253
36765
31535
18518
60531
25669
5782
23648
62254
51983
25356
50823
19868
23727
50492
56360
62745
61272
38485
53715
51288
12046
38208
65279
18883
59631
26486
16146
18263
17618
59054
56827
27318
28216
26534
9560
37420
26496
49025
16836
19020
51289
60627
61064
48815
5853
19874
24418
36946
37689
14608
45538
25650
64832
45415
32386
38313
62676
65455
17486
19274
47102
56837
53483
25375
61194
17354
50568
57207
25370
29917
18897
49175
18381
26404
17338
19448
51281
62693
7856
51069
51923
24880
33232
6160
27400
49828
38544
60633
65477
37588
27341
63538
38296
60370
56482
25195
50542
62387
24832
2204
26429
16017
15412
23733
19857
57019
29909
52099
29125
54088
19458
65475
27705
61191
16225
64849
17754
16022
2365
16200
16549
39270
24500
57630
53312
52564
62769
19373
31223
13339
15161
56748
24420
2323
50461
64963
37819
55694
45175
50323
8793
37681
59791
32366
51454
62960
62712
60951
53851
51283
23730
26560
39269
19483
65293
28550
62478
65293
27842
34170
57902
62625
25450
56521
38214
62422
24270
15117
56331
62193
27175
36112
28514
59756
65470
15128
62479
48791
52592
18426
2957
1786
24706
33809
25410
16271
28567
19860
19262
23680
26828
61228
31039
15842
26551
54986
37783
27483
50734
15940
18340
23664
26578
25478
19341
33066
7349
25696
2408
16556
65047
26793
56870
45845
30550
18862
38569
45662
63637
27316
2243
24742
27484
26429
24719
15127
17252
64609
51480
38485
45238
27123
3056
64154
58348
47813
12838
26600
60489
16486
15371
27081
53549
52935
38500
65213
37500
29742
64903
14939
7779
29094
31457
19427
47878
56221
23641
38296
45798
36717
14861
45353
19418
34205
60931
64549
16244
28580
27272
29370
53512
14185
11817
46168
65488
64614
65215
19407
65215
19245
62701
56407
27391
37845
47119
54121
61154
60964
37729
16461
2513
27127
14976
47787
55552
26854
32960
25133
14546
65434
64092
16233
28528
49520
1730
24690
65475
65310
64889
2519
49743
16106
58012
27855
26376
63444
56895
54097
61289
53262
39338
38301
61307
64256
59844
61212
53257
55401
30053
59754
56438
62675
16252
34714
24287
52242
36394
29554
63800
23659
38501
28364
46977
24382
63458
12197
65305
58139
52796
38489
32477
49458
51869
25123
17667
50651
28090
60432
51404
45432
18718
26566
7534
25105
12833
36169
24705
53378
47678
58080
29874
36920
59772
26572
53881
9268
19225
10544
26540
47732
57276
46983
63847
51390
58489
45338
24322
63828
2200
17188
64039
15513
19143
64637
59028
30923
10943
52611
12747
11240
4737
60674
13195
25412
25429
55744
17002
32674
15339
57556
26487
26908
25041
62611
58291
31181
49910
26647
54346
62390
51128
59066
2328
38279
14072
30667
62197
7058
49437
7828
31415
51353
2863
27955
24646
60698
45563
23608
15874
26894
23645
48832
64814
52626
9946
30491
26516
15123
45569
38566
65031
19804
23680
57640
62598
26497
15349
53281
5821
23565
51323
14650
32454
56430
9492
19362
19320
61742
26367
38244
23560
65384
51235
28096
37096
16976
61679
27501
25322
57182
24189
26753
15111
37897
27874
25471
62662
30408
45291
24718
7723
57935
47793
16889
63253
17006
27175
60812
49608
26818
45325
16256
38255
27452
49349
58316
61313
61515
4714
23731
30235
49879
57561
61234
55331
64600
62362
7069
6558
63708
30852
38287
49150
24572
29466
62627
27345
25211
53903
46982
45598
15338
46054
27567
52751
36068
52810
46876
24653
49159
18563
31449
64870
47365
50956
27262
26897
62084
29405
64382
64590
27081
38223
16977
26395
30532
62676
15106
18100
60428
15413
61799
17113
48728
25287
65477
57718
38215
64257
38489
15350
25515
16255
26848
17431
29188
26777
31301
48699
62821
17771
19458
56821
64403
26491
19738
17316
24433
45541
47597
32175
62770
27491
49026
38086
18707
2202
54333
5648
26757
58567
51331
16070
19383
16108
9371
65477
27098
48608
15498
18723
37381
38083
58689
30321
15880
18280
60446
38502
62794
48801
48698
18516
55790
38501
63447
2912
38299
38504
19469
60559
46902
15904
56610
64640
51826
52249
38480
7402
7869
2326
61817
28033
24101
57345
27263
26911
61448
48509
45904
27102
15353
51839
48841
52328
54094
6167
10039
45414
27172
31013
57569
48911
51714
50432
62093
65452
60601
15298
12118
38288
52694
59508
62266
62985
53700
15387
54476
45413
7177
7929
29854
16234
53970
15466
65452
59147
36927
28110
27479
38309
51083
27819
62717
24378
50884
53309
61053
58467
12742
52557
60516
15105
15124
26548
57707
30032
61681
37422
17917
62087
16277
27510
48895
31277
62105
54257
63307
2242
15411
29484
38549
19894
34734
45386
23629
19873
29699
17511
7510
17705
55350
50985
24256
30955
28417
16939
15392
63980
16224
47931
52761
15344
51775
24547
27328
26493
10686
56490
50799
28422
19487
53995
58289
26569
14002
16092
15118
49452
62138
18757
36107
31406
27326
49152
51080
1630
27365
48835
19830
57354
49441
49889
28319
28000
25441
25282
24604
60675
24517
27315
8252
60624
19894
26573
49892
27116
25071
65531
54764
7709
24352
47258
58562
18885
53689
50435
19120
48051
47828
24313
28581
19231
38486
24425
63429
17384
63396
24200
15827
47612
2692
38243
23767
65378
16963
15295
28229
63880
60365
58246
64148
26731
9815
57664
25717
56258
62159
19176
45077
64610
14767
50967
16063
25693
47773
39274
45130
15379
61268
39258
49717
30984
61468
45641
52887
25498
32306
2491
15804
38506
3027
17538
63498
26636
45392
5672
25548
25671
64162
8558
14656
27133
23557
13007
15871
29350
23628
19106
13939
25665
57071
15341
31932
58055
15149
53034
26599
61752
63223
24910
53364
14746
16129
65512
38207
25658
38550
60519
15089
38158
18965
28604
50414
45316
59137
23608
52336
60925
19022
64597
24279
51794
61989
1752
13396
26510
24248
51150
2834
63926
51690
34658
26489
26880
15267
27385
45688
38566
25203
2592
47704
15499
2799
56839
29974
10041
38269
62238
26851
7054
25353
4523
19456
50973
30263
49482
16553
16257
7805
16128
64073
15569
65476
53400
16554
65042
46917
53651
53811
31775
1639
15573
18991
25236
26804
24437
38484
7610
57155
57599
25548
26910
38296
27160
27198
61338
62999
45951
38298
26568
53427
45243
27343
49651
19198
25721
53231
31555
23647
17438
16147
61309
10655
28736
53026
38553
45813
27441
38307
62725
15456
48525
60750
26513
47128
62746
52437
17209
45883
65324
65472
14748
24539
