2 256
0 0.00946854
0.00946854 0.0134861
0.0134861 0.0202065
0.0202065 0.0235681
0.0235681 0.0280519
0.0280519 0.0324787
0.0324787 0.035213
0.035213 0.0379847
0.0379847 0.0426202
0.0426202 0.0457268
0.0457268 0.0482428
0.0482428 0.0509653
0.0509653 0.0540786
0.0540786 0.0573597
0.0573597 0.0596112
0.0596112 0.0627574
0.0627574 0.0651244
0.0651244 0.0675767
0.0675767 0.0692018
0.0692018 0.0707826
0.0707826 0.072595
0.072595 0.0745868
0.0745868 0.0763642
0.0763642 0.0780739
0.0780739 0.0803325
0.0803325 0.081841
0.081841 0.0838124
0.0838124 0.085336
0.085336 0.0870566
0.0870566 0.0881978
0.0881978 0.089434
0.089434 0.0913725
0.0913725 0.0933547
0.0933547 0.0946991
0.0946991 0.096498
0.096498 0.0980359
0.0980359 0.0991423
0.0991423 0.100824
0.100824 0.101818
0.101818 0.103322
0.103322 0.104642
0.104642 0.106
0.106 0.107713
0.107713 0.109108
0.109108 0.110648
0.110648 0.11151
0.11151 0.112354
0.112354 0.114208
0.114208 0.115961
0.115961 0.116941
0.116941 0.118102
0.118102 0.119594
0.119594 0.121375
0.121375 0.121954
0.121954 0.123643
0.123643 0.125314
0.125314 0.126165
0.126165 0.12776
0.12776 0.129146
0.129146 0.130442
0.130442 0.131512
0.131512 0.133181
0.133181 0.134514
0.134514 0.135551
0.135551 0.136682
0.136682 0.138031
0.138031 0.139295
0.139295 0.140968
0.140968 0.142236
0.142236 0.144018
0.144018 0.145411
0.145411 0.147158
0.147158 0.148649
0.148649 0.150096
0.150096 0.151503
0.151503 0.15338
0.15338 0.155185
0.155185 0.156674
0.156674 0.158469
0.158469 0.159625
0.159625 0.161383
0.161383 0.162628
0.162628 0.164272
0.164272 0.16546
0.16546 0.16724
0.16724 0.168624
0.168624 0.169751
0.169751 0.17127
0.17127 0.172428
0.172428 0.173762
0.173762 0.174909
0.174909 0.176251
0.176251 0.177162
0.177162 0.178124
0.178124 0.179193
0.179193 0.180469
0.180469 0.181634
0.181634 0.182957
0.182957 0.183624
0.183624 0.184907
0.184907 0.186082
0.186082 0.187137
0.187137 0.18803
0.18803 0.189338
0.189338 0.190761
0.190761 0.191684
0.191684 0.192734
0.192734 0.193733
0.193733 0.194964
0.194964 0.196098
0.196098 0.197587
0.197587 0.198508
0.198508 0.200255
0.200255 0.201565
0.201565 0.203272
0.203272 0.20436
0.20436 0.205622
0.205622 0.207203
0.207203 0.208494
0.208494 0.20994
0.20994 0.211032
0.211032 0.21209
0.21209 0.213239
0.213239 0.214306
0.214306 0.215605
0.215605 0.21648
0.21648 0.21785
0.21785 0.219644
0.219644 0.220696
0.220696 0.221612
0.221612 0.222779
0.222779 0.224214
0.224214 0.22556
0.22556 0.226967
0.226967 0.228355
0.228355 0.230322
0.230322 0.231502
0.231502 0.232858
0.232858 0.234168
0.234168 0.23548
0.23548 0.236917
0.236917 0.238271
0.238271 0.239521
0.239521 0.240954
0.240954 0.242484
0.242484 0.244185
0.244185 0.24623
0.24623 0.247724
0.247724 0.249357
0.249357 0.251416
0.251416 0.253454
0.253454 0.255592
0.255592 0.257416
0.257416 0.260572
0.260572 0.263031
0.263031 0.267102
0.267102 0.27086
0.27086 0.273871
0.273871 0.278675
0.278675 0.282161
0.282161 0.287396
0.287396 0.290195
0.290195 0.294507
0.294507 0.298193
0.298193 0.303094
0.303094 0.30709
0.30709 0.309892
0.309892 0.313621
0.313621 0.31622
0.31622 0.320141
0.320141 0.323011
0.323011 0.328347
0.328347 0.334208
0.334208 0.338959
0.338959 0.344569
0.344569 0.34785
0.34785 0.351696
0.351696 0.354609
0.354609 0.357545
0.357545 0.362483
0.362483 0.365516
0.365516 0.368879
0.368879 0.373417
0.373417 0.376357
0.376357 0.381263
0.381263 0.38531
0.38531 0.388605
0.388605 0.39315
0.39315 0.397335
0.397335 0.399862
0.399862 0.402774
0.402774 0.406494
0.406494 0.411175
0.411175 0.413978
0.413978 0.416926
0.416926 0.419134
0.419134 0.421439
0.421439 0.423215
0.423215 0.42512
0.42512 0.428342
0.428342 0.430443
0.430443 0.432584
0.432584 0.434885
0.434885 0.436655
0.436655 0.439422
0.439422 0.442523
0.442523 0.444473
0.444473 0.447178
0.447178 0.449421
0.449421 0.45327
0.45327 0.454701
0.454701 0.456331
0.456331 0.459361
0.459361 0.460935
0.460935 0.462983
0.462983 0.465072
0.465072 0.466345
0.466345 0.468711
0.468711 0.471051
0.471051 0.472779
0.472779 0.474862
0.474862 0.476169
0.476169 0.477609
0.477609 0.47934
0.47934 0.481164
0.481164 0.48237
0.48237 0.483838
0.483838 0.485372
0.485372 0.486625
0.486625 0.487601
0.487601 0.488816
0.488816 0.490317
0.490317 0.491777
0.491777 0.492958
0.492958 0.494553
0.494553 0.495805
0.495805 0.497293
0.497293 0.498911
0.498911 0.500469
0.500469 0.501651
0.501651 0.50329
0.50329 0.504923
0.504923 0.506201
0.506201 0.507474
0.507474 0.508745
0.508745 0.510426
0.510426 0.512011
0.512011 0.513151
0.513151 0.514902
0.514902 0.5159
0.5159 0.517833
0.517833 0.519345
0.519345 0.521074
0.521074 0.523607
0.523607 0.525366
0.525366 1.79769e+308
0 0.0646011
0.0646011 0.108878
0.108878 0.137332
0.137332 0.157269
0.157269 0.166467
0.166467 0.176595
0.176595 0.187665
0.187665 0.193323
0.193323 0.198626
0.198626 0.204368
0.204368 0.209222
0.209222 0.213236
0.213236 0.216326
0.216326 0.22077
0.22077 0.224395
0.224395 0.228491
0.228491 0.231837
0.231837 0.236609
0.236609 0.242707
0.242707 0.247818
0.247818 0.252667
0.252667 0.256989
0.256989 0.262465
0.262465 0.266472
0.266472 0.270942
0.270942 0.275223
0.275223 0.278445
0.278445 0.28175
0.28175 0.286514
0.286514 0.28936
0.28936 0.292938
0.292938 0.296888
0.296888 0.29997
0.29997 0.303271
0.303271 0.308313
0.308313 0.312001
0.312001 0.3166
0.3166 0.320211
0.320211 0.323285
0.323285 0.327893
0.327893 0.330098
0.330098 0.33228
0.33228 0.334695
0.334695 0.337788
0.337788 0.340925
0.340925 0.343343
0.343343 0.345595
0.345595 0.348334
0.348334 0.350428
0.350428 0.352882
0.352882 0.355654
0.355654 0.358626
0.358626 0.361011
0.361011 0.364009
0.364009 0.367166
0.367166 0.369134
0.369134 0.372857
0.372857 0.376189
0.376189 0.378544
0.378544 0.381154
0.381154 0.383813
0.383813 0.386796
0.386796 0.390098
0.390098 0.393409
0.393409 0.396476
0.396476 0.400504
0.400504 0.403788
0.403788 0.4056
0.4056 0.408293
0.408293 0.411018
0.411018 0.414159
0.414159 0.416237
0.416237 0.418818
0.418818 0.420823
0.420823 0.422355
0.422355 0.424218
0.424218 0.426277
0.426277 0.427902
0.427902 0.429515
0.429515 0.431289
0.431289 0.433397
0.433397 0.434945
0.434945 0.436269
0.436269 0.437797
0.437797 0.438693
0.438693 0.440519
0.440519 0.442146
0.442146 0.443062
0.443062 0.444538
0.444538 0.44611
0.44611 0.447319
0.447319 0.449064
0.449064 0.450248
0.450248 0.451621
0.451621 0.453438
0.453438 0.45538
0.45538 0.456689
0.456689 0.457652
0.457652 0.458692
0.458692 0.459725
0.459725 0.461269
0.461269 0.462845
0.462845 0.463624
0.463624 0.46479
0.46479 0.465801
0.465801 0.467166
0.467166 0.468044
0.468044 0.468767
0.468767 0.469882
0.469882 0.470676
0.470676 0.471228
0.471228 0.472614
0.472614 0.473289
0.473289 0.47401
0.47401 0.474654
0.474654 0.475384
0.475384 0.476123
0.476123 0.477113
0.477113 0.478092
0.478092 0.479072
0.479072 0.479958
0.479958 0.480977
0.480977 0.482273
0.482273 0.483035
0.483035 0.484054
0.484054 0.484921
0.484921 0.485401
0.485401 0.486366
0.486366 0.486973
0.486973 0.487652
0.487652 0.488193
0.488193 0.488974
0.488974 0.48978
0.48978 0.49062
0.49062 0.49138
0.49138 0.491916
0.491916 0.492899
0.492899 0.493578
0.493578 0.49448
0.49448 0.495043
0.495043 0.495703
0.495703 0.496674
0.496674 0.497204
0.497204 0.497908
0.497908 0.498747
0.498747 0.499502
0.499502 0.50032
0.50032 0.500911
0.500911 0.501739
0.501739 0.502406
0.502406 0.503186
0.503186 0.503749
0.503749 0.504439
0.504439 0.504871
0.504871 0.505495
0.505495 0.506115
0.506115 0.506716
0.506716 0.507696
0.507696 0.508326
0.508326 0.508931
0.508931 0.509652
0.509652 0.510154
0.510154 0.510919
0.510919 0.511632
0.511632 0.512141
0.512141 0.512998
0.512998 0.513609
0.513609 0.514418
0.514418 0.514907
0.514907 0.515641
0.515641 0.516509
0.516509 0.517386
0.517386 0.517892
0.517892 0.518558
0.518558 0.519373
0.519373 0.520294
0.520294 0.520774
0.520774 0.521555
0.521555 0.522425
0.522425 0.523717
0.523717 0.524238
0.524238 0.525234
0.525234 0.526065
0.526065 0.526879
0.526879 0.527448
0.527448 0.528445
0.528445 0.529187
0.529187 0.530014
0.530014 0.5306
0.5306 0.53174
0.53174 0.532632
0.532632 0.533973
0.533973 0.535126
0.535126 0.536223
0.536223 0.537366
0.537366 0.538519
0.538519 0.539713
0.539713 0.54079
0.54079 0.541825
0.541825 0.542794
0.542794 0.543995
0.543995 0.545173
0.545173 0.546394
0.546394 0.547951
0.547951 0.548929
0.548929 0.550435
0.550435 0.551427
0.551427 0.552602
0.552602 0.553414
0.553414 0.555218
0.555218 0.556621
0.556621 0.557781
0.557781 0.559014
0.559014 0.560602
0.560602 0.562409
0.562409 0.56454
0.56454 0.565919
0.565919 0.567418
0.567418 0.569189
0.569189 0.571379
0.571379 0.573561
0.573561 0.57534
0.57534 0.578332
0.578332 0.581719
0.581719 0.584676
0.584676 0.588081
0.588081 0.5902
0.5902 0.592981
0.592981 0.59584
0.59584 0.599758
0.599758 0.602462
0.602462 0.605724
0.605724 0.6079
0.6079 0.6097
0.6097 0.611372
0.611372 0.613262
0.613262 0.614625
0.614625 0.616423
0.616423 0.618603
0.618603 0.621043
0.621043 0.623199
0.623199 0.625195
0.625195 0.628127
0.628127 0.63196
0.63196 0.635148
0.635148 0.639032
0.639032 0.642951
0.642951 0.64718
0.64718 0.651139
0.651139 0.654077
0.654077 0.656921
0.656921 0.659306
0.659306 0.661796
0.661796 0.664947
0.664947 0.666771
0.666771 1.79769e+308
