255 252 
119 48 
117 183 
173 189 
43 60 
6 121 
17 72 
30 75 
48 102 
224 244 
91 162 
44 37 
27 77 
108 169 
216 178 
83 9 
231 228 
26 51 
255 252 
5 104 
152 85 
75 46 
71 20 
63 23 
141 97 
35 99 
66 67 
36 107 
245 255 
248 247 
95 136 
200 148 
95 10 
122 208 
132 196 
108 40 
40 128 
85 64 
63 23 
167 193 
52 31 
191 124 
106 152 
39 99 
79 11 
3 93 
88 67 
72 17 
56 128 
125 211 
11 103 
180 4 
119 218 
60 126 
98 11 
150 212 
73 41 
63 30 
30 48 
146 98 
0 107 
193 158 
114 221 
25 69 
233 226 
216 168 
128 200 
36 127 
83 65 
128 226 
157 198 
200 84 
124 206 
84 16 
79 149 
237 247 
34 100 
236 234 
213 244 
247 254 
142 185 
30 79 
57 115 
149 219 
141 227 
109 77 
235 226 
81 118 
64 88 
205 182 
141 147 
49 119 
116 40 
138 202 
23 112 
209 171 
255 255 
6 80 
253 255 
212 200 
175 206 
96 11 
72 78 
130 118 
98 29 
148 60 
31 116 
49 110 
117 194 
156 208 
234 216 
218 184 
161 140 
107 82 
174 212 
144 149 
71 82 
135 207 
111 152 
232 221 
76 13 
50 38 
128 43 
38 42 
210 230 
97 86 
195 13 
31 61 
243 251 
68 136 
45 34 
31 51 
114 167 
177 134 
135 194 
218 169 
223 252 
96 28 
105 186 
236 220 
100 60 
108 34 
13 92 
182 74 
73 19 
153 218 
251 251 
69 20 
221 235 
103 30 
171 179 
188 176 
177 190 
145 223 
167 10 
82 63 
109 145 
73 125 
139 215 
255 248 
169 180 
116 221 
238 10 
93 160 
187 144 
224 237 
28 130 
143 219 
12 65 
90 14 
166 112 
4 125 
224 234 
7 79 
3 95 
139 62 
165 22 
67 47 
231 234 
70 72 
30 126 
78 163 
174 213 
33 45 
224 17 
96 139 
150 3 
246 255 
189 135 
18 58 
171 133 
158 165 
225 250 
109 211 
110 38 
141 215 
112 47 
253 244 
15 76 
187 181 
18 84 
115 204 
62 29 
254 255 
183 158 
12 138 
221 243 
26 78 
93 123 
196 193 
146 219 
95 10 
187 16 
68 125 
26 98 
147 183 
110 105 
179 150 
174 132 
141 180 
234 195 
103 62 
255 246 
178 208 
74 16 
79 60 
180 218 
239 231 
156 185 
24 113 
97 137 
231 227 
131 136 
13 139 
225 230 
209 207 
176 141 
39 89 
159 180 
19 124 
17 100 
78 32 
67 65 
156 21 
119 190 
239 235 
72 102 
187 113 
1 101 
130 59 
59 83 
138 185 
155 168 
94 106 
28 86 
38 123 
162 160 
207 221 
21 66 
17 83 
239 229 
143 54 
106 182 
126 221 
166 127 
11 98 
115 210 
215 164 
245 255 
255 255 
149 219 
171 95 
59 113 
113 3 
199 225 
255 237 
118 218 
45 36 
105 25 
238 222 
198 187 
247 233 
154 146 
211 0 
131 156 
241 232 
165 147 
202 221 
116 3 
198 197 
229 228 
164 168 
83 57 
193 220 
32 46 
134 163 
140 210 
185 159 
91 72 
10 131 
196 177 
75 14 
76 111 
0 150 
61 51 
249 243 
241 231 
247 255 
130 156 
46 122 
8 94 
105 37 
252 240 
72 26 
243 239 
172 135 
158 172 
223 249 
21 143 
22 77 
150 224 
205 158 
95 128 
92 6 
62 29 
107 146 
255 240 
118 202 
193 36 
21 98 
178 129 
121 152 
100 201 
17 125 
191 166 
138 134 
130 219 
174 202 
138 165 
232 236 
243 235 
195 149 
123 164 
68 23 
133 100 
32 83 
255 236 
82 15 
97 180 
206 157 
205 37 
161 20 
255 255 
138 188 
171 203 
109 128 
117 8 
219 174 
148 187 
246 250 
164 220 
109 163 
146 173 
187 153 
197 175 
222 15 
204 176 
126 200 
239 227 
149 226 
224 245 
140 162 
94 8 
145 74 
190 205 
73 30 
55 37 
208 225 
226 207 
134 60 
47 52 
90 106 
196 209 
82 55 
74 30 
113 84 
137 186 
214 229 
39 120 
237 225 
194 187 
180 172 
122 194 
57 92 
241 244 
119 173 
94 162 
25 141 
228 193 
151 218 
240 243 
70 142 
197 43 
90 171 
71 16 
53 82 
156 177 
81 70 
59 113 
182 197 
122 177 
179 199 
23 140 
38 64 
106 52 
61 114 
242 230 
227 197 
59 116 
125 183 
169 221 
32 78 
14 95 
117 176 
203 34 
205 213 
176 180 
14 65 
99 167 
246 255 
219 165 
20 71 
11 123 
175 111 
61 89 
255 255 
166 94 
255 255 
139 188 
96 50 
51 31 
190 2 
65 71 
222 197 
86 159 
156 72 
162 183 
255 22 
254 242 
123 217 
151 212 
156 188 
255 253 
93 77 
234 236 
147 200 
44 126 
83 27 
132 187 
113 186 
243 249 
238 5 
10 136 
110 175 
11 86 
206 167 
132 171 
83 165 
132 60 
67 26 
205 136 
153 195 
116 206 
131 53 
182 152 
121 42 
207 227 
73 138 
182 141 
239 228 
101 108 
74 145 
218 247 
148 57 
184 185 
208 185 
186 144 
47 49 
110 214 
95 178 
71 17 
91 165 
132 162 
249 1 
122 171 
202 223 
166 197 
117 22 
94 10 
46 120 
130 4 
57 28 
227 213 
35 120 
242 234 
129 187 
31 74 
228 206 
109 90 
247 255 
173 163 
130 179 
243 232 
151 149 
163 152 
96 26 
96 45 
69 105 
230 252 
118 199 
215 211 
197 27 
22 68 
19 95 
29 125 
235 235 
159 169 
11 81 
209 186 
188 15 
250 230 
195 163 
255 255 
5 105 
25 74 
76 119 
99 200 
137 208 
223 14 
229 248 
147 70 
206 200 
228 187 
88 7 
14 89 
177 213 
111 33 
26 59 
242 247 
35 43 
142 215 
54 36 
26 72 
45 35 
1 87 
3 95 
232 214 
16 87 
141 81 
128 175 
144 182 
255 18 
252 246 
32 52 
211 84 
228 217 
37 71 
169 203 
75 84 
144 180 
225 213 
17 75 
41 41 
135 223 
19 132 
184 137 
44 97 
215 175 
151 41 
236 239 
14 98 
193 139 
79 25 
98 81 
53 37 
198 1 
159 183 
18 69 
255 248 
56 118 
23 56 
60 116 
118 65 
112 172 
255 255 
79 82 
40 39 
154 6 
58 79 
236 199 
211 2 
165 190 
255 254 
255 252 
73 21 
69 20 
34 75 
200 181 
44 43 
196 173 
171 103 
245 238 
186 156 
111 218 
152 189 
138 215 
194 186 
221 242 
255 238 
175 49 
76 15 
213 80 
171 72 
112 135 
174 105 
34 137 
130 52 
86 18 
150 193 
153 148 
56 34 
171 54 
44 94 
13 86 
161 177 
206 169 
251 255 
32 107 
1 98 
201 203 
236 7 
185 24 
115 197 
133 214 
180 37 
106 162 
31 101 
134 52 
31 59 
201 1 
32 61 
20 112 
70 21 
176 111 
0 92 
94 14 
15 66 
224 2 
159 209 
155 221 
126 220 
100 11 
254 250 
252 12 
187 163 
15 78 
78 83 
174 179 
141 220 
158 209 
70 71 
255 255 
32 123 
62 24 
196 149 
55 79 
66 81 
190 215 
232 216 
128 53 
69 19 
136 62 
190 182 
177 124 
79 96 
103 169 
216 167 
81 78 
131 182 
205 224 
179 220 
64 56 
215 23 
245 255 
140 168 
68 20 
109 179 
211 177 
83 8 
115 162 
9 91 
70 19 
187 114 
70 23 
59 33 
29 138 
119 168 
234 213 
159 176 
211 228 
46 38 
222 177 
254 255 
163 191 
26 74 
151 68 
89 7 
1 112 
162 194 
55 113 
167 129 
189 162 
169 208 
76 68 
250 255 
197 33 
121 63 
37 119 
6 126 
97 7 
230 231 
48 47 
221 227 
51 29 
14 110 
232 210 
219 242 
10 128 
228 201 
251 255 
150 153 
255 248 
121 66 
85 87 
54 38 
208 36 
187 174 
135 60 
38 44 
199 179 
185 44 
238 233 
47 97 
147 3 
251 255 
97 200 
226 14 
217 162 
212 0 
13 104 
49 50 
59 110 
5 112 
136 63 
230 243 
149 86 
11 118 
168 149 
239 233 
43 56 
145 227 
158 209 
154 183 
69 138 
136 201 
251 254 
159 189 
204 173 
198 178 
18 119 
120 199 
51 48 
212 242 
191 168 
63 104 
64 35 
7 108 
108 5 
199 169 
104 28 
40 42 
30 49 
206 226 
165 11 
241 248 
216 20 
8 111 
151 133 
217 247 
126 209 
204 0 
99 20 
47 36 
249 244 
181 214 
37 120 
90 11 
70 46 
141 205 
110 114 
244 255 
92 75 
225 4 
95 153 
128 183 
69 75 
0 106 
96 23 
205 176 
7 102 
152 85 
142 61 
62 24 
221 239 
110 192 
255 248 
78 25 
248 246 
29 59 
230 226 
69 18 
60 107 
62 23 
216 179 
66 116 
246 255 
7 110 
10 105 
203 172 
25 64 
249 255 
29 68 
15 75 
87 28 
124 151 
7 84 
190 125 
186 206 
16 85 
127 47 
22 57 
140 66 
93 46 
252 252 
240 243 
255 255 
242 228 
118 222 
178 159 
175 42 
77 110 
139 172 
255 255 
129 214 
27 67 
190 161 
230 217 
234 227 
164 116 
39 124 
4 102 
9 112 
103 193 
200 195 
50 66 
148 82 
8 91 
41 62 
172 129 
186 163 
16 115 
199 159 
201 23 
226 238 
75 86 
187 169 
197 169 
192 31 
241 255 
149 188 
160 216 
208 158 
172 166 
63 114 
60 44 
97 189 
132 201 
158 160 
163 182 
39 115 
99 92 
79 21 
83 11 
79 39 
214 156 
58 133 
24 77 
198 187 
106 180 
213 226 
146 204 
222 234 
33 90 
173 210 
98 139 
211 142 
240 237 
172 134 
16 73 
185 154 
209 216 
119 98 
128 208 
5 108 
17 77 
236 227 
246 230 
171 173 
164 207 
214 126 
101 32 
61 115 
205 164 
8 80 
191 207 
122 204 
32 68 
176 104 
160 59 
26 107 
255 235 
236 232 
121 48 
118 46 
43 130 
9 123 
140 90 
78 141 
158 201 
155 145 
10 73 
217 186 
124 47 
250 231 
184 207 
33 53 
219 225 
229 238 
14 80 
17 87 
54 30 
65 37 
120 68 
163 209 
18 80 
172 159 
145 197 
224 239 
227 253 
122 160 
77 99 
59 90 
255 250 
8 74 
182 177 
105 119 
25 114 
2 106 
182 219 
92 24 
44 40 
35 55 
181 125 
46 35 
190 142 
95 159 
93 18 
25 139 
145 61 
248 255 
182 1 
195 2 
138 68 
73 138 
191 171 
66 36 
101 148 
26 117 
58 49 
80 148 
85 56 
35 43 
71 88 
170 196 
9 71 
2 121 
40 45 
229 225 
122 64 
175 121 
128 194 
9 94 
11 126 
248 236 
193 19 
123 76 
150 94 
45 52 
106 103 
158 194 
84 19 
176 1 
62 121 
54 76 
128 180 
197 129 
252 230 
94 83 
255 250 
41 123 
255 17 
205 232 
129 212 
27 119 
94 48 
255 255 
104 203 
146 188 
99 49 
153 176 
78 156 
138 221 
14 125 
143 225 
166 172 
69 23 
56 115 
71 21 
116 166 
219 178 
22 73 
225 247 
131 3 
127 203 
183 9 
251 245 
8 99 
86 151 
242 255 
108 180 
227 202 
252 255 
157 168 
123 210 
195 161 
20 86 
246 229 
1 111 
206 27 
158 204 
33 116 
255 255 
66 19 
153 151 
211 21 
101 90 
19 75 
145 214 
6 105 
3 129 
111 146 
71 41 
150 204 
187 151 
97 7 
19 58 
61 50 
13 118 
104 152 
17 96 
46 48 
214 242 
155 213 
212 223 
223 242 
192 41 
129 191 
110 59 
192 184 
51 31 
0 101 
101 26 
51 32 
255 4 
243 255 
155 194 
145 34 
197 142 
176 91 
146 72 
42 117 
211 84 
64 25 
47 33 
107 97 
123 46 
188 119 
218 207 
28 75 
48 89 
11 129 
134 59 
144 184 
57 38 
239 224 
75 145 
53 38 
90 6 
6 102 
211 228 
66 108 
254 238 
115 45 
89 11 
48 33 
194 138 
31 65 
235 229 
51 41 
34 122 
176 82 
133 200 
135 198 
53 49 
167 200 
16 130 
120 221 
3 109 
142 173 
91 12 
46 33 
145 185 
240 226 
80 135 
140 81 
182 196 
156 208 
129 205 
118 204 
197 165 
130 218 
83 14 
157 55 
22 103 
61 53 
187 194 
90 6 
65 117 
70 101 
178 107 
87 12 
124 146 
183 138 
240 235 
247 255 
168 24 
118 29 
186 106 
34 60 
114 202 
37 60 
15 83 
177 99 
18 59 
139 70 
138 209 
215 148 
104 208 
75 98 
46 127 
122 191 
100 36 
149 133 
101 93 
168 103 
158 107 
99 140 
44 36 
49 103 
153 201 
154 174 
175 210 
139 89 
129 173 
175 139 
118 191 
84 169 
81 9 
168 216 
21 87 
205 179 
254 255 
26 141 
113 216 
254 248 
243 255 
186 142 
67 24 
40 93 
201 170 
152 140 
198 173 
37 121 
159 200 
9 81 
166 121 
47 119 
135 64 
178 102 
185 44 
147 62 
209 227 
92 157 
255 6 
237 227 
215 14 
65 26 
99 5 
169 161 
196 178 
122 164 
221 188 
235 255 
100 141 
174 206 
21 96 
164 86 
34 111 
150 122 
3 111 
67 27 
110 206 
218 215 
207 233 
36 113 
142 182 
17 59 
253 248 
47 124 
223 204 
53 36 
93 6 
84 9 
136 21 
169 146 
249 255 
199 151 
113 184 
125 169 
206 161 
117 190 
199 156 
68 113 
19 89 
176 127 
202 223 
24 56 
55 29 
127 153 
168 93 
139 204 
27 51 
63 22 
98 33 
73 22 
4 129 
227 209 
158 49 
206 228 
69 20 
12 88 
219 240 
206 164 
166 35 
248 232 
37 45 
24 100 
141 108 
216 137 
48 36 
248 249 
229 108 
103 30 
255 5 
62 117 
181 172 
251 254 
5 97 
220 197 
31 122 
255 254 
106 116 
196 133 
193 219 
121 218 
175 127 
242 245 
128 202 
24 70 
7 105 
149 2 
21 131 
163 166 
82 46 
155 77 
25 83 
252 255 
13 85 
172 190 
90 13 
186 166 
106 5 
152 172 
96 19 
12 114 
163 112 
185 48 
45 120 
77 142 
108 166 
250 252 
37 42 
198 169 
59 79 
212 157 
5 108 
50 35 
151 156 
125 188 
232 222 
114 137 
208 148 
105 195 
41 41 
110 181 
115 166 
165 152 
179 205 
47 66 
210 231 
181 205 
12 73 
67 41 
56 98 
77 151 
254 240 
57 33 
110 210 
199 0 
242 255 
133 203 
226 234 
14 72 
201 225 
238 231 
151 170 
91 182 
223 184 
231 209 
250 246 
220 247 
72 117 
55 45 
83 102 
207 169 
73 66 
186 184 
71 40 
58 127 
74 48 
70 113 
86 88 
205 33 
177 219 
255 9 
124 198 
210 132 
0 104 
163 198 
218 162 
209 153 
242 238 
205 171 
37 123 
91 192 
143 175 
35 93 
202 81 
148 208 
55 47 
136 211 
141 104 
222 207 
55 92 
212 243 
173 214 
236 234 
203 172 
184 140 
134 142 
237 225 
65 93 
10 78 
136 207 
119 198 
109 130 
217 235 
225 250 
91 18 
19 128 
208 174 
47 52 
83 18 
3 106 
108 198 
66 21 
214 242 
64 111 
134 169 
198 173 
85 55 
93 40 
166 184 
94 26 
111 52 
6 84 
82 10 
95 30 
240 234 
55 37 
154 139 
251 255 
38 87 
22 60 
7 123 
167 160 
20 134 
215 243 
6 78 
217 237 
116 191 
54 100 
67 70 
237 239 
24 109 
199 154 
56 48 
242 246 
18 71 
16 85 
198 162 
162 51 
38 41 
239 255 
225 179 
17 71 
63 28 
53 37 
187 65 
32 95 
122 224 
179 100 
0 101 
214 193 
181 220 
106 154 
158 83 
26 67 
244 249 
72 17 
127 191 
255 239 
80 10 
161 157 
19 87 
139 65 
245 247 
8 88 
80 39 
236 225 
36 115 
224 243 
2 102 
42 37 
91 17 
74 142 
24 71 
60 102 
169 214 
200 148 
74 32 
79 15 
165 68 
141 201 
164 153 
192 176 
227 15 
126 91 
69 30 
254 251 
238 244 
139 149 
1 104 
122 192 
240 255 
17 65 
236 234 
74 17 
78 154 
157 187 
108 191 
201 163 
195 148 
11 76 
195 174 
255 255 
24 111 
169 173 
224 10 
194 168 
184 101 
40 58 
28 51 
150 147 
194 147 
213 33 
21 81 
255 255 
84 19 
43 44 
70 70 
168 193 
135 175 
27 136 
211 210 
3 91 
111 217 
37 61 
239 230 
62 23 
215 94 
195 181 
5 109 
9 102 
173 215 
16 126 
21 120 
230 233 
24 82 
230 194 
188 174 
82 52 
245 255 
152 197 
255 255 
75 21 
61 26 
6 116 
164 25 
136 54 
81 95 
41 77 
67 85 
19 82 
4 94 
174 82 
30 71 
209 0 
176 205 
131 55 
88 7 
163 120 
179 208 
223 191 
8 105 
136 215 
20 74 
134 68 
165 1 
150 31 
58 27 
60 45 
178 202 
138 147 
215 240 
171 187 
255 242 
217 238 
143 120 
202 172 
167 144 
99 90 
217 171 
252 254 
126 140 
219 180 
254 238 
223 204 
142 169 
39 41 
255 15 
3 108 
39 44 
229 10 
119 170 
238 255 
233 219 
133 114 
33 105 
201 166 
26 127 
96 6 
46 49 
4 91 
254 253 
109 9 
133 57 
211 217 
17 74 
107 159 
160 210 
47 55 
255 18 
255 248 
156 91 
120 212 
196 205 
65 29 
112 178 
86 7 
129 203 
51 31 
19 116 
176 165 
228 232 
157 117 
72 131 
208 167 
20 59 
173 165 
16 122 
249 245 
163 147 
174 199 
51 51 
24 55 
178 206 
105 182 
209 150 
135 46 
51 31 
197 187 
134 156 
61 31 
87 106 
95 40 
28 70 
249 255 
62 128 
162 204 
201 221 
18 73 
5 83 
115 178 
51 32 
214 239 
150 226 
255 243 
160 86 
90 7 
99 150 
83 13 
128 216 
182 202 
204 87 
28 53 
157 139 
136 195 
85 165 
229 213 
218 23 
171 116 
82 63 
43 54 
86 14 
160 190 
5 92 
1 109 
57 54 
219 225 
118 47 
202 220 
197 69 
166 215 
61 42 
143 84 
245 245 
119 178 
165 150 
101 157 
208 149 
25 116 
101 28 
44 53 
139 87 
190 152 
144 191 
192 161 
145 230 
197 149 
219 99 
101 27 
78 12 
7 92 
4 88 
43 61 
30 72 
198 210 
28 76 
216 247 
255 245 
25 67 
202 150 
235 250 
105 29 
57 97 
188 143 
1 89 
124 156 
207 154 
213 105 
13 95 
94 6 
52 45 
159 123 
174 204 
218 14 
166 63 
107 21 
5 94 
212 167 
130 71 
233 237 
203 34 
99 191 
115 186 
187 16 
3 113 
60 134 
121 152 
183 174 
53 42 
23 69 
22 107 
12 77 
252 255 
41 120 
28 122 
226 231 
20 127 
162 215 
47 54 
16 82 
237 255 
78 75 
220 178 
208 1 
105 155 
112 184 
202 208 
195 78 
234 241 
134 148 
80 82 
187 107 
9 137 
10 93 
7 116 
211 26 
203 88 
216 224 
85 20 
244 247 
127 61 
204 224 
42 106 
226 146 
49 36 
94 22 
30 122 
104 187 
152 80 
230 222 
235 227 
181 191 
53 37 
152 137 
97 27 
102 196 
4 100 
242 234 
160 187 
87 17 
90 26 
40 41 
142 214 
184 152 
82 82 
124 199 
170 214 
118 179 
63 49 
116 157 
25 84 
191 217 
106 93 
233 240 
194 144 
168 135 
117 38 
163 161 
25 72 
58 77 
171 60 
190 166 
109 213 
150 88 
218 16 
147 229 
16 98 
65 22 
200 74 
255 6 
215 227 
249 252 
112 194 
231 222 
40 70 
101 166 
93 89 
225 176 
105 169 
114 198 
31 112 
177 54 
12 110 
82 135 
35 63 
43 115 
113 4 
164 216 
135 83 
133 151 
253 242 
244 255 
101 5 
35 44 
203 148 
225 10 
139 48 
63 29 
160 210 
147 226 
204 182 
35 72 
162 167 
209 167 
57 132 
191 9 
10 126 
1 105 
175 151 
172 157 
182 164 
125 180 
229 253 
4 127 
37 57 
200 185 
154 100 
205 162 
206 36 
43 121 
47 34 
38 122 
214 190 
89 69 
46 33 
255 237 
177 118 
208 189 
0 96 
94 194 
118 208 
29 63 
245 249 
91 117 
40 44 
209 161 
23 71 
35 61 
69 130 
84 151 
185 54 
86 22 
6 97 
74 53 
199 208 
144 169 
159 12 
65 40 
121 130 
53 30 
84 105 
64 26 
255 255 
114 188 
63 117 
133 4 
207 106 
200 162 
185 165 
137 113 
237 226 
146 63 
214 203 
114 158 
251 252 
143 217 
215 196 
250 255 
72 20 
155 195 
96 142 
61 45 
213 220 
255 255 
155 211 
220 230 
191 150 
218 192 
222 157 
105 93 
147 219 
178 177 
231 236 
66 27 
134 224 
162 144 
8 130 
67 79 
189 136 
234 225 
24 69 
173 155 
233 227 
57 78 
200 167 
248 255 
100 58 
210 239 
60 114 
233 224 
190 132 
42 113 
242 5 
46 48 
250 239 
48 124 
243 234 
45 61 
39 55 
85 114 
188 27 
167 192 
4 102 
107 31 
142 84 
125 28 
70 32 
134 193 
167 174 
242 232 
23 59 
50 47 
178 204 
59 117 
103 38 
247 21 
92 6 
99 19 
90 149 
227 233 
188 145 
217 241 
32 124 
162 206 
235 221 
110 175 
237 255 
0 100 
255 255 
80 34 
57 27 
35 101 
15 91 
41 128 
246 251 
185 200 
5 118 
211 241 
172 138 
127 96 
174 203 
141 73 
95 149 
182 150 
220 203 
122 157 
96 121 
251 232 
65 27 
207 237 
42 56 
87 176 
255 255 
204 166 
109 35 
211 237 
84 17 
156 156 
188 39 
234 226 
23 100 
227 181 
3 114 
169 184 
247 250 
65 32 
91 11 
41 42 
124 161 
224 12 
238 237 
149 63 
72 85 
250 250 
16 80 
134 208 
44 96 
170 166 
46 37 
25 106 
14 109 
214 244 
195 137 
72 81 
13 65 
239 243 
142 194 
1 97 
188 181 
116 214 
81 20 
169 79 
155 209 
79 141 
251 246 
216 247 
87 13 
247 251 
56 35 
111 198 
174 213 
131 65 
31 88 
226 12 
237 233 
184 49 
21 72 
185 133 
109 187 
77 135 
39 79 
114 72 
127 170 
83 145 
85 53 
192 171 
184 170 
44 122 
103 43 
233 232 
156 82 
2 97 
209 238 
150 223 
217 0 
44 39 
244 255 
80 89 
40 75 
233 224 
194 141 
154 87 
43 46 
130 194 
222 164 
170 112 
125 153 
133 61 
247 244 
13 99 
120 86 
220 206 
115 179 
148 228 
19 62 
198 145 
137 66 
255 236 
117 5 
75 17 
233 231 
209 89 
244 239 
233 233 
88 7 
241 236 
58 133 
29 50 
150 197 
191 222 
99 169 
69 112 
216 182 
80 111 
202 159 
118 4 
144 209 
210 235 
101 63 
129 54 
122 186 
64 30 
222 18 
236 229 
193 146 
153 49 
31 69 
170 174 
221 25 
13 135 
85 132 
174 123 
137 155 
115 43 
116 176 
190 122 
61 50 
163 199 
172 145 
167 198 
224 211 
228 239 
22 91 
181 171 
161 220 
141 216 
156 12 
56 125 
240 245 
242 231 
132 189 
241 233 
187 218 
59 44 
221 174 
200 156 
50 39 
141 224 
34 103 
187 155 
35 65 
240 249 
30 69 
51 42 
54 34 
48 32 
107 186 
142 86 
193 182 
102 185 
209 165 
148 147 
89 17 
70 32 
140 68 
160 171 
101 15 
247 248 
49 33 
104 53 
228 252 
106 42 
36 121 
188 142 
224 222 
128 137 
95 50 
39 46 
15 88 
114 45 
5 103 
202 175 
239 225 
80 10 
217 0 
209 163 
242 255 
230 235 
77 149 
42 71 
196 200 
32 118 
235 237 
217 195 
145 199 
15 119 
55 120 
44 36 
131 69 
180 115 
139 96 
229 184 
12 87 
28 73 
102 186 
191 136 
254 233 
194 170 
225 192 
32 120 
147 224 
69 70 
101 54 
33 98 
147 56 
232 231 
140 63 
91 160 
46 50 
118 208 
112 180 
164 189 
255 3 
113 3 
53 50 
99 95 
222 10 
92 6 
253 249 
244 255 
32 129 
132 191 
144 231 
190 134 
215 244 
142 232 
60 29 
105 89 
123 200 
127 205 
21 58 
11 93 
169 192 
130 51 
79 111 
42 124 
111 173 
59 104 
74 147 
189 179 
143 78 
98 43 
158 49 
196 160 
255 254 
121 163 
255 9 
192 144 
202 162 
255 4 
208 159 
29 77 
110 9 
184 143 
165 210 
85 96 
180 154 
175 199 
164 142 
221 245 
200 189 
53 103 
226 246 
248 255 
9 86 
8 106 
37 43 
3 93 
237 255 
57 46 
23 76 
60 56 
136 122 
1 112 
19 136 
105 6 
167 98 
130 75 
100 179 
250 245 
168 146 
91 19 
46 35 
34 92 
27 51 
238 229 
173 178 
119 213 
127 24 
32 65 
244 239 
110 178 
133 93 
42 128 
81 19 
34 68 
212 226 
84 17 
27 56 
32 71 
168 115 
192 123 
183 110 
17 73 
2 99 
178 2 
64 38 
79 47 
103 118 
73 145 
233 255 
78 129 
33 46 
191 154 
176 119 
100 126 
79 80 
41 40 
145 211 
218 225 
255 253 
255 2 
181 62 
0 115 
85 20 
131 210 
98 50 
143 58 
50 30 
1 95 
47 112 
235 227 
58 121 
152 89 
154 133 
117 28 
251 230 
123 211 
185 194 
7 109 
185 45 
226 210 
32 48 
228 8 
198 213 
84 16 
170 134 
215 239 
191 61 
240 226 
50 58 
18 131 
56 92 
252 3 
247 248 
67 25 
156 203 
206 234 
19 59 
161 173 
234 98 
182 203 
182 147 
251 254 
129 222 
168 21 
127 201 
36 45 
152 215 
118 223 
231 212 
174 166 
76 12 
56 43 
21 56 
99 39 
10 87 
6 108 
172 183 
72 141 
107 151 
12 89 
30 138 
247 255 
232 206 
135 213 
20 127 
164 84 
228 251 
64 49 
188 217 
140 229 
80 24 
48 52 
121 191 
75 147 
61 28 
77 80 
81 103 
191 39 
249 255 
233 255 
213 204 
255 8 
190 56 
255 244 
207 181 
136 221 
197 188 
252 255 
65 111 
19 79 
76 144 
53 54 
125 227 
88 63 
4 122 
195 183 
67 26 
104 197 
42 122 
100 10 
89 19 
193 147 
113 183 
73 131 
16 87 
1 107 
8 104 
165 189 
126 193 
58 101 
231 197 
162 201 
123 170 
63 28 
180 1 
222 11 
240 228 
243 236 
22 75 
195 214 
120 166 
41 132 
122 39 
238 237 
23 92 
52 56 
215 171 
239 245 
9 127 
67 91 
86 109 
149 224 
77 76 
122 212 
213 237 
66 97 
141 91 
132 205 
177 215 
9 99 
90 6 
22 79 
0 98 
83 12 
30 122 
161 211 
253 241 
9 84 
172 146 
220 184 
152 134 
66 33 
100 188 
174 24 
255 11 
94 93 
172 10 
167 107 
13 106 
210 174 
46 46 
42 112 
20 56 
87 7 
159 52 
124 50 
167 181 
6 88 
143 95 
131 220 
213 244 
55 77 
155 75 
255 251 
165 156 
119 157 
52 42 
157 13 
22 122 
245 229 
88 78 
170 191 
103 175 
225 202 
61 118 
169 138 
27 78 
38 132 
181 212 
147 61 
127 217 
24 56 
197 14 
184 103 
36 44 
164 195 
251 236 
241 242 
144 222 
120 189 
67 19 
38 57 
246 254 
124 211 
137 64 
189 143 
158 133 
12 70 
46 94 
165 199 
111 147 
25 61 
167 210 
151 145 
144 104 
232 254 
6 131 
73 18 
59 123 
121 163 
238 229 
146 195 
222 248 
29 78 
252 255 
197 186 
62 85 
44 109 
160 158 
199 1 
253 255 
2 111 
64 32 
115 168 
213 163 
33 128 
68 134 
14 101 
48 40 
72 19 
37 124 
180 211 
222 246 
98 5 
13 81 
74 24 
234 229 
153 193 
41 127 
218 243 
36 68 
160 117 
102 205 
82 174 
248 233 
173 188 
103 65 
102 175 
24 119 
24 69 
8 74 
192 122 
149 183 
242 247 
235 225 
41 44 
64 48 
255 245 
35 104 
54 52 
92 6 
206 147 
255 255 
207 183 
43 131 
179 101 
92 24 
39 104 
57 89 
200 2 
73 19 
21 57 
79 19 
8 125 
193 142 
86 8 
76 90 
78 28 
91 81 
54 29 
194 219 
230 190 
23 84 
185 157 
199 185 
138 212 
157 85 
255 249 
170 137 
249 245 
231 244 
142 132 
108 144 
48 123 
75 41 
108 77 
157 58 
27 132 
108 197 
186 139 
200 9 
10 119 
246 250 
79 102 
2 118 
58 110 
101 33 
28 137 
41 43 
2 87 
80 57 
59 43 
228 234 
155 171 
250 255 
125 202 
114 190 
82 9 
200 158 
11 135 
163 196 
88 147 
136 224 
188 205 
71 20 
124 24 
191 130 
178 145 
30 118 
148 195 
139 4 
106 22 
158 146 
53 36 
137 213 
42 53 
251 241 
76 149 
64 29 
202 219 
60 132 
21 114 
170 126 
255 243 
213 240 
200 0 
3 99 
255 251 
115 218 
132 143 
20 73 
27 53 
209 149 
233 253 
203 177 
168 153 
112 175 
255 255 
220 212 
130 144 
39 42 
138 3 
62 125 
41 39 
126 176 
73 15 
0 104 
220 240 
12 115 
230 218 
61 34 
57 117 
243 255 
10 128 
10 91 
255 241 
166 213 
81 145 
184 42 
237 229 
4 109 
41 42 
137 218 
239 245 
238 228 
50 108 
171 27 
196 166 
16 60 
145 55 
255 255 
249 252 
113 139 
87 8 
208 172 
8 121 
22 117 
65 117 
66 132 
159 125 
77 22 
179 129 
42 127 
235 219 
218 177 
63 82 
114 152 
153 159 
86 14 
174 155 
113 163 
242 236 
9 119 
89 127 
244 255 
93 30 
102 198 
12 66 
237 223 
65 48 
180 105 
108 150 
238 243 
189 139 
223 16 
115 4 
99 16 
236 237 
104 181 
144 57 
208 179 
21 133 
203 221 
123 193 
131 215 
152 74 
11 95 
27 82 
252 233 
218 22 
255 21 
104 103 
49 95 
216 25 
208 3 
121 175 
208 195 
178 209 
143 186 
79 123 
24 67 
193 30 
236 246 
119 201 
80 45 
36 66 
32 57 
40 77 
206 189 
69 127 
97 27 
2 120 
229 231 
113 159 
50 47 
112 206 
127 167 
15 109 
34 49 
138 143 
187 9 
6 94 
173 152 
255 243 
35 106 
2 94 
211 173 
224 215 
126 214 
99 38 
61 35 
111 185 
158 3 
140 203 
176 196 
11 78 
95 184 
65 21 
64 27 
63 27 
47 46 
153 169 
182 207 
87 38 
127 155 
8 89 
102 140 
215 243 
107 161 
120 208 
182 154 
14 132 
6 113 
214 236 
101 181 
248 252 
32 98 
84 129 
198 156 
57 120 
148 226 
33 73 
27 122 
167 142 
47 36 
44 55 
233 10 
244 0 
90 23 
59 136 
222 118 
38 54 
197 214 
88 186 
218 155 
134 119 
72 141 
78 134 
10 139 
81 10 
127 164 
38 91 
160 172 
109 205 
224 253 
172 109 
253 13 
30 50 
255 11 
72 18 
157 176 
227 207 
183 168 
190 175 
196 147 
247 255 
194 176 
33 62 
41 47 
82 149 
28 74 
123 196 
44 55 
141 212 
141 177 
229 229 
186 211 
228 223 
91 97 
109 13 
130 159 
96 90 
173 197 
58 44 
145 158 
109 177 
194 182 
29 135 
81 160 
93 130 
219 8 
56 77 
31 129 
236 226 
253 231 
229 254 
252 250 
193 161 
7 131 
135 228 
184 177 
182 189 
140 30 
71 21 
203 40 
252 251 
176 174 
217 32 
214 176 
241 227 
81 72 
235 239 
188 139 
80 172 
32 58 
193 174 
52 33 
152 211 
141 153 
254 241 
108 158 
246 255 
231 195 
170 106 
100 25 
100 151 
186 199 
243 246 
25 52 
15 116 
77 146 
154 69 
19 65 
45 99 
100 51 
135 201 
34 70 
145 58 
101 5 
255 255 
28 111 
161 202 
23 94 
182 15 
77 88 
84 93 
126 212 
203 181 
162 156 
43 114 
255 248 
6 133 
166 200 
52 75 
197 183 
14 82 
116 198 
107 175 
244 238 
75 125 
220 243 
107 54 
233 228 
153 184 
178 168 
137 63 
116 139 
118 155 
201 159 
0 110 
102 74 
100 13 
255 252 
33 63 
164 200 
201 153 
102 118 
80 43 
91 27 
221 244 
89 153 
204 159 
238 224 
202 152 
110 105 
38 79 
204 196 
92 101 
103 30 
93 6 
163 177 
153 198 
57 130 
91 15 
244 241 
146 175 
212 176 
217 239 
98 155 
22 71 
105 190 
177 212 
142 199 
33 92 
105 202 
147 204 
166 158 
10 135 
144 232 
8 103 
74 67 
11 137 
161 143 
136 153 
78 90 
92 150 
187 160 
172 99 
32 56 
116 46 
181 206 
75 148 
94 150 
157 220 
239 240 
44 69 
149 137 
221 216 
148 173 
35 45 
103 178 
139 102 
42 100 
149 75 
70 59 
58 84 
140 160 
40 118 
167 202 
165 182 
255 255 
178 192 
69 96 
241 229 
145 53 
7 80 
33 109 
124 54 
130 53 
254 235 
157 153 
107 179 
255 255 
251 255 
234 16 
25 55 
157 143 
147 200 
102 170 
49 37 
104 85 
209 182 
66 68 
18 64 
124 171 
2 106 
81 137 
132 62 
181 190 
60 50 
131 85 
144 64 
150 166 
255 240 
34 120 
95 35 
68 22 
66 133 
93 7 
160 196 
20 88 
37 116 
225 251 
52 47 
38 61 
147 65 
234 244 
82 9 
183 193 
209 229 
48 36 
243 241 
123 205 
173 99 
11 115 
31 126 
135 218 
216 239 
158 206 
213 136 
160 92 
221 9 
226 113 
20 57 
169 168 
205 151 
7 76 
34 118 
142 51 
116 196 
79 61 
222 163 
208 146 
212 196 
5 118 
106 174 
192 140 
7 122 
132 185 
44 54 
111 85 
78 69 
229 220 
90 135 
207 235 
77 11 
94 135 
232 253 
248 255 
125 64 
166 147 
116 58 
202 229 
64 30 
189 31 
169 2 
34 105 
211 241 
77 138 
5 134 
252 253 
233 235 
70 28 
45 69 
151 53 
213 121 
105 32 
255 237 
113 177 
215 239 
21 139 
223 250 
74 131 
221 242 
123 97 
226 189 
117 181 
174 99 
223 11 
247 251 
118 195 
198 90 
234 212 
76 156 
17 122 
246 253 
231 238 
15 123 
18 133 
46 53 
29 140 
63 32 
220 190 
66 26 
75 142 
216 204 
226 237 
255 248 
50 120 
48 60 
180 219 
42 115 
185 202 
221 223 
136 147 
201 157 
93 33 
218 12 
253 2 
140 62 
23 126 
218 245 
51 127 
253 251 
33 131 
18 143 
85 148 
5 100 
137 222 
70 76 
67 102 
217 226 
170 205 
49 85 
50 66 
226 232 
112 218 
189 140 
192 207 
254 250 
99 28 
247 255 
46 36 
125 192 
214 200 
55 30 
88 81 
220 239 
26 129 
84 9 
226 251 
88 23 
94 9 
2 111 
59 127 
103 91 
37 49 
13 67 
166 155 
40 59 
202 155 
252 242 
247 231 
180 132 
104 129 
87 7 
206 223 
183 136 
200 3 
37 45 
41 48 
112 141 
254 243 
80 159 
89 92 
48 43 
247 246 
232 216 
107 194 
255 22 
156 174 
255 251 
54 91 
109 47 
26 96 
1 93 
106 204 
17 141 
99 34 
181 208 
248 250 
1 104 
125 135 
76 12 
97 55 
51 87 
0 95 
254 255 
62 24 
43 37 
244 228 
52 62 
125 155 
247 234 
156 38 
88 12 
246 255 
114 63 
24 55 
146 230 
95 24 
130 205 
89 138 
83 17 
27 108 
72 23 
80 96 
202 177 
110 180 
73 40 
24 63 
250 233 
16 142 
229 232 
95 170 
75 14 
207 131 
36 132 
40 46 
90 7 
133 228 
167 176 
124 167 
87 110 
110 156 
57 30 
143 206 
161 181 
89 13 
11 131 
121 67 
179 164 
146 215 
195 156 
103 100 
89 79 
177 187 
111 4 
142 62 
15 73 
9 108 
102 29 
90 74 
116 144 
188 150 
63 108 
73 58 
255 255 
203 158 
76 125 
206 38 
64 35 
122 162 
49 32 
71 91 
49 33 
166 168 
241 249 
143 72 
195 223 
108 153 
166 1 
162 139 
18 112 
125 50 
95 50 
143 115 
192 36 
117 221 
159 202 
215 158 
5 115 
136 161 
255 14 
96 6 
241 229 
183 133 
22 67 
209 35 
154 129 
243 230 
229 209 
10 117 
33 67 
248 253 
133 197 
104 5 
107 110 
136 61 
165 52 
103 89 
141 65 
34 47 
84 89 
41 127 
43 39 
255 11 
251 249 
134 54 
117 151 
4 115 
0 95 
40 110 
86 99 
241 232 
249 254 
138 192 
14 65 
29 72 
139 220 
136 71 
45 51 
137 206 
123 207 
160 100 
52 38 
23 66 
71 145 
13 90 
183 172 
70 18 
255 16 
162 209 
221 197 
235 227 
245 255 
86 121 
250 253 
128 99 
126 168 
51 125 
120 50 
39 52 
205 148 
194 145 
208 134 
131 173 
96 36 
177 171 
96 153 
109 43 
219 241 
91 154 
57 49 
253 236 
45 117 
250 255 
140 185 
78 152 
175 106 
59 87 
138 94 
25 68 
10 96 
255 249 
145 3 
96 183 
26 112 
169 200 
227 242 
135 202 
252 247 
38 134 
57 80 
160 183 
194 206 
146 179 
1 102 
243 236 
180 107 
60 81 
221 247 
78 83 
0 97 
56 41 
126 162 
238 242 
223 249 
30 111 
56 108 
35 137 
242 246 
146 203 
255 255 
15 140 
214 165 
159 195 
210 211 
186 140 
162 13 
113 59 
132 164 
225 252 
38 127 
218 241 
189 32 
7 119 
245 252 
255 249 
237 242 
255 11 
134 73 
125 56 
232 225 
102 29 
115 3 
243 253 
220 249 
88 14 
194 193 
230 228 
255 255 
138 52 
129 54 
92 118 
18 71 
87 99 
36 59 
159 40 
52 34 
56 105 
102 26 
35 70 
151 161 
188 178 
65 73 
36 131 
190 174 
132 136 
255 11 
56 100 
226 233 
204 155 
234 7 
208 163 
246 249 
147 176 
74 80 
19 85 
219 185 
151 221 
40 42 
249 248 
127 109 
224 15 
76 13 
76 96 
164 107 
203 223 
45 53 
192 165 
78 167 
183 187 
68 82 
240 228 
254 235 
8 101 
200 150 
209 234 
1 92 
183 156 
88 93 
79 27 
97 18 
131 125 
148 178 
44 101 
188 195 
83 8 
173 128 
212 29 
139 66 
125 216 
230 212 
69 128 
192 129 
99 180 
143 60 
62 24 
94 178 
143 68 
50 114 
52 106 
123 132 
7 137 
28 66 
77 88 
4 100 
87 12 
73 127 
255 247 
202 146 
85 19 
86 33 
242 251 
3 101 
172 112 
138 173 
198 176 
2 95 
134 204 
129 196 
249 235 
136 222 
104 179 
178 133 
50 43 
188 147 
170 222 
162 171 
234 252 
235 255 
241 235 
183 165 
168 151 
10 139 
189 33 
249 232 
247 255 
251 255 
88 164 
241 246 
84 9 
255 250 
74 15 
155 114 
181 193 
74 92 
88 7 
168 140 
132 64 
201 178 
42 50 
224 249 
160 199 
204 174 
167 146 
243 2 
99 5 
114 146 
199 214 
60 129 
230 7 
240 226 
75 13 
146 76 
11 110 
40 123 
175 184 
62 23 
1 87 
210 221 
83 86 
142 72 
22 70 
113 217 
192 10 
18 76 
223 198 
148 201 
255 250 
203 200 
224 180 
223 211 
105 11 
168 148 
108 29 
5 80 
16 89 
236 242 
97 151 
181 144 
120 183 
223 177 
181 143 
115 76 
255 255 
71 109 
179 125 
113 189 
54 40 
6 80 
185 141 
77 73 
140 197 
147 209 
239 240 
26 68 
190 140 
231 231 
207 176 
66 28 
194 203 
255 255 
62 25 
159 70 
246 231 
53 98 
15 94 
85 8 
47 49 
16 96 
50 31 
164 144 
51 50 
203 190 
92 12 
210 0 
161 177 
137 189 
30 74 
175 130 
140 74 
110 4 
45 100 
68 24 
154 2 
229 236 
46 40 
204 162 
187 218 
85 8 
191 180 
87 134 
3 89 
90 159 
59 59 
255 255 
145 150 
111 219 
215 230 
96 180 
52 115 
18 74 
209 230 
132 142 
21 135 
63 24 
3 117 
115 185 
234 255 
135 77 
126 166 
107 144 
20 83 
160 80 
106 144 
131 184 
133 80 
19 108 
201 225 
12 119 
108 72 
88 154 
226 250 
62 27 
145 2 
71 22 
227 185 
134 62 
111 39 
184 204 
177 210 
52 32 
198 164 
97 135 
107 154 
35 43 
212 186 
86 130 
159 2 
169 142 
111 170 
92 82 
135 63 
92 11 
175 136 
15 71 
48 35 
163 170 
255 237 
50 88 
36 76 
144 48 
108 167 
170 188 
95 141 
82 9 
181 153 
227 254 
246 244 
228 220 
65 132 
148 202 
230 158 
219 92 
134 77 
128 197 
225 184 
147 91 
255 1 
131 175 
238 255 
234 223 
148 191 
189 154 
193 201 
54 38 
17 71 
87 93 
181 206 
89 95 
15 61 
45 97 
231 191 
176 138 
92 146 
6 83 
173 137 
125 46 
138 90 
64 129 
172 114 
56 29 
130 192 
85 83 
199 152 
106 5 
62 110 
29 138 
255 4 
255 255 
143 178 
191 178 
163 130 
140 218 
48 47 
207 159 
126 51 
65 28 
132 218 
108 44 
28 68 
28 112 
34 60 
149 223 
43 91 
150 224 
27 81 
152 115 
185 29 
152 186 
156 199 
206 190 
127 167 
255 16 
168 130 
163 55 
219 221 
151 57 
61 76 
25 55 
157 211 
213 230 
49 53 
174 187 
156 190 
104 31 
10 112 
156 165 
237 255 
112 181 
66 39 
71 31 
255 255 
198 75 
142 58 
164 15 
207 1 
196 199 
179 1 
183 181 
171 101 
96 83 
23 69 
84 8 
95 31 
119 3 
50 32 
1 102 
136 75 
215 246 
37 44 
105 169 
61 25 
64 33 
183 190 
132 209 
124 113 
212 238 
197 113 
139 157 
8 136 
114 183 
95 41 
253 231 
164 75 
109 81 
104 147 
237 255 
75 29 
106 4 
164 130 
111 181 
0 109 
231 254 
211 151 
18 85 
116 201 
68 18 
88 8 
170 113 
167 142 
250 255 
165 77 
253 255 
190 124 
14 128 
189 157 
157 170 
58 26 
234 239 
247 255 
199 161 
87 16 
86 15 
98 23 
113 25 
86 14 
36 90 
129 2 
253 255 
120 188 
77 45 
98 171 
128 152 
212 242 
212 243 
62 42 
225 233 
36 131 
46 129 
2 117 
113 66 
155 202 
142 158 
198 158 
157 164 
117 4 
228 249 
125 199 
186 1 
126 62 
161 195 
131 203 
89 7 
20 70 
39 124 
79 39 
230 222 
207 219 
126 168 
57 27 
195 147 
77 17 
33 100 
238 236 
167 185 
58 103 
233 227 
199 175 
220 182 
120 47 
255 17 
73 17 
169 196 
162 150 
175 193 
239 238 
172 201 
85 18 
84 155 
228 234 
37 136 
104 156 
131 151 
67 19 
178 121 
242 248 
85 14 
15 106 
70 22 
207 152 
255 250 
153 180 
171 141 
49 55 
43 109 
184 70 
76 12 
206 184 
82 9 
73 134 
65 50 
204 0 
234 255 
94 26 
192 183 
28 108 
103 97 
76 14 
76 94 
210 233 
214 173 
250 235 
98 102 
41 72 
111 185 
9 131 
110 204 
217 0 
154 188 
9 118 
159 191 
255 251 
210 192 
124 213 
46 59 
143 181 
20 76 
133 131 
148 133 
38 96 
176 58 
212 157 
232 255 
126 41 
238 249 
154 200 
48 45 
167 148 
220 16 
119 163 
118 203 
229 241 
4 99 
184 219 
244 247 
203 223 
248 245 
197 34 
64 48 
188 148 
219 246 
106 157 
178 156 
82 21 
161 14 
112 150 
85 93 
216 238 
153 194 
146 166 
225 5 
72 16 
144 116 
248 243 
153 201 
58 94 
43 110 
103 21 
213 170 
184 1 
87 138 
126 205 
93 17 
76 135 
223 130 
211 188 
255 15 
2 109 
176 104 
72 136 
173 194 
15 134 
92 193 
255 255 
48 39 
187 161 
100 193 
240 240 
143 172 
21 69 
119 215 
93 20 
210 238 
113 206 
114 90 
184 148 
55 95 
204 163 
239 240 
179 165 
228 221 
250 255 
127 54 
71 107 
140 60 
13 112 
237 239 
116 220 
207 94 
187 174 
238 232 
255 255 
177 100 
102 153 
89 7 
185 161 
193 216 
250 254 
9 83 
245 248 
139 153 
250 241 
202 161 
177 192 
55 49 
243 245 
240 246 
20 105 
112 45 
189 25 
151 153 
127 213 
217 83 
89 7 
145 233 
222 229 
82 17 
206 224 
68 18 
181 187 
90 98 
181 134 
7 114 
81 113 
222 238 
159 150 
33 66 
162 181 
81 97 
216 64 
120 192 
64 114 
51 35 
97 128 
59 123 
78 43 
195 186 
94 99 
117 198 
176 58 
27 76 
76 47 
137 59 
153 148 
4 104 
210 157 
88 158 
204 158 
8 79 
253 255 
255 255 
106 59 
89 189 
49 46 
157 192 
143 156 
53 86 
94 20 
210 179 
150 197 
89 132 
31 122 
154 165 
68 24 
71 125 
182 214 
235 223 
114 164 
54 32 
154 143 
225 154 
83 16 
39 43 
219 98 
31 63 
142 212 
120 3 
221 209 
212 135 
49 34 
87 19 
121 160 
60 73 
232 226 
219 244 
251 235 
170 130 
69 88 
165 81 
230 9 
22 73 
126 49 
81 87 
252 234 
17 76 
188 189 
34 63 
29 79 
95 25 
179 71 
60 28 
179 171 
26 71 
154 155 
193 195 
180 107 
255 0 
123 218 
31 130 
191 222 
60 115 
9 73 
236 223 
184 193 
36 86 
255 255 
180 182 
255 20 
241 251 
202 154 
107 34 
115 170 
97 89 
50 133 
123 4 
111 195 
215 222 
195 170 
20 121 
158 149 
219 241 
15 77 
184 150 
63 24 
39 40 
244 231 
121 3 
104 15 
241 246 
137 170 
152 222 
33 94 
112 187 
23 142 
70 25 
26 68 
135 226 
210 216 
217 201 
50 51 
214 2 
128 131 
31 139 
180 192 
67 20 
130 60 
134 64 
205 138 
110 160 
30 57 
26 81 
255 255 
151 131 
189 141 
112 165 
211 160 
189 175 
227 215 
45 55 
16 74 
111 4 
75 78 
131 208 
127 198 
233 218 
24 57 
43 128 
203 171 
55 93 
84 73 
248 255 
93 28 
18 70 
103 28 
186 124 
74 133 
12 102 
112 71 
242 228 
2 103 
27 50 
245 255 
102 58 
120 3 
100 154 
217 238 
231 236 
41 98 
90 6 
38 68 
196 154 
105 166 
92 15 
56 111 
228 253 
120 201 
231 241 
252 246 
194 159 
210 240 
243 250 
213 182 
149 220 
231 223 
14 74 
5 92 
49 47 
155 55 
133 66 
246 245 
27 53 
124 195 
120 168 
54 34 
119 152 
231 254 
102 178 
69 66 
10 85 
173 123 
229 12 
240 241 
45 51 
177 214 
255 252 
58 26 
165 139 
71 22 
232 240 
204 221 
121 187 
105 110 
227 244 
203 35 
189 199 
54 35 
205 225 
255 240 
189 154 
168 160 
220 241 
7 97 
43 117 
217 246 
180 138 
66 39 
80 26 
22 83 
28 128 
68 72 
76 143 
42 39 
33 102 
37 108 
29 51 
144 140 
21 57 
193 138 
176 144 
191 201 
159 186 
68 25 
72 137 
123 23 
27 81 
201 151 
205 144 
227 10 
49 33 
218 133 
154 198 
147 52 
175 179 
231 15 
77 126 
230 216 
195 64 
255 251 
42 126 
4 108 
137 190 
204 167 
98 94 
148 170 
224 17 
136 184 
123 155 
242 247 
45 51 
248 254 
255 12 
66 30 
54 38 
196 217 
55 107 
50 40 
255 3 
144 228 
255 255 
104 185 
118 157 
171 181 
104 16 
207 228 
195 32 
179 213 
68 25 
42 78 
226 219 
29 56 
196 170 
196 211 
24 53 
70 78 
49 44 
88 21 
249 255 
55 104 
30 79 
126 145 
244 248 
163 1 
220 169 
93 42 
211 238 
192 149 
148 164 
147 158 
205 37 
59 86 
229 252 
131 207 
226 225 
93 81 
108 212 
225 232 
7 93 
192 163 
222 170 
30 80 
98 22 
240 18 
1 98 
190 34 
193 170 
178 207 
116 205 
117 220 
141 101 
7 121 
201 228 
62 24 
4 107 
106 165 
247 255 
54 37 
211 0 
156 160 
163 185 
20 123 
58 87 
44 107 
226 216 
83 16 
206 148 
29 51 
53 77 
223 217 
133 190 
151 180 
6 87 
210 159 
227 235 
160 155 
184 191 
28 80 
56 37 
171 47 
19 67 
40 66 
137 198 
98 162 
192 39 
253 233 
18 78 
255 248 
102 21 
112 4 
110 216 
244 246 
255 11 
246 254 
155 18 
62 83 
147 217 
30 49 
237 11 
142 195 
168 54 
212 240 
206 141 
186 131 
207 209 
199 169 
45 84 
131 188 
36 80 
114 177 
70 126 
195 190 
103 5 
129 220 
81 18 
169 145 
63 23 
132 155 
150 149 
143 66 
164 146 
177 159 
255 255 
221 195 
56 44 
54 126 
20 78 
47 49 
206 176 
126 164 
122 115 
164 104 
60 96 
179 208 
148 61 
21 57 
81 10 
122 215 
92 105 
8 136 
16 65 
112 124 
116 217 
107 35 
108 167 
25 66 
48 41 
52 42 
222 13 
65 103 
29 81 
197 213 
236 220 
255 255 
189 187 
196 1 
117 201 
61 32 
157 1 
137 219 
54 131 
72 46 
50 39 
160 210 
73 87 
245 250 
69 25 
180 196 
173 103 
75 76 
63 26 
240 245 
93 174 
123 207 
194 31 
113 3 
171 110 
60 34 
5 106 
21 83 
208 161 
162 51 
171 62 
153 203 
77 143 
231 205 
190 143 
121 207 
200 167 
214 179 
209 213 
236 236 
87 16 
135 172 
155 140 
230 225 
91 123 
116 209 
245 234 
26 57 
153 145 
156 164 
184 214 
232 228 
170 216 
170 186 
100 163 
109 63 
215 229 
132 78 
188 160 
91 6 
241 238 
51 85 
22 143 
132 181 
223 168 
255 255 
11 117 
255 14 
228 253 
149 60 
232 196 
245 234 
213 240 
229 192 
182 107 
199 154 
80 10 
29 64 
250 255 
7 128 
236 241 
161 47 
34 44 
77 64 
34 108 
212 121 
234 230 
185 10 
169 155 
186 126 
229 244 
49 101 
26 100 
255 253 
191 2 
107 213 
128 188 
75 14 
177 79 
179 44 
110 170 
122 155 
207 184 
30 105 
81 91 
171 210 
246 255 
14 130 
102 182 
193 95 
5 116 
173 190 
47 130 
216 15 
72 16 
194 142 
119 207 
225 252 
118 175 
45 101 
129 111 
119 139 
23 138 
96 5 
84 8 
165 2 
176 187 
183 1 
168 189 
55 39 
61 69 
253 237 
120 217 
22 124 
62 124 
227 12 
78 26 
114 211 
191 151 
133 67 
236 242 
183 88 
43 116 
89 116 
235 233 
99 158 
151 215 
144 110 
86 8 
36 44 
169 144 
120 203 
14 90 
146 67 
227 191 
113 3 
208 2 
68 19 
135 68 
15 85 
161 148 
79 40 
134 218 
223 239 
54 30 
58 90 
67 123 
92 18 
44 116 
255 255 
249 253 
87 18 
255 5 
180 26 
85 16 
48 119 
82 94 
151 191 
192 31 
66 75 
53 38 
175 147 
78 151 
178 198 
39 88 
102 173 
119 185 
43 40 
179 211 
253 255 
125 197 
27 135 
174 202 
55 29 
119 150 
202 1 
75 60 
25 90 
244 255 
105 163 
12 92 
42 60 
154 215 
216 143 
23 57 
139 214 
160 14 
27 70 
4 111 
152 175 
237 222 
193 43 
154 214 
140 141 
90 167 
153 203 
55 117 
39 124 
76 51 
135 185 
113 197 
197 31 
233 225 
68 111 
101 86 
173 192 
98 126 
231 221 
42 124 
52 64 
25 134 
35 48 
29 67 
81 62 
5 119 
167 196 
36 47 
151 55 
159 159 
255 20 
166 143 
161 193 
77 12 
96 51 
124 168 
102 149 
23 85 
213 134 
109 151 
146 37 
96 28 
128 141 
230 208 
153 211 
90 97 
174 171 
105 152 
175 114 
55 52 
214 237 
216 244 
144 205 
53 35 
66 65 
129 164 
14 76 
237 229 
84 137 
74 22 
16 72 
208 38 
144 62 
254 248 
136 99 
121 174 
64 25 
102 62 
11 88 
141 46 
128 154 
32 74 
134 56 
146 222 
158 203 
89 28 
10 124 
186 220 
158 145 
225 241 
175 212 
2 97 
68 19 
19 84 
98 109 
124 173 
210 235 
174 108 
11 129 
255 255 
84 8 
205 166 
189 216 
59 41 
52 38 
226 231 
170 120 
50 119 
198 36 
204 222 
26 75 
137 96 
104 162 
63 76 
98 86 
172 183 
166 186 
98 6 
217 242 
232 255 
201 222 
86 8 
23 73 
135 209 
107 192 
188 167 
157 4 
248 230 
232 208 
55 80 
198 200 
240 231 
170 102 
138 229 
139 223 
166 217 
52 41 
133 173 
2 126 
154 204 
121 54 
71 40 
40 113 
185 163 
52 31 
201 164 
240 245 
80 34 
13 85 
233 238 
3 118 
186 146 
245 253 
250 236 
10 88 
71 64 
92 15 
224 8 
185 40 
204 210 
133 178 
14 79 
53 52 
83 18 
82 107 
83 8 
232 8 
103 62 
97 54 
51 31 
122 166 
249 251 
2 84 
156 196 
123 186 
51 37 
244 246 
150 216 
72 110 
24 134 
13 128 
178 110 
19 142 
146 227 
30 95 
93 179 
20 90 
29 133 
161 205 
4 85 
213 167 
125 157 
68 20 
37 136 
23 67 
222 251 
225 242 
68 22 
118 177 
255 13 
210 0 
227 245 
237 252 
196 165 
228 234 
128 177 
54 37 
172 101 
144 172 
157 13 
186 130 
97 6 
203 160 
8 109 
235 217 
199 0 
61 37 
243 249 
255 5 
249 255 
186 118 
169 212 
189 145 
232 236 
148 154 
114 178 
244 232 
129 160 
9 104 
44 57 
223 145 
194 190 
63 89 
255 13 
218 237 
199 175 
200 149 
170 204 
6 120 
34 126 
111 168 
48 48 
246 232 
6 92 
255 233 
217 164 
148 56 
83 141 
137 32 
238 235 
86 67 
27 73 
161 152 
207 179 
163 150 
100 96 
112 4 
216 245 
12 105 
195 135 
150 176 
108 207 
255 235 
90 75 
227 161 
201 138 
152 165 
168 13 
251 255 
45 53 
3 101 
9 103 
171 180 
89 100 
253 255 
54 31 
140 57 
248 254 
255 252 
192 189 
97 20 
31 135 
157 146 
73 94 
75 13 
39 62 
36 88 
255 251 
104 67 
181 48 
145 61 
97 6 
142 217 
183 202 
47 58 
227 250 
214 244 
199 5 
14 112 
12 131 
218 247 
186 120 
39 64 
3 97 
38 96 
70 124 
194 40 
101 113 
4 106 
243 243 
129 168 
52 48 
2 91 
33 69 
19 57 
69 21 
240 2 
94 23 
164 122 
117 144 
246 253 
25 86 
100 31 
66 25 
45 41 
60 110 
190 126 
91 144 
4 106 
216 63 
124 58 
130 184 
171 143 
74 120 
173 143 
239 2 
93 44 
114 199 
138 212 
243 237 
248 255 
17 70 
129 210 
53 42 
172 198 
28 60 
52 124 
74 29 
82 58 
213 132 
23 79 
106 12 
176 102 
179 107 
230 224 
67 34 
226 180 
146 4 
107 210 
145 162 
67 22 
175 143 
249 232 
0 90 
127 160 
68 21 
81 143 
49 36 
152 59 
185 133 
120 184 
248 255 
190 173 
82 153 
3 108 
177 215 
189 172 
128 192 
153 162 
117 45 
140 158 
80 105 
20 69 
176 194 
123 171 
119 194 
201 161 
172 132 
47 34 
166 145 
31 109 
28 96 
180 117 
34 64 
161 198 
245 247 
219 236 
100 140 
59 84 
31 53 
121 196 
191 188 
74 125 
67 67 
236 224 
199 82 
160 150 
177 103 
13 90 
65 23 
221 161 
91 172 
224 140 
241 249 
3 84 
17 70 
154 74 
245 243 
1 96 
203 168 
49 56 
12 90 
13 76 
129 198 
150 222 
228 202 
235 217 
152 199 
97 28 
158 199 
228 254 
114 81 
97 23 
194 172 
235 224 
13 78 
235 241 
149 206 
204 0 
92 141 
117 58 
216 189 
28 116 
86 67 
155 182 
56 103 
21 56 
221 182 
18 104 
38 116 
173 196 
120 207 
212 183 
241 255 
180 209 
61 26 
156 157 
58 30 
202 194 
151 140 
33 120 
122 69 
237 254 
200 217 
87 7 
181 167 
193 119 
133 206 
40 42 
163 17 
69 62 
35 45 
244 230 
94 99 
58 38 
205 230 
78 82 
65 24 
162 189 
2 127 
80 9 
149 86 
22 69 
204 146 
222 226 
42 120 
255 255 
9 138 
168 128 
86 22 
255 255 
13 82 
129 171 
98 8 
12 119 
18 92 
163 211 
109 164 
130 70 
152 144 
254 255 
155 50 
149 160 
58 27 
239 225 
0 101 
116 35 
180 219 
214 227 
38 41 
117 121 
137 92 
238 240 
212 219 
210 114 
159 144 
117 172 
219 207 
155 193 
201 79 
219 224 
47 79 
182 113 
111 160 
79 50 
162 109 
37 103 
233 230 
115 5 
45 38 
133 194 
57 125 
147 80 
198 148 
196 1 
246 247 
200 227 
255 255 
103 13 
179 98 
254 236 
162 188 
115 201 
16 61 
0 111 
210 35 
214 216 
37 95 
85 25 
151 183 
203 0 
183 199 
38 58 
71 20 
158 65 
130 129 
224 232 
183 196 
17 73 
129 55 
40 42 
29 67 
74 149 
213 238 
221 242 
155 121 
252 240 
12 121 
255 255 
149 217 
127 64 
43 128 
165 140 
125 61 
57 86 
139 188 
100 115 
249 249 
64 27 
234 234 
101 64 
170 223 
137 43 
196 191 
22 68 
138 181 
14 93 
197 157 
182 146 
124 52 
168 153 
39 41 
161 136 
201 0 
60 121 
177 161 
88 7 
31 137 
52 97 
67 114 
112 154 
148 77 
165 137 
155 186 
149 218 
239 237 
175 205 
253 253 
115 52 
51 79 
53 45 
220 212 
220 244 
245 255 
245 240 
220 248 
101 13 
46 39 
15 140 
239 255 
235 224 
56 114 
6 125 
241 247 
11 84 
165 193 
203 230 
41 113 
121 158 
178 214 
149 155 
179 152 
89 17 
98 136 
115 192 
35 104 
255 255 
17 132 
251 233 
250 253 
51 46 
183 139 
12 112 
88 35 
222 231 
24 124 
48 44 
36 91 
161 162 
16 134 
95 5 
223 0 
146 83 
220 188 
