43695
6719
28814
35592
2463
16343
14785
14649
13116
43322
30689
2145
14622
29235
46188
4974
43055
1763
43695
15483
55409
7697
4389
3136
55032
12960
8203
12917
43622
43733
31679
47568
4883
27750
36896
6330
17642
9137
3136
40636
3311
53263
32132
12986
4250
15350
9167
4585
17728
27742
15568
61322
27865
12300
5195
37422
7720
3075
1790
55048
15439
47447
27895
14706
43079
46976
36928
12623
9134
37902
37229
52090
28580
4624
31212
43470
12956
43166
42531
43627
36759
14593
12398
37598
37980
9378
43083
11415
8512
46567
33270
12476
6618
37000
15935
46924
43690
15164
43686
41434
40449
5199
8380
54674
6135
58592
15973
13143
28445
37456
44326
46124
33873
10083
40430
33339
8473
36970
32191
44337
4257
2962
58981
2258
42898
10173
61532
1708
43594
31344
2141
1786
29115
34071
36889
46983
42671
6138
29575
44298
7136
6388
15267
57208
4580
37511
43658
4387
42782
6121
35680
35408
35581
37628
60627
7251
32242
12216
37754
43711
35699
27873
65042
30705
34383
43249
17398
37690
14939
4920
54076
16353
43244
15082
15354
58681
60717
7920
43219
8406
16040
30451
40429
2290
64937
31983
60187
43625
34156
1608
34014
36173
43341
28148
6338
37700
6655
43721
14853
35444
14492
28511
3079
43689
34497
16542
42742
14610
11294
40977
37601
4883
61167
12233
15688
35984
10429
34331
33990
36707
44747
7145
43715
40102
4588
8101
40158
43114
35867
15939
31976
43056
32997
16540
43031
41468
34289
14292
36079
16117
15633
7766
8198
59465
28739
43162
11902
53446
15416
58723
13514
36749
36143
11576
14564
12665
34830
41732
14749
14500
43110
58859
29554
27655
54211
15585
27811
46885
43622
43690
37598
56730
12388
5388
42046
43790
27864
2147
5928
44290
46457
43900
33506
61701
33119
43883
34718
41757
5429
40999
43041
34938
7278
41977
2302
36497
37724
34494
8997
16457
46515
4275
11791
16700
2806
43748
43924
43626
33118
12562
15292
6360
43760
4494
43856
33999
36102
42686
17230
14823
38846
47367
31743
5092
3079
32225
43775
28530
62481
15671
34055
32387
28275
16114
35177
32882
37833
40466
36471
43194
43872
47518
29045
4399
54921
14095
43791
4947
29457
47373
62562
60729
43690
36790
40480
31827
5593
47003
35957
43634
40266
29278
36343
34444
46670
61867
46586
28604
43098
38839
43323
36444
4886
56141
40877
4503
2948
42921
44627
58694
2501
11554
41883
7315
4504
9745
36743
42887
12671
43090
46435
35274
28642
13363
43577
29158
30712
17202
44723
37587
43525
31298
62686
30603
4373
13495
36089
9111
12388
40743
28871
40752
17221
13974
7028
12381
43922
44702
12405
28902
40242
14076
15275
28849
62539
41800
35344
14935
29370
43625
47070
14725
16160
53760
13336
43690
56680
43690
36789
7084
3312
61426
8214
41319
30955
56250
35771
64577
43768
27694
37423
35850
43692
8968
43190
37349
12550
4682
36831
28775
43590
65261
16526
29185
15219
46825
36575
30516
58698
4425
47641
37190
28516
58782
34518
6535
42074
31277
34253
43109
10337
31175
42707
58577
35459
46275
34382
2556
28136
29779
4374
30686
36508
65512
28963
41747
40583
5671
4882
12566
60060
3099
44446
12655
43874
36846
14651
44620
10039
43626
35062
36619
43887
33318
34767
6084
6227
11986
43374
28459
41520
62428
14732
14416
16034
43146
36156
15180
46279
61189
43992
46752
43690
15480
14631
12143
28271
37737
61865
43387
56115
41148
46047
5077
15255
40114
6396
1675
43569
2272
37699
2950
14636
2140
15126
15354
44500
14485
55800
36607
35990
64595
43724
2362
51359
44403
13956
40494
8671
35994
44440
14790
2178
37866
17311
34179
13049
46954
59262
43183
15608
47716
4542
10151
2952
61463
36074
14775
43711
12414
1663
12362
9533
29178
43690
8699
2175
60370
13587
44773
61705
35821
43691
43695
4568
4387
14025
46547
2207
46667
53882
43853
34486
27923
35889
37755
46434
42743
43777
58198
4271
51377
56463
32661
53821
17479
58780
4632
37181
33499
3022
58227
14254
15213
35752
46615
43674
12901
15367
41100
65253
61059
28468
37767
57737
29282
15718
58758
1712
61672
2387
15930
4391
53759
15344
4866
14931
65190
37462
37556
27654
5237
43698
65440
35146
14851
8697
35665
37641
37463
8233
43690
12645
3134
47499
13802
8461
40003
44330
58777
4380
58686
35432
53339
11861
29398
47061
9047
36635
42067
40181
8170
61994
43622
36400
4384
29532
46244
4975
29091
15238
4379
53449
4395
3014
17181
29141
44509
36095
42911
2152
46167
43689
35824
14626
56101
5078
16297
40610
12436
33814
35165
40387
8288
43673
62520
6846
12686
16360
5182
43049
2901
42996
3316
15528
44494
42721
16462
44659
43674
33405
43711
9543
8748
2946
63386
35251
58693
2252
46522
57627
43159
13054
60170
43674
28267
65106
47079
61754
15547
2567
13211
16281
58687
43291
55431
16249
34673
43158
2437
38820
37463
36057
31351
36993
43675
35854
46601
46520
15897
28629
2575
42526
35221
13247
7855
15471
5323
46716
5914
2180
1789
42072
60638
43587
62074
15509
33668
42708
27735
61680
6069
2149
43739
40071
12657
4897
7912
37026
11090
43621
8991
65179
30780
36629
8414
15438
6079
46587
15401
55409
58637
3134
42756
28412
43711
4541
43734
1716
43058
4381
13237
3139
46191
12062
43625
15467
15495
46645
14697
43670
14667
14906
4719
32463
15151
53261
40856
14489
6570
1661
56054
7437
43680
43525
43690
43932
27880
34555
57915
11789
36383
43690
37821
14688
35159
44413
43081
54048
12613
15406
16233
28348
41189
13730
55452
15237
2455
34035
35145
15887
47424
62332
43256
8657
35212
46706
62463
43606
35913
40298
47356
35020
12371
2826
29682
36985
36182
35769
12730
10229
4548
4960
7744
47332
17783
14617
46457
29558
42935
37364
42770
14317
40439
31969
47963
43865
33996
14787
34439
41705
10545
37802
15457
14840
43103
43906
34972
40527
52930
6163
12382
46817
15168
40874
28574
14000
53696
58351
15753
43792
43152
6721
6594
17633
16164
55580
31245
37271
33518
14893
46119
6575
43993
40853
2360
42950
43207
15188
14484
3304
7858
9594
40366
14508
34575
37138
43263
43356
29030
11870
13347
43697
14886
35389
11132
15943
15432
40155
4794
2192
2352
53320
2139
34216
30720
4855
17198
58616
43669
61373
61451
56030
31277
35226
7860
32035
15991
2797
30896
7281
2272
8575
40670
14972
16333
2235
43064
9550
54166
36868
15293
16145
43824
62382
9653
55528
2505
10451
37208
4639
61353
12349
13796
36624
47794
44004
8953
43697
12590
64596
42131
37811
15984
7420
43690
28207
35932
7076
36035
30988
37661
16135
37974
34926
4396
12399
4390
29062
46179
14807
43326
60064
28592
61308
43742
15589
30851
43609
29536
44641
43685
36145
27747
46766
14476
43911
15446
62265
37284
12699
43690
4361
33492
61980
10205
14794
37399
15485
16390
32251
7894
37324
34416
5182
1609
2807
16199
32128
15619
2558
42520
37492
41669
42747
62699
36860
6969
46442
3312
15419
6109
2991
65477
43610
37195
59143
47693
56911
56132
12765
51359
4417
2134
10478
6579
53477
41393
14645
13417
16460
58745
35946
3031
43093
31174
2957
5080
15400
42911
12022
43778
6646
4910
2985
47714
14676
43124
2926
12642
56836
36987
36905
2578
40575
17318
27673
15452
36359
4917
2135
35944
43942
31551
55801
40740
37456
36946
28526
46728
37832
4945
58436
15657
2760
40929
5080
12050
11917
53705
4933
32500
34259
43877
43626
60800
5837
53538
2398
28488
2401
15194
53678
1611
56027
37735
47247
28096
11875
12547
28731
6176
33672
10210
53887
55219
31989
2144
13118
37250
36114
40433
55588
36600
33968
28737
30585
4968
40234
14478
46580
43689
17207
27841
43708
43610
34226
4421
14267
46637
33584
46663
12658
37269
15170
54231
12778
55999
53688
57627
58611
42916
30731
65475
43100
61889
4429
5172
35048
46516
29044
46089
43418
31945
40450
15675
56622
12883
54488
15450
4426
28162
41585
42134
12723
36712
1612
43707
12559
41381
2953
5095
4979
59859
34669
43670
47488
28779
28978
46845
28749
47429
12089
14446
53333
41747
1664
3302
32446
56723
37023
1760
3137
6157
4567
16441
44462
58455
42084
4387
15248
42735
46830
58001
43818
2248
15738
54795
48001
2970
43649
49737
6121
65476
12365
35275
43675
15378
41313
16025
43691
11124
47755
41926
27687
54186
43575
36942
14718
15486
60189
17334
34867
7666
56220
14540
43685
15202
35596
4919
35186
5341
36122
6063
16220
54021
57539
12569
31239
29254
43678
2269
46717
13584
47329
15457
2979
33391
28683
44350
32621
47280
28364
2178
29543
29113
34771
40796
13907
42899
40802
14899
7884
13286
31206
43774
3010
28146
61461
43609
36980
43234
14910
42050
43115
36313
29817
46143
44476
43730
42703
12155
2884
11705
46612
8263
35470
7893
12307
8014
12093
8828
62546
40134
65470
28620
47926
15424
40593
47074
47298
43858
46622
12662
24911
36352
14326
52045
37434
2880
37743
54809
41387
13381
42527
40423
43166
46645
34234
32962
43090
8530
14866
37013
28457
31837
42798
43341
4833
17327
46932
2501
4619
15433
28388
4407
42520
12031
36567
46663
7310
7473
35796
4786
6991
15150
4962
4779
43878
2948
33569
43674
14121
1646
16346
34837
17292
42522
15080
42802
28751
13092
8219
43180
15803
47483
2794
43570
14779
14489
46776
58123
2263
43434
45836
14780
3077
2952
57286
14335
27588
53685
15419
41277
40163
32136
55377
14689
43641
4585
28672
43776
4966
34808
14480
56006
43564
15232
7615
43089
12725
43269
15410
2167
4846
31288
14719
13260
40407
47568
7782
4266
56353
37048
34769
46506
65104
9883
4455
43699
43462
33246
15427
28652
43605
14760
43166
4589
30994
35870
29615
46796
47519
14879
46673
43690
15807
34962
65126
46700
53617
2446
1781
33307
47523
63410
14514
43690
4639
2229
8232
40641
36586
17189
41481
15328
27924
2402
43113
3139
51267
46494
15458
15575
40422
16126
16089
43223
14542
44728
35246
7324
43622
37243
43690
4574
3127
16268
60793
58836
8790
13848
8500
14497
15302
56824
14659
61699
40787
58768
5077
54245
40101
46080
15489
37759
14814
55942
60472
59627
3107
2825
40776
33251
42517
35616
43771
42813
54549
46644
34709
10187
46988
43684
32524
46197
43778
41381
36413
2260
65450
15455
2255
65143
29145
43433
44334
54711
12904
46807
16049
5180
2557
15327
43693
5304
58738
41700
14791
32154
40358
2496
64595
43711
55349
27760
41059
4434
28838
4993
36940
3312
15903
35091
43226
54344
31439
46911
1653
35016
16108
43736
34720
40681
2570
1749
40792
29565
47293
58947
3312
46454
33134
3086
11737
7487
14662
43670
17748
40540
41752
14797
15156
28833
2991
42817
38840
43770
56636
5081
32051
4958
37824
40818
52079
1739
33566
37093
30498
44424
62065
54133
7251
2513
4930
35836
15307
15442
2775
42950
6595
41756
51848
40321
2845
55791
43554
28859
34695
32098
47281
15993
6115
2507
55770
34452
35925
46761
38807
47496
52554
6108
4260
15311
15322
2460
14654
41874
14602
42709
43716
14702
47576
43401
5912
13288
34223
15336
32416
47379
52696
15276
5096
2891
54330
40460
61874
58307
6006
15303
46895
55955
43192
62539
29690
28769
61167
16292
17774
32387
35265
2935
14734
15825
14859
43685
12585
16030
43033
16069
40339
2499
14502
43430
8347
46172
61697
32140
28778
41830
51955
43501
33060
8708
53536
16514
15287
16271
62179
52111
42944
4643
43567
6822
42064
12834
48392
2971
4802
16024
29573
55402
44354
43082
35524
2952
33579
6086
28294
15392
43874
35781
4630
4744
2179
37698
34432
8712
28623
40408
28857
2812
32355
14545
39996
10013
43499
47532
34005
6439
34828
14635
13597
58293
35176
28130
55508
62030
38814
15630
4413
51750
65475
42938
43665
28420
44355
13950
29319
8888
45827
29224
28466
15957
57495
15524
31537
2394
12746
5393
40304
55738
33068
43767
43621
5154
2293
47583
65127
58821
3076
40358
38817
46564
14031
34865
46910
17785
61204
16146
15426
34624
34571
35118
28897
43362
16367
2424
46379
55260
46839
62564
12580
2137
12664
46312
9170
2135
43790
53399
46331
15360
24920
27798
1702
43640
11484
2234
46850
14720
2396
31415
30853
57559
4648
15383
8055
41877
36291
60335
7873
32717
3309
11729
4430
43690
28764
12366
60041
52401
46798
35192
54722
43101
58609
41425
32344
43679
37692
41263
43673
4570
37194
31998
2824
41675
43690
37450
42980
34409
41294
47111
10008
37600
35335
43215
4427
37948
34726
16452
8442
34195
43085
14705
34614
43078
13591
46805
43669
7134
42835
12380
43073
34148
12743
65335
2558
43835
12538
43873
2466
2346
11447
61109
40639
15406
5904
55790
5795
7830
36887
34923
43884
1648
2899
40798
12406
6185
64654
5092
6048
30839
43236
34385
42728
12634
40530
44342
29185
43430
15418
43690
7596
3108
12958
15258
17643
43635
40835
16263
42508
33974
10581
40465
55832
30798
34344
41375
32413
11203
43813
4428
42150
2436
29845
43690
46820
6390
42846
4625
33440
57669
43080
15663
45852
16291
35627
43633
7849
4896
2183
29019
65114
43175
58604
8665
43656
14506
37782
13050
35026
2151
15751
15533
42532
47726
8681
14936
43514
37112
15362
35425
27782
4665
56510
37452
31246
43729
42709
4932
43632
3023
28395
40429
55982
14357
65116
43154
57537
14803
34168
29596
31462
14058
9702
28987
30884
7304
46693
35204
12572
6256
43137
55388
15373
42839
37571
61761
2159
43621
8769
13861
43073
47709
55419
2227
36872
47046
54094
32440
58696
43557
15606
9852
41390
28832
38794
1627
47549
56013
43791
5410
4590
43134
51304
43855
43138
5077
43867
17783
1783
37165
39939
29388
12091
46206
11775
47419
5422
37377
42851
7148
58775
28706
4436
62040
43105
47527
58472
14670
34968
62098
16492
31523
54171
33164
6624
28848
53266
2807
40592
34651
40579
44453
43205
14457
35294
40283
37681
60320
12313
43579
43923
36809
43880
39969
2869
47015
47408
2963
37971
12947
34442
13988
43585
14669
2913
3000
2986
29579
55784
46487
29655
46904
33311
4840
7830
56032
34895
5222
43647
2984
7025
43360
6280
12659
34222
44374
33003
7409
2241
15253
6647
15404
46651
43094
4966
61761
46854
43609
43217
31202
13947
41082
12694
43188
41286
37142
16192
12501
2144
55966
53429
54981
46041
15215
14643
29650
34197
43799
46690
44715
12650
38831
8231
7047
12967
58575
43135
58629
30703
2552
27798
28826
35809
65530
5388
2589
10224
61848
5092
43704
43621
17411
36805
38805
34152
42533
38036
3083
10024
28549
28588
1655
15284
40643
58787
11776
12596
29188
13189
31179
35420
55809
6219
58455
46768
43691
29038
65470
47530
46792
65477
47359
14600
5309
34239
40375
11673
34524
40682
33892
42696
46385
13100
43314
43669
15229
15502
2270
15350
43430
2877
14821
2746
54572
16297
17263
5335
53907
55907
29493
43741
34668
4832
2139
14324
1760
43111
35677
27790
5781
13995
43855
29528
55624
17644
4614
14004
42932
4625
1669
14015
54085
53189
53737
14786
15369
61346
7870
7680
11137
31170
43414
31485
2301
34457
53397
11246
8703
2177
37388
42951
43692
65531
57421
16303
4643
37795
7074
58643
3314
15356
12799
43082
12333
55337
33757
5835
43995
27744
40935
15468
57624
44450
2304
65136
41869
4624
34002
42816
57358
43942
2632
17315
13360
65525
43647
4422
37279
42136
1610
34898
49864
40819
34355
43675
37885
60889
28606
2249
37503
27883
44421
35010
4256
2863
1659
6192
15217
15470
35653
31281
32208
15249
17170
43626
44606
37774
16069
56608
43381
7937
39987
37985
4672
2618
28732
31178
3081
8689
11708
57664
43670
43414
41419
65471
57366
43717
46572
37657
46409
43685
12030
14832
31226
2605
27636
7231
16350
46480
4425
28371
12578
5238
4836
47524
28820
31436
14485
15436
15488
35810
28669
13277
44676
40557
28961
3077
61363
61851
43930
43871
14811
41913
29054
17627
6513
43175
14405
2682
46960
43460
16148
8522
11751
38833
8355
27764
42824
11943
55582
36963
40124
15588
5080
14827
15364
4959
16024
40356
43762
15225
34652
46128
33748
7847
29642
60860
65456
8877
60574
53978
15543
46936
2216
12740
1658
4992
58447
6750
35726
15318
55552
37877
42531
13798
56202
43696
34787
32364
2932
60322
16082
43912
9022
35603
29418
44647
12359
33933
14609
17444
40075
58612
27708
1664
61543
53631
2250
40629
43829
43527
37630
28721
4362
2429
43624
27743
56003
34220
33773
14918
14248
40590
32250
1682
40379
33302
55104
43412
16435
4583
12320
29038
43111
37131
42684
14605
43685
46455
13549
12809
34812
61462
43686
15449
7850
29135
46876
17409
31372
15559
2922
4581
12617
40095
42690
5175
15186
4484
43127
37186
12604
42723
13962
54035
28231
30552
43819
35593
9238
29419
15999
14705
14886
53188
35982
43569
43084
2233
7936
43716
12911
2596
5092
47603
43690
46570
17632
53686
4794
12927
13352
61670
4580
1656
4602
16153
47703
4990
8630
4526
8942
3303
41929
46018
14469
34488
46460
37748
55368
43710
33927
43736
43301
32868
32240
12485
7726
9379
58423
17375
28387
34185
61569
16251
43634
11841
16312
13208
6162
17179
2182
15129
7273
2848
43228
36128
43673
28599
28754
4973
47422
16496
40607
30831
37952
40867
4389
5776
34137
34311
15976
37173
60127
6008
33528
2953
37746
2525
43758
31203
4435
41763
17760
15927
54194
43770
42515
61674
15370
43696
27851
32965
14801
1758
47282
43410
46534
34601
29183
43690
41568
33038
2259
60107
12295
2174
28924
4286
15424
42736
16223
44408
3063
12402
43610
16462
15241
43772
40327
30888
57638
43106
15459
2183
37671
43460
43108
13150
60810
46732
1616
58556
43690
43665
32612
4991
46928
16169
15917
12050
31388
54276
4557
34054
12603
44320
46183
13553
32324
33430
4930
34617
29102
43868
16252
11324
43621
4775
28290
14940
44292
7939
53713
32204
43513
34204
62037
5407
6053
43169
29563
58563
46255
17288
41758
28654
37818
56206
15280
14537
43803
62066
64590
10453
13396
62083
61711
28948
41231
40103
36761
12186
14703
62461
43468
28542
7675
13980
2369
13849
46349
12228
6086
16334
43046
32342
2899
28500
28992
15532
2317
32945
61220
15298
34609
43770
12897
15352
46940
44437
27714
6195
3060
29590
60409
37045
40762
14865
29759
4408
4431
3130
2217
36136
40809
7553
32432
15235
31948
42522
29284
27754
34514
16484
16279
42822
29474
43664
12966
31505
47430
12331
38836
14018
16011
33899
2149
2511
65069
65296
4819
17807
52840
2344
41863
29734
47139
54657
31281
31464
16521
4967
29007
14289
34896
28168
43347
53771
65442
1784
65456
4582
36091
44624
35285
35243
47541
43626
46508
2391
2238
30903
14644
28639
2511
37707
36690
43042
40033
44367
11620
5282
33113
10180
40674
2868
33367
29522
46482
17382
30465
31735
61839
13593
17406
43102
44006
43367
43702
46760
16432
37935
35395
35533
59654
4390
62607
43701
35326
63427
46230
43940
9067
43184
34207
30544
2382
46679
2995
37445
33208
43773
32164
43625
44730
53794
6097
32047
40915
43571
1755
16207
31223
56285
14756
13044
7071
36990
14008
58567
5154
43690
15791
40551
14403
61249
8635
8803
27724
46556
34806
12745
43711
16429
40574
13791
46478
15192
28462
29200
43852
12212
42741
7033
43129
35881
35302
58684
32629
32371
47420
15444
9330
5219
43695
2390
40560
47400
11138
7621
4746
42697
30760
47365
43092
47398
10429
14059
41162
11593
6121
5095
35748
37245
17735
4922
43537
36337
46234
42812
32075
14723
29629
40115
37057
14323
28205
37365
34792
16497
38762
15573
8265
16524
33878
33153
8626
30790
35151
53855
2368
6598
40807
31199
30786
37539
43519
13897
33650
41619
36321
2294
29489
55003
13022
56180
8145
13534
36442
12756
40571
35719
43690
40718
11929
43928
58546
15167
12888
6766
58781
43793
33464
29514
43690
43674
64964
1748
33540
37349
29400
2968
10097
46269
8222
14758
28981
15432
31554
58700
35527
2804
55710
56064
36226
43775
12652
7504
4398
31389
5094
40602
14448
12681
43340
2895
2413
56076
43484
4973
40726
42904
2970
43532
28572
53854
16224
16041
37849
42815
37288
47995
56656
61842
49581
1657
34947
47590
15077
12690
58867
28448
8102
47097
47276
41248
16263
29202
47706
16345
36827
2508
10062
8295
44361
31699
42138
4252
31681
43411
43669
9555
34705
6876
42103
4436
61094
60487
12909
42508
31261
16423
43683
43142
4462
13896
58510
52952
6379
43790
28840
42816
17270
42673
31435
42743
10572
46071
28808
53841
61850
43632
28443
52178
44510
30986
16109
43629
43201
16186
17309
2503
17163
3071
46092
4424
31289
41402
43255
43711
12494
2640
40159
12747
40845
41644
33253
47410
7512
61878
65527
58630
16065
42717
12528
43700
17414
17235
30859
15395
37655
8396
11961
42957
40503
13464
13730
43238
27844
34211
41045
43698
6133
43626
2148
28657
41430
3305
8937
42757
17351
4979
43339
4821
4887
15449
12304
10202
2322
14942
34779
2447
47393
43764
43904
34080
31811
4992
41729
34261
61669
2248
2539
32601
43769
30975
8849
2917
43561
44330
28361
64577
36108
43696
13433
6310
15694
15346
28212
17240
6155
40089
43662
15427
32742
4256
7100
13456
15359
43689
3134
2164
43914
2660
32436
43899
59340
4912
43625
6907
1749
38802
4799
36957
31629
4620
15797
4565
11690
46535
29540
7723
1685
43815
17238
43225
30641
4275
47856
17440
2236
5081
37921
35733
28997
11753
32174
3095
37035
35762
4914
16458
9542
35103
37401
47455
10277
9020
35566
5317
58626
14908
15505
6119
8994
32272
34414
13231
8071
43690
47417
12193
62568
7855
29026
2987
8560
2984
34940
43586
55829
41968
32185
60477
33867
15876
6749
7409
54768
62480
27874
37273
47337
16286
36459
65451
5180
43928
34092
14737
63396
33735
43921
44466
16247
13998
43667
36898
5337
10395
58673
58145
10198
56056
2299
8825
12604
2160
65456
43654
58754
32300
16287
15359
12862
11665
43883
43671
37100
14935
14641
37663
56021
2550
37015
28570
53936
2956
14739
31164
15261
35279
4376
64597
40365
41314
43082
43622
11389
43677
54949
28990
12532
6724
2341
47585
47533
47932
36596
6202
35310
32065
6324
42734
30753
2792
43787
12770
43673
36753
30998
53819
13530
55608
14707
15596
43710
60166
29461
15950
40489
43275
36977
43727
17448
13507
35775
41048
36003
15421
43871
53727
13561
42702
8697
15363
2859
29010
43512
42686
15787
13200
17478
43570
37345
43690
16549
46887
37210
41483
34230
60663
6894
36490
43345
12609
42733
57689
16256
43617
43710
43511
65456
55933
6803
43075
6119
5386
43612
42681
4926
40973
43054
43690
58846
58775
11492
14779
11664
2421
59327
2996
13185
6104
14009
36244
35422
8424
17439
35240
32986
65456
13274
43239
47391
65241
46853
43645
36015
8684
14494
46126
37582
2180
43651
10662
65109
4257
11866
53983
41744
2504
46745
30441
35536
8478
43930
43793
15577
47572
42855
15347
34511
8851
4528
6061
54622
36020
13027
40949
4975
34033
62153
56009
27697
44422
31409
47785
29471
58639
3134
29778
56047
12450
13174
32735
16596
14684
8635
15392
4933
12222
43712
47560
4636
7575
43595
15412
54096
36381
46526
15355
36974
36921
43822
37654
29509
34077
2915
34399
40248
34891
43422
43418
43876
35116
34687
16521
57688
43817
43626
43674
30682
43581
4979
43697
4273
54371
40722
8606
5077
33936
55984
46541
2530
43329
40597
46598
34707
65291
5172
32264
41857
17745
65153
43942
4276
56158
15515
12591
35647
3139
15126
41719
8755
55830
14722
27842
61518
14838
41321
37339
43697
41093
45840
41562
5260
34672
5899
15163
14441
43508
32062
34363
28885
46164
34244
9717
43690
12006
53342
28760
2942
15164
34232
8338
37067
37382
43519
14708
34212
43050
46591
4446
41035
43690
3133
56259
43905
13085
15273
4977
2556
15616
3313
34714
2571
46393
4874
61700
35752
36792
14648
34043
55836
5318
13025
4474
60386
43211
2196
46838
39969
4977
35429
31529
15332
30739
2698
43690
33341
27920
42883
29456
12447
14792
42903
32966
17294
3135
16310
28782
43417
55876
28994
32239
14517
56576
32236
36837
55729
15861
42050
16197
9402
30758
43336
3129
60167
4393
46052
58690
6336
40848
40109
2992
46726
31766
32137
2272
46302
31512
60411
33943
29243
8948
58688
4895
33983
14912
2981
34889
43790
13420
14048
58538
29253
35612
31660
4973
34520
43355
43556
44362
31387
37340
48488
51253
55879
36923
46057
55498
65532
36592
43433
44347
35919
34461
41026
2946
14780
8812
40807
8854
1452
13048
46016
34284
30812
15155
33976
6573
55586
31401
54110
3097
36878
8732
47487
5341
13224
17181
65477
43690
36697
35417
33803
37684
2901
47360
6747
4433
37854
6304
14666
15952
2398
37572
14218
38846
14534
54383
61074
35884
37231
46338
28992
64597
34022
58138
41652
58582
13577
1748
37468
42893
2616
35641
35846
5909
16230
36169
43430
28825
7867
4458
43690
51931
58642
60613
61692
41007
61358
35372
53878
10159
14734
4976
4778
5424
2988
15421
55855
42537
2251
29224
3122
7851
35521
37787
10833
42828
53144
33180
16512
28819
7484
44006
56543
10072
32229
43430
4508
5340
33822
29542
15443
43371
47290
14493
28537
4382
4906
54093
33899
43673
56520
43686
53260
16468
34466
36151
3106
43185
43626
46780
4629
4929
6075
5864
4930
14300
60071
43686
28720
7688
29385
33088
42526
42527
2834
43240
17439
17661
16311
9485
37259
33192
47426
36171
5409
43385
28622
61383
6824
40612
36938
5078
14726
12613
7744
44354
41786
28990
3108
47520
4594
12955
43172
35798
13267
43078
46656
46150
6591
64596
4584
40657
34744
40702
43177
40475
4637
30943
43228
17531
32144
33072
4362
53357
43588
4941
15537
4392
47381
43697
36049
33948
2622
12854
57300
4256
46358
4973
31447
7949
61680
43417
4786
46485
15776
10262
4270
8612
42861
46957
43809
10290
13867
29590
16454
28172
61761
35892
16253
35840
43696
41220
27721
2483
36710
14816
32820
33675
12990
57446
47329
43413
6551
43453
37262
2905
34703
62032
29072
28531
43282
15391
39973
43567
41744
43737
62519
7936
34400
42705
32157
34548
4663
60669
32316
8802
42814
37191
36280
65176
4586
54448
43749
37250
13368
12857
6030
46967
61377
31601
28589
4850
31461
48123
46325
65450
15453
53696
31274
40695
16489
24913
43690
2965
35148
28339
43520
36357
14728
27776
4809
42834
28503
9954
34426
13376
46837
43519
35100
44363
43673
6761
11994
58634
16217
43180
27872
52137
35251
43156
43690
53683
32125
5078
35138
41921
43672
15174
43643
33158
43757
46791
40705
2582
43572
43580
15835
6641
61112
33406
27726
51404
5078
38760
42989
4621
42068
4382
35550
11618
34087
16275
11432
42754
33475
13997
35767
11688
51562
28650
12046
2976
31747
12320
7737
46433
11601
28461
57446
14623
7695
58670
33499
15482
47351
30742
47366
14869
43686
43690
6947
29720
2903
37203
33199
13453
4806
46241
37165
31707
16025
36215
4474
12238
40066
44346
29108
3006
33595
48461
4623
2256
52555
1706
37708
5445
41554
47919
2983
4634
29033
13619
43076
42719
43808
34018
8571
56594
65149
14807
6743
8766
43804
14841
35489
2393
14606
4798
57232
3082
35296
14715
33419
40966
53727
65535
27681
17393
39939
12383
14888
44293
40937
14116
43690
35364
64591
43596
47394
6369
29131
10178
17693
5493
28400
41665
46689
16091
33479
42734
14852
34428
3135
2261
43919
5446
5269
43581
36391
37564
14333
28773
17219
4477
14708
37937
41702
41346
2569
61746
32783
17168
40720
4405
58716
55998
47645
29270
1725
14535
43690
33722
34210
29105
46863
35244
44432
2510
14788
5317
8371
37797
28611
44333
1665
17647
46624
13380
9075
43669
4769
14776
6117
53300
31453
15564
9493
43932
15409
1761
43622
7128
5445
32118
42813
43215
13005
5080
13964
47476
29309
4869
13205
43363
28545
43286
43724
47443
42510
43593
46215
37579
44352
14904
15307
2900
58490
55991
43559
1758
28661
28970
3000
32383
43371
29490
8247
15223
54172
65097
43523
2550
40125
43695
3106
33908
4393
43498
41739
28718
10391
43317
62538
40910
3001
42066
43775
34461
35050
42739
15382
12764
42711
34268
7867
4686
14521
17402
8410
31237
2161
12951
12873
1782
33626
1656
47719
34304
40894
35859
4473
31275
5744
14534
47574
47611
65121
2984
48093
37234
58549
35664
65088
12205
44414
51877
43696
12600
15456
36797
46821
10226
36318
64937
36736
32394
43569
2550
43668
65455
4440
2946
41937
13168
2924
65530
38810
43690
29571
32365
35702
5994
42085
62469
40118
4473
13842
44387
1723
46708
41887
1753
8386
2907
4825
43670
13183
14593
32509
43642
60422
47033
7479
42833
47513
36234
33371
62562
13531
43361
36954
43015
8946
28128
43241
15310
46757
47026
14588
6072
64684
15367
57682
46695
40793
28515
27875
55010
16342
42105
3134
15477
29303
43626
2951
61701
36186
35788
16095
13529
12831
44396
4623
47598
1782
13794
41622
36807
35973
15145
47345
43232
34757
35519
14586
3027
57872
14752
13932
37079
29346
62485
43800
14834
43711
6029
5392
27926
43566
65456
43624
59491
13555
37604
1789
65054
37113
58236
42512
47629
34121
41812
46716
14179
36853
14138
28845
12226
46417
5158
37881
4615
34664
3136
33141
33319
56049
34716
34556
43690
41308
2864
12520
14830
2556
46588
29004
10825
53968
13296
40101
58593
1656
4967
27771
11571
16512
14763
10992
27857
6368
29253
14701
2921
2932
61863
11964
14584
41864
44298
43690
35484
61457
28536
3067
60402
37668
17715
7702
2963
40358
8660
43639
4472
40736
53828
8373
3131
43579
30631
28570
62449
5388
53777
3062
15479
14518
46851
58123
58291
37254
31236
44612
34219
28566
46805
46225
41490
43168
4629
36581
33589
43069
11296
27803
43895
1671
33512
36170
40062
43130
40230
35618
29343
6926
42884
55884
35152
5083
43863
13470
17217
36643
47039
43690
16246
65451
43363
58595
44752
43895
42515
44721
53723
47483
4966
14681
43673
16447
43507
58110
2292
8275
12892
52955
43122
61229
34596
53304
43299
13112
15734
43692
61425
28124
36848
4275
57172
57845
29240
32395
46357
15767
8780
40393
43625
16472
29480
52220
16267
35597
17659
61887
4586
47698
28522
43345
29163
13026
54868
32634
17275
5179
4976
60471
35567
61372
35609
2944
13640
43784
27689
16076
12294
65119
4530
27809
34410
55990
43508
56959
12767
11473
43148
32091
37418
55124
4990
2250
34665
28559
15256
56073
46074
5388
61710
4383
55941
15206
34739
7743
37848
42752
3304
13346
12256
4852
12768
43690
43666
4633
65476
61046
4627
12479
8792
35904
62463
8417
2957
34640
31209
40754
14293
29415
28796
2191
40096
43686
28616
17370
40466
3302
32297
61677
8117
14381
43621
29294
15264
2462
37489
48021
1662
37753
60670
14713
15461
36117
44295
62702
37490
32929
30675
37254
12430
12613
8031
36820
28472
62444
43074
12015
10119
40699
11250
44356
12596
13722
17367
2319
14686
7255
16260
40581
2245
58496
33450
64591
33897
40616
4259
7087
28976
32039
14468
47917
32206
59191
6138
33009
44478
37446
11623
34995
32131
54105
2597
42823
42714
37361
2998
8199
36531
14854
43106
31609
4562
14784
63382
58620
43708
54991
28951
4417
7144
15247
58887
33102
14020
58750
37624
37275
4753
16156
39964
33533
43266
40431
15373
4383
14495
10333
28939
42851
53766
16460
43690
4976
46823
39985
2852
2956
43033
54158
12475
62510
41740
14627
54979
29292
13573
10168
35653
35800
5170
42727
43413
41751
4990
14806
37780
28357
35183
60361
43988
44480
13503
41084
43925
53880
38007
37648
40317
2931
36578
16370
37302
6781
7893
12737
35142
3311
46801
43579
7596
15202
43197
16313
34376
43618
43828
15246
8255
4869
65130
57643
41820
36663
14849
2595
4619
11721
4975
65066
7145
7101
3312
29048
43660
15134
37216
28707
2974
43566
37590
11798
17364
16467
53746
17233
38819
14339
29790
14452
17378
40536
15139
46892
32418
4384
17531
14736
42675
43271
4398
28861
65452
61700
43316
43425
46731
43228
36609
2951
53833
36346
60322
34120
5181
46789
15507
44324
61461
3042
43590
65476
43670
53464
40401
34386
43194
33398
28834
43888
36521
15491
2489
47188
46418
13332
65452
42807
46656
47571
40500
16340
12626
29247
2560
43902
15308
43796
47067
58576
31580
59075
43163
9145
14638
34753
46576
34745
10256
5392
42713
15545
47760
36030
28165
43792
8993
45732
47661
36209
60603
43674
2504
15412
15572
35701
11635
43686
3307
58651
43668
43695
46425
6067
17386
33527
8599
4276
2411
14298
43696
9445
57521
58616
5181
37693
40817
2481
43337
42532
61478
16214
16479
42707
53286
13973
15372
12990
12236
62694
11160
15478
43530
36545
2576
15329
14002
1606
4386
65284
4801
54236
32275
43629
14551
6127
4423
2194
13220
53250
30821
15478
63125
6814
36838
33946
12174
33958
65265
7433
28465
37748
43870
43669
14781
37805
2935
40676
1696
12512
4509
7266
47907
14826
5278
53694
53706
43068
7843
45854
60214
28105
36269
4403
33962
43817
15340
29013
4385
31574
2971
58405
34168
28714
43669
35239
30925
15455
40124
35235
36864
36205
6600
33188
11715
14729
40708
28960
28441
46786
33994
2137
34711
15782
15696
53387
13990
40599
43564
42805
31946
13535
1732
28635
35493
12215
8202
43088
52017
34750
53692
15261
4414
47090
30623
48368
43586
15135
14781
56200
43548
15361
46629
2627
15262
14857
36925
37570
44660
44324
37247
6137
37227
43364
9735
6076
46684
43087
14861
43502
37319
61680
31651
6877
46105
15968
9145
36059
13269
1659
46151
15846
12678
40673
28565
46213
43606
40091
3127
33443
3090
41186
33605
12651
9591
43431
41769
4992
35110
53180
36967
2180
60684
8135
2294
43916
11601
3032
42093
8696
4419
35831
16369
4969
55431
14733
47606
42994
12582
43690
16519
34026
4648
43690
15197
36550
5188
16197
14428
40352
29259
55954
33514
43689
58467
36249
3107
43094
15419
6453
40159
42937
2263
10968
55603
43518
41695
52744
33535
29155
41392
37196
51732
42949
13824
53437
29269
8025
54007
12942
43133
5404
2157
36893
12312
55461
47494
61457
43563
42053
43690
5228
53667
43788
35830
28486
1619
15445
63395
41686
14276
4728
35968
61679
40746
2418
4389
56317
32775
43242
40741
14786
58772
2180
14686
31197
42829
42743
54318
43760
16179
43690
37592
9557
17647
33889
6818
13527
36789
11167
43650
4431
43144
9235
40251
58926
46415
14732
36727
15271
47432
34354
6752
34601
2260
33859
61675
12339
35074
5077
17172
13073
12041
32334
56163
33912
35875
37597
43174
40462
43682
6687
13808
2888
41568
42698
43622
43539
42682
5218
2155
16549
43434
43087
12396
16359
43582
15221
40626
42099
12738
32407
40120
33396
34533
4840
31974
28431
12911
43690
17307
43812
43677
2897
34256
16218
7535
42985
16058
2906
14303
34823
17302
5100
61781
55457
46090
