2 256
0 0.0922476
0.0922476 0.0971825
0.0971825 0.101835
0.101835 0.105547
0.105547 0.109389
0.109389 0.112299
0.112299 0.115686
0.115686 0.119453
0.119453 0.12186
0.12186 0.124586
0.124586 0.12737
0.12737 0.130603
0.130603 0.134405
0.134405 0.137009
0.137009 0.140759
0.140759 0.14309
0.14309 0.14599
0.14599 0.148246
0.148246 0.149928
0.149928 0.152351
0.152351 0.153954
0.153954 0.155985
0.155985 0.158493
0.158493 0.160304
0.160304 0.162447
0.162447 0.164894
0.164894 0.16718
0.16718 0.170083
0.170083 0.172336
0.172336 0.1744
0.1744 0.17792
0.17792 0.180538
0.180538 0.18537
0.18537 0.18877
0.18877 0.192027
0.192027 0.194944
0.194944 0.198131
0.198131 0.19966
0.19966 0.202413
0.202413 0.205985
0.205985 0.209306
0.209306 0.213185
0.213185 0.216832
0.216832 0.221825
0.221825 0.226353
0.226353 0.230405
0.230405 0.234147
0.234147 0.237572
0.237572 0.241657
0.241657 0.24458
0.24458 0.247647
0.247647 0.252188
0.252188 0.255406
0.255406 0.258675
0.258675 0.261805
0.261805 0.265563
0.265563 0.26957
0.26957 0.272984
0.272984 0.276727
0.276727 0.280831
0.280831 0.284185
0.284185 0.287945
0.287945 0.291936
0.291936 0.295705
0.295705 0.29856
0.29856 0.301964
0.301964 0.304269
0.304269 0.30711
0.30711 0.30974
0.30974 0.312588
0.312588 0.316656
0.316656 0.319515
0.319515 0.323367
0.323367 0.328128
0.328128 0.333192
0.333192 0.337498
0.337498 0.342895
0.342895 0.346908
0.346908 0.352623
0.352623 0.358567
0.358567 0.363713
0.363713 0.367534
0.367534 0.371622
0.371622 0.374765
0.374765 0.378015
0.378015 0.381789
0.381789 0.385957
0.385957 0.388832
0.388832 0.392008
0.392008 0.396057
0.396057 0.399554
0.399554 0.404337
0.404337 0.407607
0.407607 0.411619
0.411619 0.414623
0.414623 0.419525
0.419525 0.423036
0.423036 0.426349
0.426349 0.429871
0.429871 0.433994
0.433994 0.438003
0.438003 0.441746
0.441746 0.444691
0.444691 0.44738
0.44738 0.450235
0.450235 0.453665
0.453665 0.458239
0.458239 0.461224
0.461224 0.464346
0.464346 0.467777
0.467777 0.471056
0.471056 0.473949
0.473949 0.476758
0.476758 0.479807
0.479807 0.483148
0.483148 0.486584
0.486584 0.48901
0.48901 0.492165
0.492165 0.495202
0.495202 0.498007
0.498007 0.49989
0.49989 0.501975
0.501975 0.50473
0.50473 0.506926
0.506926 0.509355
0.509355 0.51203
0.51203 0.514506
0.514506 0.516121
0.516121 0.519154
0.519154 0.521093
0.521093 0.522491
0.522491 0.524685
0.524685 0.526573
0.526573 0.528923
0.528923 0.530525
0.530525 0.532302
0.532302 0.534025
0.534025 0.535697
0.535697 0.537346
0.537346 0.539657
0.539657 0.542258
0.542258 0.544442
0.544442 0.546931
0.546931 0.549268
0.549268 0.55167
0.55167 0.55384
0.55384 0.556506
0.556506 0.559079
0.559079 0.561904
0.561904 0.564324
0.564324 0.566556
0.566556 0.568211
0.568211 0.57087
0.57087 0.572957
0.572957 0.575426
0.575426 0.576975
0.576975 0.579424
0.579424 0.581961
0.581961 0.584717
0.584717 0.586598
0.586598 0.590193
0.590193 0.59222
0.59222 0.594596
0.594596 0.59735
0.59735 0.60001
0.60001 0.601775
0.601775 0.604025
0.604025 0.606234
0.606234 0.608229
0.608229 0.609686
0.609686 0.612171
0.612171 0.613256
0.613256 0.615491
0.615491 0.617367
0.617367 0.619335
0.619335 0.621308
0.621308 0.622966
0.622966 0.62458
0.62458 0.626033
0.626033 0.627935
0.627935 0.629838
0.629838 0.632301
0.632301 0.634902
0.634902 0.637419
0.637419 0.639922
0.639922 0.642616
0.642616 0.646395
0.646395 0.649702
0.649702 0.653742
0.653742 0.657154
0.657154 0.659713
0.659713 0.661959
0.661959 0.664846
0.664846 0.667943
0.667943 0.671431
0.671431 0.67444
0.67444 0.677385
0.677385 0.680871
0.680871 0.68378
0.68378 0.688217
0.688217 0.692529
0.692529 0.696502
0.696502 0.699223
0.699223 0.702149
0.702149 0.705578
0.705578 0.708469
0.708469 0.711364
0.711364 0.714028
0.714028 0.716252
0.716252 0.718978
0.718978 0.721909
0.721909 0.72455
0.72455 0.727485
0.727485 0.73087
0.73087 0.733524
0.733524 0.736981
0.736981 0.739698
0.739698 0.74213
0.74213 0.74455
0.74455 0.74642
0.74642 0.750098
0.750098 0.752438
0.752438 0.755133
0.755133 0.758338
0.758338 0.760111
0.760111 0.763035
0.763035 0.76571
0.76571 0.767815
0.767815 0.770701
0.770701 0.772452
0.772452 0.774744
0.774744 0.777564
0.777564 0.779716
0.779716 0.782604
0.782604 0.785191
0.785191 0.786794
0.786794 0.789561
0.789561 0.791526
0.791526 0.794863
0.794863 0.798394
0.798394 0.801554
0.801554 0.804297
0.804297 0.806203
0.806203 0.808375
0.808375 0.811233
0.811233 0.813699
0.813699 0.815498
0.815498 0.817791
0.817791 0.819893
0.819893 0.821707
0.821707 0.823865
0.823865 0.827097
0.827097 0.831681
0.831681 0.835748
0.835748 0.84003
0.84003 1.79769e+308
0 0.189623
0.189623 0.212482
0.212482 0.239668
0.239668 0.267473
0.267473 0.295641
0.295641 0.333229
0.333229 0.350654
0.350654 0.360926
0.360926 0.373811
0.373811 0.383595
0.383595 0.394257
0.394257 0.40083
0.40083 0.408099
0.408099 0.412818
0.412818 0.41946
0.41946 0.424197
0.424197 0.427887
0.427887 0.432875
0.432875 0.439002
0.439002 0.443318
0.443318 0.446164
0.446164 0.451095
0.451095 0.457518
0.457518 0.46029
0.46029 0.465447
0.465447 0.470424
0.470424 0.475633
0.475633 0.481839
0.481839 0.488476
0.488476 0.496467
0.496467 0.502679
0.502679 0.50639
0.50639 0.510977
0.510977 0.51598
0.51598 0.519384
0.519384 0.524128
0.524128 0.528748
0.528748 0.531303
0.531303 0.536283
0.536283 0.540792
0.540792 0.544062
0.544062 0.547297
0.547297 0.551634
0.551634 0.554182
0.554182 0.556704
0.556704 0.561462
0.561462 0.565102
0.565102 0.568665
0.568665 0.572569
0.572569 0.575345
0.575345 0.578542
0.578542 0.582255
0.582255 0.584993
0.584993 0.588985
0.588985 0.591273
0.591273 0.594045
0.594045 0.59712
0.59712 0.600031
0.600031 0.60265
0.60265 0.605245
0.605245 0.608382
0.608382 0.611856
0.611856 0.615677
0.615677 0.618243
0.618243 0.620278
0.620278 0.623305
0.623305 0.625797
0.625797 0.627297
0.627297 0.629177
0.629177 0.631003
0.631003 0.63309
0.63309 0.635543
0.635543 0.637697
0.637697 0.640461
0.640461 0.642582
0.642582 0.645151
0.645151 0.64696
0.64696 0.649708
0.649708 0.651549
0.651549 0.653297
0.653297 0.655094
0.655094 0.65733
0.65733 0.659972
0.659972 0.661816
0.661816 0.663947
0.663947 0.66528
0.66528 0.667309
0.667309 0.669061
0.669061 0.671456
0.671456 0.673152
0.673152 0.674815
0.674815 0.676422
0.676422 0.678213
0.678213 0.679535
0.679535 0.681085
0.681085 0.68303
0.68303 0.684389
0.684389 0.686487
0.686487 0.687864
0.687864 0.68905
0.68905 0.690452
0.690452 0.691572
0.691572 0.69261
0.69261 0.693559
0.693559 0.694911
0.694911 0.695942
0.695942 0.696973
0.696973 0.697968
0.697968 0.698773
0.698773 0.699671
0.699671 0.700507
0.700507 0.701387
0.701387 0.702378
0.702378 0.703645
0.703645 0.70428
0.70428 0.705121
0.705121 0.705996
0.705996 0.706825
0.706825 0.707609
0.707609 0.708521
0.708521 0.709431
0.709431 0.71024
0.71024 0.711106
0.711106 0.711802
0.711802 0.712494
0.712494 0.713317
0.713317 0.714392
0.714392 0.71509
0.71509 0.715734
0.715734 0.716631
0.716631 0.717683
0.717683 0.718443
0.718443 0.719281
0.719281 0.720226
0.720226 0.721337
0.721337 0.722489
0.722489 0.723529
0.723529 0.724714
0.724714 0.726033
0.726033 0.727139
0.727139 0.72815
0.72815 0.729346
0.729346 0.730432
0.730432 0.73178
0.73178 0.733504
0.733504 0.735448
0.735448 0.736625
0.736625 0.738076
0.738076 0.740122
0.740122 0.741758
0.741758 0.742827
0.742827 0.744477
0.744477 0.745905
0.745905 0.747647
0.747647 0.748584
0.748584 0.74974
0.74974 0.750878
0.750878 0.752082
0.752082 0.753562
0.753562 0.754401
0.754401 0.755493
0.755493 0.756975
0.756975 0.757959
0.757959 0.759386
0.759386 0.760231
0.760231 0.761605
0.761605 0.763095
0.763095 0.763778
0.763778 0.76495
0.76495 0.766013
0.766013 0.767258
0.767258 0.768356
0.768356 0.769395
0.769395 0.771045
0.771045 0.772115
0.772115 0.773665
0.773665 0.77438
0.77438 0.775588
0.775588 0.776705
0.776705 0.777934
0.777934 0.779013
0.779013 0.780235
0.780235 0.781367
0.781367 0.782718
0.782718 0.783933
0.783933 0.784859
0.784859 0.785945
0.785945 0.786953
0.786953 0.787888
0.787888 0.789147
0.789147 0.790017
0.790017 0.791243
0.791243 0.792222
0.792222 0.793562
0.793562 0.79484
0.79484 0.796223
0.796223 0.797244
0.797244 0.798078
0.798078 0.799313
0.799313 0.800492
0.800492 0.80126
0.80126 0.80255
0.80255 0.804337
0.804337 0.805385
0.805385 0.806679
0.806679 0.807882
0.807882 0.80904
0.80904 0.810392
0.810392 0.811786
0.811786 0.812917
0.812917 0.813912
0.813912 0.815014
0.815014 0.816616
0.816616 0.817604
0.817604 0.819278
0.819278 0.821124
0.821124 0.822461
0.822461 0.824051
0.824051 0.826214
0.826214 0.827277
0.827277 0.829152
0.829152 0.831439
0.831439 0.833207
0.833207 0.835322
0.835322 0.83755
0.83755 0.839227
0.839227 0.842014
0.842014 0.84534
0.84534 0.846994
0.846994 0.850201
0.850201 0.852076
0.852076 0.854305
0.854305 0.856638
0.856638 0.85817
0.85817 0.859874
0.859874 0.861646
0.861646 0.863749
0.863749 0.865626
0.865626 0.868244
0.868244 0.871166
0.871166 0.873001
0.873001 0.875198
0.875198 0.878289
0.878289 0.881757
0.881757 0.885391
0.885391 0.88888
0.88888 0.892321
0.892321 0.897119
0.897119 0.900648
0.900648 0.903213
0.903213 0.905961
0.905961 0.908399
0.908399 0.910684
0.910684 0.913267
0.913267 0.916132
0.916132 1.79769e+308
