141 252 
138 48 
96 183 
6 189 
194 60 
236 121 
227 72 
207 75 
180 102 
80 244 
148 162 
238 37 
210 77 
116 169 
64 178 
239 9 
84 228 
253 51 
141 252 
238 104 
55 85 
170 46 
227 20 
235 23 
53 97 
194 99 
169 67 
192 107 
128 255 
123 247 
138 136 
45 148 
202 10 
103 208 
73 196 
151 40 
189 128 
154 64 
238 23 
15 193 
230 31 
42 124 
114 152 
190 99 
251 11 
245 93 
150 67 
241 17 
176 128 
98 211 
226 103 
215 4 
119 218 
171 126 
191 11 
54 212 
176 41 
201 30 
251 48 
47 98 
249 107 
19 158 
133 221 
218 69 
88 226 
67 168 
81 200 
194 127 
154 65 
114 226 
35 198 
94 84 
96 206 
197 16 
156 149 
104 247 
195 100 
95 234 
66 244 
125 254 
52 185 
205 79 
174 115 
64 219 
94 227 
112 77 
95 226 
153 118 
168 88 
40 182 
43 147 
180 119 
147 40 
68 202 
210 112 
52 171 
152 255 
246 80 
137 255 
50 200 
18 206 
191 11 
163 78 
57 118 
165 29 
101 60 
201 116 
180 110 
103 194 
44 208 
94 216 
65 184 
15 140 
114 82 
25 212 
38 149 
164 82 
76 207 
100 152 
88 221 
246 13 
213 38 
142 43 
244 42 
51 230 
136 86 
180 13 
216 61 
117 251 
166 136 
249 34 
237 51 
98 167 
18 134 
66 194 
73 169 
90 252 
169 28 
132 186 
98 220 
142 60 
155 34 
223 92 
78 74 
223 19 
56 218 
129 251 
236 20 
67 235 
162 30 
3 179 
3 176 
4 190 
77 223 
178 10 
155 63 
102 145 
162 125 
77 215 
146 248 
5 180 
130 221 
222 10 
145 160 
18 144 
74 237 
205 130 
75 219 
250 65 
195 14 
29 112 
240 125 
72 234 
245 79 
243 95 
100 62 
165 22 
176 47 
85 234 
166 72 
203 126 
160 163 
26 213 
254 45 
190 17 
136 139 
238 3 
126 255 
32 135 
252 58 
17 133 
15 165 
90 250 
134 211 
152 38 
74 215 
143 47 
132 244 
229 76 
1 181 
218 84 
117 204 
206 29 
137 255 
2 158 
225 138 
75 243 
211 78 
140 123 
14 193 
68 219 
199 10 
175 16 
166 125 
207 98 
43 183 
98 105 
4 150 
18 132 
51 180 
101 195 
139 62 
145 246 
17 208 
236 16 
159 60 
28 218 
104 231 
29 185 
209 113 
135 137 
83 227 
55 136 
224 139 
74 230 
43 207 
12 141 
190 89 
21 180 
214 124 
215 100 
177 32 
169 65 
165 21 
94 190 
103 235 
163 102 
41 113 
247 101 
112 59 
173 83 
57 185 
23 168 
139 106 
206 86 
192 123 
8 160 
43 221 
228 66 
220 83 
105 229 
115 54 
127 182 
109 221 
20 127 
226 98 
121 210 
68 164 
126 255 
164 255 
63 219 
45 95 
172 113 
255 3 
34 225 
138 237 
121 218 
234 36 
168 25 
102 222 
20 187 
120 233 
22 146 
255 0 
56 156 
108 232 
8 147 
35 221 
255 3 
20 197 
80 228 
6 168 
156 57 
25 220 
251 46 
54 163 
71 210 
3 159 
147 72 
228 131 
18 177 
246 14 
158 111 
255 150 
178 51 
123 243 
110 231 
125 255 
58 156 
182 122 
234 94 
155 37 
131 240 
201 26 
113 239 
14 135 
17 172 
85 249 
214 143 
217 77 
69 224 
50 158 
139 128 
252 6 
203 29 
110 146 
143 240 
107 202 
154 36 
211 98 
22 129 
73 152 
143 201 
217 125 
9 166 
47 134 
98 219 
15 202 
50 165 
88 236 
114 235 
30 149 
71 164 
220 23 
57 100 
202 83 
139 236 
202 15 
143 180 
51 157 
160 37 
167 20 
139 255 
59 188 
19 203 
101 128 
189 8 
71 174 
45 187 
122 250 
45 220 
109 163 
40 173 
10 153 
21 175 
191 15 
39 176 
86 200 
104 227 
75 226 
81 245 
48 162 
218 8 
72 74 
10 205 
185 30 
199 37 
46 225 
78 207 
105 60 
194 52 
145 106 
19 209 
158 55 
182 30 
100 84 
59 186 
56 229 
190 120 
100 225 
10 187 
0 172 
92 194 
174 92 
111 244 
84 173 
143 162 
209 141 
86 193 
60 218 
107 243 
166 142 
151 43 
149 171 
253 16 
178 82 
25 177 
155 70 
172 113 
6 197 
80 177 
9 199 
211 140 
199 64 
143 52 
171 114 
111 230 
81 197 
172 116 
77 183 
41 221 
203 78 
222 95 
91 176 
161 34 
38 213 
1 180 
242 65 
136 167 
126 255 
76 165 
224 71 
226 123 
32 111 
171 89 
151 255 
44 94 
143 255 
58 188 
151 50 
242 31 
253 2 
169 71 
70 197 
151 159 
72 72 
16 183 
255 22 
136 242 
109 217 
54 212 
30 188 
140 253 
143 77 
91 236 
51 200 
184 126 
179 27 
67 187 
111 186 
116 249 
255 5 
229 136 
111 175 
230 86 
48 167 
59 171 
155 165 
108 60 
209 26 
62 136 
40 195 
116 206 
121 53 
5 152 
145 42 
46 227 
163 138 
15 141 
103 228 
122 108 
162 145 
75 247 
107 57 
1 185 
45 185 
16 144 
196 49 
135 214 
146 178 
251 17 
147 165 
56 162 
255 1 
78 171 
36 223 
20 197 
168 22 
204 10 
182 120 
235 4 
229 28 
78 213 
195 120 
110 234 
71 187 
206 74 
82 206 
106 90 
128 255 
1 163 
66 179 
114 232 
26 149 
8 152 
172 26 
154 45 
165 105 
99 252 
103 199 
53 211 
166 27 
222 68 
214 95 
203 125 
93 235 
15 169 
235 81 
47 186 
176 15 
125 230 
21 163 
152 255 
237 105 
215 74 
158 119 
146 200 
73 208 
195 14 
92 248 
78 70 
38 200 
88 187 
255 7 
222 89 
24 213 
156 33 
231 59 
113 247 
253 43 
73 215 
206 36 
214 72 
244 35 
253 87 
245 95 
90 214 
220 87 
66 81 
67 175 
48 182 
255 18 
128 246 
227 52 
119 84 
80 217 
197 71 
22 203 
160 84 
47 180 
75 213 
225 75 
239 41 
96 223 
214 132 
21 137 
184 97 
63 175 
142 41 
97 239 
220 98 
34 139 
185 25 
136 81 
204 37 
255 1 
22 183 
230 69 
150 248 
175 118 
246 56 
171 116 
111 65 
106 172 
144 255 
155 82 
249 39 
193 6 
174 79 
105 199 
255 2 
15 190 
140 254 
149 252 
217 21 
234 20 
199 75 
27 181 
214 43 
17 173 
36 103 
117 238 
6 156 
137 218 
38 189 
79 215 
10 186 
72 242 
140 238 
133 49 
224 15 
131 80 
77 72 
93 135 
36 105 
198 137 
125 52 
188 18 
43 193 
24 148 
204 34 
118 54 
183 94 
225 86 
14 177 
46 169 
133 255 
198 107 
247 98 
27 203 
239 7 
165 24 
110 197 
86 214 
150 37 
119 162 
200 101 
122 52 
220 59 
255 1 
214 61 
212 112 
222 21 
33 111 
254 92 
187 14 
240 66 
255 2 
42 209 
58 221 
108 220 
187 11 
136 250 
238 12 
4 163 
225 78 
156 83 
1 179 
78 220 
44 209 
166 71 
158 255 
200 123 
239 24 
34 149 
177 79 
167 81 
18 215 
88 216 
125 53 
241 19 
99 62 
5 182 
25 124 
155 96 
128 169 
69 167 
154 78 
66 182 
41 224 
31 220 
174 56 
179 23 
125 255 
49 168 
241 20 
116 179 
52 177 
254 8 
91 162 
232 91 
231 19 
39 114 
212 23 
199 33 
205 138 
81 168 
95 213 
19 176 
50 228 
221 38 
78 177 
136 255 
21 191 
213 74 
79 68 
247 7 
246 112 
24 194 
176 113 
19 129 
8 162 
26 208 
161 68 
132 255 
159 33 
111 63 
192 119 
235 126 
215 7 
82 231 
196 47 
65 227 
247 29 
221 110 
91 210 
70 242 
229 128 
83 201 
134 255 
28 153 
156 248 
105 66 
150 87 
202 38 
162 36 
1 174 
106 60 
237 44 
23 179 
144 44 
100 233 
181 97 
250 3 
133 255 
147 200 
199 14 
73 162 
255 0 
221 104 
191 50 
172 110 
236 112 
96 63 
87 243 
55 86 
225 118 
5 149 
104 233 
198 56 
85 227 
43 209 
31 183 
166 138 
70 201 
131 254 
27 189 
42 173 
22 178 
215 119 
99 199 
190 48 
62 242 
9 168 
169 104 
186 35 
233 108 
226 5 
28 169 
164 28 
235 42 
250 49 
44 226 
178 11 
114 248 
182 20 
232 111 
30 133 
75 247 
94 209 
255 0 
177 20 
223 36 
123 244 
21 214 
192 120 
202 11 
175 46 
64 205 
95 114 
129 255 
146 75 
255 4 
141 153 
71 183 
166 75 
249 106 
175 23 
42 176 
233 102 
54 85 
98 61 
240 24 
70 239 
119 192 
142 248 
189 25 
123 246 
223 59 
81 226 
252 18 
171 107 
244 23 
62 179 
167 116 
126 255 
234 110 
228 105 
39 172 
224 64 
129 255 
213 68 
229 75 
175 28 
66 151 
239 84 
40 125 
11 206 
220 85 
136 47 
246 57 
87 66 
155 46 
131 252 
107 243 
155 255 
112 228 
126 222 
1 159 
144 42 
157 110 
50 172 
156 255 
94 214 
216 67 
11 161 
84 217 
91 227 
27 116 
191 124 
240 102 
230 112 
138 193 
26 195 
181 66 
59 82 
234 91 
195 62 
19 129 
3 163 
216 115 
34 159 
172 23 
77 238 
160 86 
2 169 
24 169 
159 31 
121 255 
42 188 
46 216 
54 158 
1 166 
169 114 
182 44 
145 189 
76 201 
15 160 
14 182 
190 115 
130 92 
194 21 
220 11 
170 39 
68 156 
173 133 
213 77 
18 187 
125 180 
53 226 
56 204 
69 234 
197 90 
25 210 
133 139 
71 142 
105 237 
16 134 
227 73 
5 154 
44 216 
77 98 
88 208 
237 108 
223 77 
96 227 
118 230 
2 173 
30 207 
92 126 
161 32 
170 115 
47 164 
241 80 
12 207 
99 204 
206 68 
38 104 
102 59 
207 107 
138 235 
95 232 
139 48 
142 46 
186 130 
230 123 
57 90 
157 141 
36 201 
21 145 
243 73 
62 186 
137 47 
127 231 
12 207 
223 53 
61 225 
82 238 
227 80 
218 87 
228 30 
183 37 
104 68 
35 209 
220 80 
1 159 
53 197 
74 239 
96 253 
74 160 
157 99 
172 90 
138 250 
247 74 
0 177 
112 119 
207 114 
245 106 
27 219 
177 24 
224 40 
213 55 
27 125 
240 35 
28 142 
142 159 
183 18 
210 139 
99 61 
128 255 
255 1 
252 2 
86 68 
162 138 
8 171 
184 36 
126 148 
207 117 
181 49 
155 148 
156 56 
254 43 
164 88 
13 196 
249 71 
244 121 
224 45 
80 225 
107 64 
26 121 
79 194 
233 94 
225 126 
122 236 
173 19 
88 76 
48 94 
197 52 
109 103 
32 194 
189 19 
254 1 
170 121 
178 76 
69 180 
49 129 
131 230 
141 83 
147 250 
188 123 
255 17 
48 232 
90 212 
205 119 
154 48 
153 255 
141 203 
48 188 
150 49 
29 176 
159 156 
87 221 
221 125 
84 225 
6 172 
217 23 
176 115 
225 21 
89 166 
70 178 
221 73 
84 247 
254 3 
86 203 
183 9 
127 245 
233 99 
150 151 
123 255 
119 180 
81 202 
136 255 
18 168 
103 210 
22 161 
215 86 
120 229 
245 111 
171 27 
39 204 
198 116 
153 255 
251 19 
23 151 
179 21 
124 90 
222 75 
65 214 
235 105 
241 129 
96 146 
177 41 
49 204 
11 151 
220 7 
251 58 
179 50 
222 118 
120 152 
216 96 
199 48 
64 242 
50 213 
50 223 
75 242 
150 41 
73 191 
133 59 
7 184 
235 31 
252 101 
169 26 
237 32 
255 4 
124 255 
35 194 
150 34 
42 142 
49 91 
75 72 
187 117 
119 84 
219 25 
247 33 
108 97 
139 46 
39 119 
60 207 
209 75 
181 89 
226 129 
109 59 
49 184 
193 38 
104 224 
161 145 
204 38 
255 6 
236 102 
50 228 
167 108 
134 238 
144 45 
203 11 
241 33 
38 138 
211 65 
94 229 
202 41 
196 122 
62 82 
73 200 
69 198 
187 49 
20 200 
218 130 
121 221 
241 109 
48 173 
199 12 
248 33 
48 185 
106 226 
154 135 
66 81 
5 196 
46 208 
84 205 
108 204 
25 165 
96 218 
204 14 
113 55 
211 103 
178 53 
4 194 
255 6 
167 117 
164 101 
36 107 
203 12 
66 146 
18 138 
106 235 
127 255 
164 24 
158 29 
44 106 
211 60 
116 202 
204 60 
223 83 
42 99 
249 59 
83 70 
74 209 
79 148 
142 208 
159 98 
183 127 
87 191 
158 36 
32 133 
124 93 
36 103 
34 107 
131 140 
241 36 
179 103 
44 201 
28 174 
22 210 
59 89 
64 173 
12 139 
98 191 
154 169 
255 9 
35 216 
213 87 
41 179 
137 255 
208 141 
132 216 
135 248 
120 255 
19 142 
217 24 
188 93 
34 170 
26 140 
23 173 
192 121 
33 200 
239 81 
24 121 
181 119 
95 64 
40 102 
145 44 
92 62 
49 227 
146 157 
255 6 
99 227 
188 14 
214 26 
247 5 
2 161 
16 178 
75 164 
72 188 
111 255 
127 141 
20 206 
211 96 
53 86 
196 111 
34 122 
242 111 
205 27 
131 206 
59 215 
50 233 
193 113 
51 182 
252 59 
133 248 
181 124 
72 204 
209 36 
253 6 
245 9 
166 21 
7 146 
130 255 
40 151 
109 184 
70 169 
50 161 
100 190 
35 156 
165 113 
215 89 
22 127 
37 223 
244 56 
232 29 
61 153 
46 93 
68 204 
250 51 
244 22 
162 33 
211 22 
239 129 
78 209 
126 49 
46 228 
233 20 
228 88 
68 240 
49 164 
149 35 
121 232 
234 45 
208 100 
49 108 
92 137 
224 36 
123 249 
136 108 
162 30 
255 5 
170 117 
0 172 
130 254 
239 97 
64 197 
201 122 
138 254 
108 116 
45 133 
24 219 
116 218 
22 127 
112 245 
84 202 
219 70 
233 105 
255 2 
212 131 
7 166 
163 46 
65 77 
211 83 
132 255 
226 85 
8 190 
195 13 
2 166 
250 5 
29 172 
179 19 
225 114 
30 112 
140 48 
183 120 
158 142 
113 166 
128 252 
248 42 
27 169 
173 79 
63 157 
238 108 
222 35 
27 156 
81 188 
87 222 
85 137 
60 148 
135 195 
238 41 
116 181 
94 166 
6 152 
13 205 
184 66 
51 231 
12 205 
239 73 
180 41 
175 98 
159 151 
134 240 
206 33 
132 210 
255 0 
121 255 
76 203 
77 234 
236 72 
36 225 
101 231 
30 170 
150 182 
79 184 
86 209 
125 246 
80 247 
162 117 
187 45 
151 102 
48 169 
164 66 
1 184 
177 40 
173 127 
170 48 
164 113 
149 88 
163 33 
31 219 
255 9 
89 198 
78 132 
252 104 
26 198 
75 162 
59 153 
111 238 
45 171 
192 123 
152 192 
47 175 
194 93 
106 81 
55 208 
186 47 
78 211 
49 104 
67 207 
176 92 
64 243 
28 214 
97 234 
38 172 
18 140 
51 142 
99 225 
167 93 
238 78 
74 207 
102 198 
99 130 
62 235 
89 250 
183 18 
215 128 
48 174 
193 52 
193 18 
241 106 
131 198 
238 21 
64 242 
168 111 
55 169 
25 173 
156 55 
159 40 
11 184 
172 26 
140 52 
243 84 
232 10 
167 30 
105 234 
201 37 
24 139 
132 255 
192 87 
237 60 
233 123 
3 160 
214 134 
66 243 
249 78 
63 237 
104 191 
176 100 
168 70 
99 239 
208 109 
36 154 
184 48 
113 246 
226 71 
221 85 
29 162 
123 51 
248 41 
120 255 
84 179 
228 71 
208 28 
204 37 
103 65 
200 95 
122 224 
42 100 
251 101 
54 193 
29 220 
116 154 
55 83 
218 67 
118 249 
246 17 
77 191 
138 239 
243 10 
10 157 
217 87 
92 65 
119 247 
236 88 
169 39 
96 225 
193 115 
78 243 
244 102 
249 37 
185 17 
161 142 
219 71 
171 102 
32 214 
43 148 
181 32 
211 15 
81 68 
61 201 
6 153 
8 176 
196 15 
70 91 
188 30 
137 251 
103 244 
46 149 
247 104 
89 192 
120 255 
237 65 
97 234 
235 17 
159 154 
29 187 
126 191 
38 163 
32 148 
238 76 
16 174 
145 255 
209 111 
3 173 
208 10 
16 168 
45 101 
202 58 
250 51 
28 147 
30 147 
167 33 
216 81 
149 255 
189 19 
217 44 
167 70 
13 193 
57 175 
206 136 
47 210 
247 91 
136 217 
203 61 
102 230 
245 23 
117 94 
14 181 
238 109 
230 102 
30 215 
217 126 
212 120 
83 233 
212 82 
89 194 
2 174 
159 52 
124 255 
44 197 
144 255 
206 21 
232 26 
234 116 
162 25 
117 54 
153 95 
189 77 
166 85 
219 82 
241 94 
60 82 
209 71 
255 0 
15 205 
118 55 
254 7 
25 120 
17 208 
76 191 
232 105 
81 215 
221 74 
88 68 
255 1 
153 31 
235 27 
182 45 
11 202 
47 147 
64 240 
7 187 
139 242 
63 238 
44 120 
36 172 
9 144 
131 90 
68 171 
132 254 
60 140 
70 180 
135 238 
71 204 
47 169 
244 41 
255 15 
242 108 
234 44 
212 10 
83 170 
117 255 
91 219 
54 114 
198 105 
36 166 
207 127 
252 6 
197 49 
243 91 
137 253 
186 9 
113 57 
47 217 
226 74 
114 159 
40 210 
190 55 
255 18 
139 248 
48 91 
111 212 
17 205 
202 29 
107 178 
255 7 
81 203 
237 31 
214 116 
0 165 
78 232 
30 117 
163 131 
51 167 
243 59 
1 165 
217 122 
124 245 
10 147 
12 199 
187 51 
245 55 
15 206 
131 182 
60 150 
135 46 
233 31 
17 187 
52 156 
200 31 
147 106 
157 40 
212 70 
129 255 
170 128 
31 204 
33 221 
225 73 
245 83 
98 178 
232 32 
61 239 
73 226 
143 243 
52 86 
254 7 
132 150 
210 13 
96 216 
9 202 
101 87 
241 53 
21 139 
65 195 
153 165 
83 213 
180 23 
28 116 
156 63 
199 54 
199 14 
24 190 
240 92 
247 109 
180 54 
60 225 
141 47 
34 220 
115 69 
36 215 
184 42 
60 84 
118 245 
86 178 
7 150 
130 157 
59 149 
208 116 
165 28 
198 53 
60 87 
16 152 
51 191 
14 161 
94 230 
36 149 
121 99 
167 27 
251 12 
237 92 
245 88 
194 61 
208 72 
22 210 
209 76 
74 247 
146 245 
220 67 
47 150 
104 250 
163 29 
174 97 
23 143 
253 89 
69 156 
54 154 
101 105 
224 95 
246 6 
193 45 
26 123 
17 204 
191 14 
93 63 
171 21 
239 94 
57 167 
87 71 
90 237 
161 34 
143 191 
105 186 
174 16 
242 113 
172 134 
72 152 
0 174 
195 42 
221 69 
210 107 
235 77 
134 255 
188 120 
204 122 
75 231 
213 127 
42 215 
191 54 
222 82 
113 255 
157 75 
72 178 
255 1 
119 155 
112 184 
31 208 
93 78 
94 241 
50 148 
154 82 
45 107 
231 137 
230 93 
233 116 
175 26 
96 88 
56 224 
187 20 
117 247 
109 61 
39 224 
186 106 
109 146 
221 36 
178 22 
202 122 
134 187 
60 80 
83 222 
94 227 
3 191 
203 37 
28 137 
170 27 
140 196 
241 100 
110 234 
24 187 
190 17 
177 26 
241 41 
71 214 
7 152 
153 82 
91 199 
30 214 
91 179 
178 49 
85 157 
209 84 
21 217 
110 93 
90 240 
33 144 
15 135 
150 38 
6 161 
216 72 
174 77 
105 60 
8 166 
137 213 
53 88 
188 16 
87 229 
218 98 
233 22 
113 74 
255 6 
56 227 
127 252 
117 194 
85 222 
194 70 
131 166 
141 89 
85 176 
125 169 
115 198 
200 112 
122 54 
223 110 
152 135 
203 63 
184 115 
254 4 
40 216 
67 83 
53 151 
132 242 
127 255 
255 5 
252 44 
51 148 
207 10 
130 48 
205 29 
40 210 
79 226 
37 182 
199 72 
9 167 
53 167 
175 132 
184 9 
228 126 
245 105 
4 151 
1 157 
1 164 
77 180 
100 253 
240 127 
208 57 
27 185 
41 100 
48 162 
161 36 
186 121 
243 34 
192 122 
55 190 
149 69 
248 33 
137 237 
29 118 
45 189 
251 96 
149 194 
112 208 
218 63 
120 249 
143 117 
230 44 
54 161 
219 71 
206 61 
165 130 
152 151 
126 54 
182 22 
237 97 
168 53 
24 208 
43 169 
176 12 
181 40 
70 130 
233 30 
150 105 
215 26 
150 255 
109 188 
169 117 
230 4 
84 106 
35 162 
1 165 
51 113 
99 226 
91 63 
54 203 
93 158 
129 252 
71 217 
56 196 
129 255 
218 20 
36 195 
136 142 
181 45 
51 220 
153 255 
49 211 
63 230 
21 150 
63 192 
88 157 
116 93 
67 219 
0 177 
85 236 
208 27 
99 224 
12 144 
232 130 
167 79 
31 136 
92 225 
220 69 
2 155 
88 227 
175 78 
32 167 
128 255 
143 58 
57 239 
171 114 
90 224 
35 132 
186 113 
255 5 
199 48 
124 239 
180 124 
113 234 
189 61 
207 55 
150 114 
163 27 
14 192 
241 102 
159 31 
62 84 
158 28 
185 32 
66 193 
5 174 
112 232 
239 59 
193 47 
14 204 
172 117 
155 38 
208 21 
255 6 
177 19 
147 149 
78 233 
21 145 
67 241 
199 124 
33 206 
95 221 
114 175 
113 255 
253 100 
151 255 
173 34 
248 27 
194 101 
220 91 
188 128 
122 251 
6 200 
237 118 
60 241 
12 138 
67 96 
16 203 
77 73 
140 149 
6 150 
65 203 
72 157 
135 121 
129 232 
208 27 
53 237 
200 56 
153 176 
154 255 
43 166 
154 35 
56 237 
195 17 
18 156 
151 39 
91 226 
210 100 
89 181 
240 114 
7 184 
123 250 
192 32 
203 11 
234 42 
68 161 
202 12 
100 237 
89 63 
163 85 
127 250 
224 80 
79 208 
183 96 
2 166 
228 37 
207 106 
220 109 
67 244 
40 137 
163 81 
246 65 
105 243 
55 194 
248 97 
2 181 
121 214 
190 20 
63 79 
48 209 
156 141 
128 246 
73 247 
200 13 
123 251 
201 35 
122 198 
26 213 
98 65 
201 88 
201 12 
99 233 
137 49 
222 72 
25 133 
119 187 
158 135 
192 79 
108 72 
66 170 
152 145 
157 53 
11 171 
0 170 
184 122 
151 43 
87 232 
57 82 
245 97 
55 238 
68 223 
255 0 
228 39 
125 255 
154 89 
191 75 
87 224 
37 141 
52 87 
210 46 
74 194 
84 164 
30 112 
66 153 
104 61 
120 244 
223 99 
82 86 
65 206 
98 179 
80 228 
237 62 
41 145 
90 66 
144 236 
233 5 
223 17 
90 231 
108 89 
115 239 
87 233 
255 7 
109 236 
174 133 
250 50 
46 197 
27 222 
138 169 
165 112 
61 182 
154 111 
42 159 
253 4 
64 209 
54 235 
140 63 
121 54 
86 186 
200 30 
188 18 
97 229 
29 146 
125 49 
208 69 
3 174 
180 25 
222 135 
149 132 
24 123 
49 155 
146 43 
95 176 
41 122 
179 50 
27 199 
8 145 
19 198 
73 211 
82 239 
211 91 
0 171 
49 220 
76 216 
176 12 
176 125 
109 245 
112 231 
68 189 
110 233 
23 218 
184 44 
78 174 
39 156 
206 39 
86 224 
195 103 
8 155 
203 65 
111 249 
211 69 
199 42 
212 34 
247 32 
127 186 
59 86 
9 182 
137 185 
52 165 
32 147 
189 17 
185 32 
85 68 
13 171 
181 15 
121 248 
234 33 
144 53 
95 252 
151 42 
194 121 
22 142 
71 222 
58 137 
151 50 
228 46 
222 88 
144 45 
237 103 
35 175 
103 225 
253 10 
255 0 
54 163 
126 255 
83 235 
159 149 
190 71 
14 200 
200 118 
95 237 
60 195 
55 199 
219 119 
177 120 
250 36 
90 69 
32 115 
54 96 
92 184 
227 87 
210 73 
138 186 
33 136 
137 233 
15 170 
80 192 
199 120 
76 224 
167 70 
145 54 
197 98 
109 56 
86 231 
94 63 
147 160 
198 50 
113 208 
110 180 
16 189 
255 3 
255 3 
186 50 
130 95 
204 10 
255 6 
133 249 
123 255 
200 129 
70 191 
97 231 
33 134 
67 244 
102 232 
209 29 
116 89 
93 200 
88 205 
246 58 
229 93 
12 192 
128 51 
155 111 
187 124 
108 173 
172 104 
162 147 
4 179 
67 78 
154 43 
126 49 
26 160 
142 254 
77 163 
255 9 
30 144 
40 162 
255 4 
55 159 
208 77 
187 9 
14 143 
33 210 
149 96 
2 154 
11 199 
11 142 
77 245 
26 189 
177 103 
84 246 
128 255 
235 86 
231 106 
245 43 
245 93 
115 255 
185 46 
215 76 
177 56 
50 122 
248 112 
215 136 
220 6 
40 98 
81 75 
138 179 
125 245 
7 146 
182 19 
235 35 
196 92 
249 51 
99 229 
2 178 
114 213 
163 24 
209 65 
114 239 
115 178 
60 93 
187 128 
194 19 
202 68 
51 226 
192 17 
235 56 
206 71 
28 115 
43 123 
38 110 
227 73 
245 99 
252 2 
183 38 
165 47 
117 118 
162 145 
106 255 
156 129 
247 46 
17 154 
27 119 
123 126 
156 80 
240 40 
61 211 
59 225 
139 253 
255 2 
105 62 
247 115 
187 20 
85 210 
149 50 
106 58 
248 30 
251 95 
181 112 
93 227 
173 121 
50 89 
26 133 
160 28 
128 230 
102 211 
3 194 
233 109 
144 45 
76 210 
246 48 
218 8 
23 213 
197 16 
16 134 
62 239 
120 61 
107 226 
185 58 
216 131 
175 92 
255 3 
122 248 
213 25 
41 203 
49 234 
247 59 
13 173 
144 98 
10 203 
8 147 
131 254 
105 222 
167 21 
85 201 
241 45 
56 215 
126 223 
88 212 
0 166 
250 12 
190 43 
251 56 
156 39 
233 87 
236 108 
4 183 
163 141 
110 151 
226 89 
203 138 
128 255 
91 206 
81 213 
214 127 
55 84 
96 251 
177 49 
20 217 
100 229 
184 24 
190 52 
91 191 
161 147 
219 28 
158 80 
153 103 
151 39 
130 255 
107 255 
50 204 
255 8 
129 56 
152 244 
44 181 
90 221 
16 188 
135 255 
168 111 
219 79 
160 144 
184 54 
119 227 
151 63 
238 122 
13 183 
209 26 
139 197 
187 122 
191 10 
184 19 
28 147 
108 183 
162 131 
221 87 
245 107 
231 104 
16 189 
81 193 
172 101 
92 197 
29 201 
75 170 
207 28 
255 1 
200 11 
107 228 
112 236 
217 75 
21 214 
79 166 
189 132 
148 39 
100 237 
210 92 
183 56 
63 171 
105 245 
230 127 
166 91 
149 109 
70 224 
159 76 
106 212 
58 237 
167 97 
56 91 
79 205 
27 215 
230 99 
253 6 
216 79 
252 98 
212 12 
203 122 
39 211 
133 241 
236 84 
7 146 
71 184 
29 134 
188 33 
141 188 
164 24 
255 11 
140 93 
180 10 
32 107 
222 106 
51 174 
204 46 
187 112 
251 56 
253 7 
119 52 
133 50 
7 181 
240 88 
51 95 
98 220 
65 244 
177 77 
67 75 
141 251 
5 156 
77 157 
198 42 
175 13 
210 122 
118 229 
148 78 
10 191 
131 175 
77 202 
170 118 
12 138 
209 78 
192 132 
19 212 
95 61 
102 217 
242 56 
179 14 
43 103 
246 44 
20 195 
126 236 
109 242 
77 222 
92 189 
252 19 
206 57 
124 254 
100 211 
95 64 
25 143 
22 133 
243 70 
182 94 
23 199 
97 147 
227 61 
31 210 
27 145 
46 104 
104 254 
236 131 
227 18 
173 123 
75 163 
100 229 
51 195 
83 248 
206 78 
134 255 
17 186 
170 85 
184 109 
12 158 
255 1 
136 255 
242 111 
191 32 
94 168 
62 163 
197 128 
166 134 
219 101 
211 40 
224 19 
192 124 
18 211 
79 246 
250 5 
229 81 
201 24 
91 229 
39 193 
188 127 
70 243 
200 68 
28 117 
142 205 
156 174 
122 233 
6 188 
135 65 
133 175 
209 119 
219 69 
247 74 
43 122 
39 183 
115 247 
93 225 
226 44 
177 48 
150 245 
194 104 
183 52 
248 6 
57 147 
145 255 
43 183 
186 131 
41 101 
177 24 
189 104 
174 89 
255 2 
219 19 
249 57 
198 19 
232 125 
33 142 
251 8 
158 90 
181 28 
144 81 
246 29 
25 219 
93 190 
212 84 
5 157 
23 185 
77 212 
54 85 
146 249 
14 137 
122 245 
88 244 
42 132 
106 144 
181 123 
172 41 
116 77 
103 58 
207 132 
130 197 
21 139 
188 9 
228 119 
121 250 
155 102 
242 118 
173 110 
159 33 
205 137 
226 43 
250 87 
159 57 
184 43 
81 234 
24 171 
132 255 
89 202 
108 190 
255 9 
37 158 
226 135 
24 196 
148 147 
97 224 
10 205 
225 20 
163 24 
37 130 
9 145 
203 118 
48 195 
229 4 
171 22 
16 146 
207 36 
79 213 
202 53 
126 241 
160 149 
203 29 
33 219 
171 132 
212 114 
21 126 
145 243 
61 240 
255 0 
242 99 
145 251 
129 218 
53 143 
222 73 
245 53 
62 149 
105 253 
37 177 
4 153 
105 175 
144 255 
62 212 
55 144 
238 42 
254 3 
170 125 
252 39 
72 176 
253 15 
251 104 
70 240 
224 115 
83 218 
193 34 
174 117 
121 255 
228 128 
230 91 
148 241 
34 213 
154 145 
146 42 
97 229 
240 109 
231 42 
83 218 
107 245 
101 228 
179 108 
160 27 
22 166 
251 60 
112 55 
148 255 
126 252 
90 139 
246 8 
49 172 
232 121 
211 117 
168 117 
168 132 
25 125 
196 22 
22 129 
187 127 
96 219 
68 177 
169 82 
91 152 
24 159 
198 14 
2 155 
97 163 
110 236 
230 119 
146 127 
124 255 
167 30 
141 198 
248 66 
99 223 
177 48 
39 105 
107 150 
103 243 
29 139 
190 16 
242 4 
180 16 
95 237 
132 181 
107 57 
48 179 
213 133 
36 221 
88 193 
90 215 
69 74 
227 95 
208 82 
130 233 
181 22 
255 21 
115 103 
179 95 
178 25 
247 3 
81 175 
44 195 
18 209 
51 186 
155 123 
221 67 
160 30 
102 246 
104 201 
165 45 
201 66 
220 57 
191 77 
39 189 
165 127 
169 27 
243 120 
80 231 
97 159 
194 47 
125 206 
65 167 
219 109 
230 49 
48 143 
183 9 
237 94 
3 152 
137 243 
194 106 
247 94 
53 173 
72 215 
100 214 
157 38 
191 35 
115 185 
232 3 
64 203 
8 196 
236 78 
146 184 
245 21 
212 27 
212 27 
201 46 
26 169 
14 207 
164 38 
61 155 
235 89 
121 140 
67 243 
115 161 
108 208 
4 154 
222 132 
235 113 
58 236 
138 181 
125 252 
198 98 
151 129 
31 156 
174 120 
76 226 
201 73 
206 122 
11 142 
225 36 
195 55 
217 10 
255 0 
179 23 
173 136 
117 118 
210 54 
22 214 
153 186 
80 155 
53 119 
163 141 
156 134 
229 139 
250 10 
64 164 
191 91 
15 172 
132 205 
93 253 
32 109 
234 13 
244 50 
255 11 
235 18 
23 176 
80 207 
0 168 
5 175 
34 147 
133 255 
12 176 
209 62 
216 47 
154 149 
210 74 
90 196 
196 55 
71 212 
50 177 
81 229 
14 211 
79 223 
143 97 
180 13 
58 159 
136 90 
12 197 
185 44 
38 158 
116 177 
12 182 
204 135 
155 160 
141 130 
212 8 
176 77 
201 129 
95 226 
133 231 
100 254 
132 250 
18 161 
234 131 
106 228 
0 177 
2 189 
155 30 
222 21 
156 40 
131 251 
0 174 
170 32 
58 176 
108 227 
155 72 
94 239 
25 139 
157 172 
216 58 
10 174 
221 33 
52 211 
44 153 
135 241 
111 158 
125 255 
92 195 
34 106 
171 25 
129 151 
6 199 
114 246 
253 52 
219 116 
158 146 
78 69 
233 65 
182 99 
148 51 
71 201 
201 70 
105 58 
249 5 
153 255 
203 111 
32 202 
210 94 
174 15 
157 88 
150 93 
97 212 
35 181 
8 156 
185 114 
143 248 
235 133 
22 200 
179 75 
17 183 
225 82 
108 198 
120 175 
115 238 
160 125 
71 243 
141 54 
90 228 
33 184 
0 168 
96 63 
80 139 
79 155 
39 159 
249 110 
131 74 
184 13 
142 252 
208 63 
25 200 
42 153 
120 118 
166 43 
174 27 
75 244 
148 153 
47 159 
102 224 
48 152 
98 105 
193 79 
34 196 
141 101 
161 30 
250 6 
11 177 
42 198 
175 130 
188 15 
115 241 
41 175 
56 176 
65 239 
137 155 
220 71 
134 190 
23 212 
58 199 
198 92 
138 202 
54 204 
4 158 
228 135 
99 232 
231 103 
163 67 
227 137 
13 143 
50 153 
156 90 
145 150 
6 160 
40 99 
220 56 
142 46 
13 206 
161 148 
142 150 
54 220 
104 240 
187 69 
31 137 
65 216 
36 173 
243 45 
132 178 
52 102 
186 100 
69 75 
169 59 
173 84 
46 160 
189 118 
23 202 
11 182 
141 255 
5 192 
165 96 
110 229 
116 53 
243 80 
197 109 
124 54 
121 53 
137 235 
16 153 
120 179 
146 255 
131 255 
202 16 
242 55 
19 143 
51 200 
132 170 
215 37 
120 85 
48 182 
169 68 
236 64 
73 171 
243 106 
153 137 
101 62 
3 190 
180 50 
69 85 
89 64 
31 166 
141 240 
196 120 
162 35 
223 22 
167 133 
232 7 
30 196 
214 88 
192 116 
90 251 
190 47 
203 61 
85 65 
96 244 
255 9 
3 193 
49 229 
225 36 
113 241 
98 205 
41 99 
226 115 
201 126 
87 218 
64 239 
41 206 
80 136 
46 92 
210 9 
128 113 
250 57 
2 168 
52 151 
246 76 
195 118 
123 51 
109 196 
159 61 
86 163 
61 146 
50 196 
236 118 
121 174 
33 140 
234 122 
65 185 
196 54 
103 85 
158 69 
82 220 
145 135 
52 235 
255 11 
141 135 
103 253 
133 255 
103 64 
8 147 
125 58 
43 229 
197 30 
157 31 
254 2 
196 105 
60 241 
158 138 
237 134 
131 253 
89 235 
194 28 
185 69 
117 53 
91 121 
159 32 
138 237 
104 177 
61 239 
214 139 
88 250 
161 131 
72 242 
72 97 
84 189 
95 181 
41 99 
203 11 
124 251 
101 195 
78 90 
94 212 
161 156 
216 122 
123 253 
86 238 
218 123 
216 133 
194 53 
205 140 
193 32 
69 190 
213 26 
161 142 
57 204 
76 237 
148 248 
179 120 
186 60 
29 219 
186 115 
8 202 
64 223 
49 147 
42 157 
164 33 
195 12 
255 2 
97 62 
210 126 
73 245 
178 127 
134 251 
198 131 
217 143 
151 148 
238 100 
91 222 
165 76 
166 102 
58 226 
22 205 
180 85 
181 66 
76 232 
134 218 
28 140 
13 207 
137 250 
167 28 
130 255 
231 36 
84 192 
53 200 
223 30 
148 81 
67 239 
207 129 
250 9 
93 251 
180 23 
210 9 
242 111 
172 127 
119 91 
220 49 
244 67 
4 155 
201 59 
45 155 
129 242 
120 231 
20 132 
115 129 
255 7 
42 223 
20 136 
249 3 
236 45 
212 48 
92 141 
134 243 
156 159 
146 92 
204 43 
120 246 
90 216 
129 194 
255 22 
23 174 
137 251 
177 91 
145 47 
207 96 
249 93 
136 204 
217 141 
160 34 
15 208 
124 250 
248 104 
63 135 
255 12 
148 55 
178 87 
252 95 
140 255 
239 24 
249 37 
115 228 
181 62 
65 155 
119 234 
145 38 
200 12 
127 255 
118 63 
244 55 
91 230 
175 24 
82 205 
147 138 
195 17 
205 108 
209 23 
153 96 
35 177 
113 180 
176 40 
228 63 
125 233 
219 142 
80 232 
144 170 
243 14 
70 131 
193 132 
221 46 
254 7 
110 228 
5 176 
70 167 
147 110 
104 156 
213 30 
63 206 
18 181 
200 13 
227 131 
104 67 
0 164 
63 215 
27 156 
117 100 
148 79 
3 187 
255 4 
94 62 
231 73 
229 108 
164 29 
147 74 
81 144 
13 150 
169 108 
167 58 
149 255 
46 158 
158 125 
160 38 
187 35 
74 162 
239 32 
163 91 
232 33 
4 168 
114 249 
77 72 
30 223 
107 153 
255 1 
14 139 
215 112 
132 50 
152 50 
45 115 
154 36 
129 221 
35 202 
71 158 
237 115 
51 161 
255 14 
248 6 
109 229 
22 133 
225 67 
163 35 
28 129 
112 230 
83 209 
228 117 
205 67 
126 253 
70 197 
252 5 
106 110 
103 61 
120 52 
120 89 
89 65 
236 47 
150 89 
189 127 
236 39 
255 11 
129 249 
118 54 
82 151 
240 115 
254 95 
189 110 
149 99 
109 232 
128 254 
62 192 
244 65 
210 72 
84 220 
82 71 
197 51 
72 206 
101 207 
39 100 
205 38 
224 66 
165 145 
224 90 
0 172 
242 18 
255 16 
37 209 
68 197 
94 227 
126 255 
148 121 
128 253 
64 99 
67 168 
179 125 
135 50 
213 52 
55 148 
32 145 
71 134 
62 173 
160 36 
0 171 
139 153 
148 43 
69 241 
147 154 
183 49 
134 236 
183 117 
130 255 
55 185 
158 152 
35 106 
171 87 
56 94 
219 68 
229 96 
152 249 
251 3 
145 183 
206 112 
18 200 
82 242 
72 202 
130 247 
192 134 
175 80 
20 183 
14 206 
44 179 
246 102 
112 236 
37 107 
171 81 
80 247 
157 83 
254 97 
192 41 
65 162 
102 242 
86 249 
202 111 
175 108 
196 137 
113 246 
55 203 
149 255 
221 140 
65 165 
31 195 
45 211 
21 140 
174 13 
127 59 
57 164 
93 252 
191 127 
68 241 
157 32 
234 119 
121 252 
144 249 
100 242 
255 11 
80 73 
120 56 
86 225 
163 29 
255 3 
119 253 
82 249 
196 14 
11 193 
82 228 
140 255 
121 52 
122 54 
142 118 
227 71 
147 99 
208 59 
143 40 
217 34 
175 105 
168 26 
200 70 
27 161 
2 178 
169 73 
193 131 
6 174 
53 136 
255 11 
175 100 
76 233 
49 155 
236 7 
52 163 
122 249 
40 176 
162 80 
216 85 
68 185 
63 221 
236 42 
125 248 
62 109 
194 15 
248 13 
158 96 
32 107 
38 223 
196 53 
12 165 
160 167 
1 187 
166 82 
105 228 
135 235 
232 101 
41 150 
52 234 
250 92 
3 156 
147 93 
184 27 
180 18 
55 125 
39 178 
184 101 
5 195 
255 8 
20 128 
170 29 
88 66 
104 216 
84 212 
165 128 
40 129 
140 180 
100 60 
241 24 
147 178 
82 68 
179 114 
178 106 
65 132 
234 137 
215 66 
157 88 
240 100 
206 12 
162 127 
139 247 
50 146 
186 19 
170 33 
117 251 
242 101 
31 112 
52 173 
23 176 
247 95 
74 204 
77 196 
123 235 
93 222 
130 179 
19 133 
200 43 
17 147 
42 222 
11 171 
104 252 
111 255 
109 235 
1 165 
5 151 
230 139 
156 33 
123 232 
127 255 
131 255 
151 164 
111 246 
244 9 
142 250 
242 15 
32 114 
4 193 
160 92 
255 7 
12 140 
97 64 
32 178 
208 50 
87 249 
31 199 
40 174 
7 146 
255 2 
250 5 
87 146 
27 214 
171 129 
226 7 
106 226 
254 13 
68 76 
226 110 
189 123 
3 184 
246 23 
253 87 
48 221 
151 86 
76 72 
222 70 
131 217 
182 10 
223 76 
74 198 
50 201 
145 250 
31 200 
82 180 
71 211 
185 11 
6 148 
162 29 
250 80 
219 89 
97 242 
136 151 
11 144 
87 183 
81 177 
13 143 
102 76 
146 255 
164 109 
25 125 
110 189 
196 40 
247 80 
19 141 
158 73 
61 197 
57 209 
104 240 
218 68 
30 140 
85 231 
47 176 
202 28 
13 203 
150 255 
226 25 
75 70 
119 231 
177 98 
220 94 
255 8 
198 49 
218 96 
239 31 
11 144 
189 50 
34 190 
197 12 
255 0 
16 177 
61 189 
207 74 
20 130 
76 74 
255 4 
183 100 
214 24 
255 2 
82 236 
216 40 
46 162 
22 218 
254 8 
6 180 
148 134 
248 89 
147 159 
177 59 
151 255 
37 150 
137 219 
58 230 
143 180 
178 115 
224 74 
50 230 
54 142 
213 135 
228 24 
240 117 
103 185 
110 255 
75 77 
68 166 
109 144 
216 83 
60 80 
112 144 
66 184 
72 80 
214 108 
37 225 
223 119 
120 72 
149 154 
92 250 
221 27 
255 2 
216 22 
86 185 
101 62 
150 39 
10 204 
21 210 
228 32 
27 164 
134 135 
111 154 
252 43 
51 186 
149 130 
255 2 
10 142 
105 170 
144 82 
98 63 
199 11 
15 136 
234 71 
231 35 
9 170 
141 237 
179 88 
197 76 
130 48 
113 167 
9 188 
140 141 
255 9 
3 153 
97 254 
118 244 
79 220 
168 132 
52 202 
109 158 
129 92 
75 77 
79 197 
83 184 
52 91 
255 1 
63 175 
116 255 
92 223 
46 191 
14 154 
10 201 
201 38 
229 71 
148 93 
13 206 
146 95 
251 61 
182 97 
95 191 
13 138 
144 146 
243 83 
13 137 
139 46 
59 90 
168 129 
29 114 
224 29 
73 192 
150 83 
38 152 
249 5 
170 110 
205 138 
255 4 
144 255 
47 178 
6 178 
19 130 
79 218 
198 47 
52 159 
129 51 
205 28 
92 218 
149 44 
214 68 
205 112 
211 60 
69 223 
184 91 
69 224 
208 81 
34 115 
159 29 
36 186 
37 199 
41 190 
66 167 
255 16 
18 130 
112 55 
60 221 
106 57 
171 76 
243 55 
47 211 
54 230 
189 53 
5 187 
33 190 
160 31 
227 112 
21 165 
115 255 
111 181 
181 39 
186 31 
155 255 
105 75 
107 58 
171 15 
255 1 
16 199 
255 1 
0 181 
38 101 
138 83 
222 69 
254 8 
165 31 
255 3 
238 32 
248 102 
77 75 
71 246 
240 44 
125 169 
233 25 
190 33 
2 190 
82 209 
66 113 
58 238 
57 113 
48 157 
233 136 
104 183 
157 41 
135 231 
68 75 
110 81 
119 147 
113 255 
185 29 
255 4 
19 130 
114 181 
249 109 
101 254 
65 151 
218 85 
110 201 
247 18 
240 8 
29 113 
10 142 
135 255 
64 77 
139 255 
39 124 
221 128 
11 157 
20 170 
247 26 
93 239 
127 255 
33 161 
191 16 
196 15 
174 23 
165 25 
199 14 
193 90 
255 2 
136 255 
91 188 
168 45 
140 171 
58 152 
62 242 
63 243 
183 42 
74 233 
193 131 
182 129 
244 117 
118 66 
43 202 
43 158 
32 158 
17 164 
255 4 
92 249 
86 199 
255 1 
107 62 
27 195 
79 203 
255 7 
226 70 
190 124 
170 39 
83 222 
42 219 
68 168 
237 27 
33 147 
213 17 
197 100 
101 236 
10 185 
173 103 
88 227 
25 175 
69 182 
140 47 
255 17 
230 17 
15 196 
9 150 
7 193 
105 238 
16 201 
189 18 
153 155 
79 234 
193 136 
121 156 
56 151 
249 19 
27 121 
115 248 
201 14 
218 106 
218 22 
56 152 
140 250 
31 180 
11 141 
187 55 
185 109 
90 70 
253 12 
42 184 
252 9 
163 134 
176 50 
255 0 
108 255 
172 26 
7 183 
204 108 
118 97 
243 14 
159 94 
53 233 
61 173 
126 235 
130 102 
192 72 
114 185 
231 131 
128 204 
255 0 
35 188 
229 118 
28 191 
141 251 
47 192 
103 213 
189 59 
49 181 
219 76 
53 131 
34 133 
191 96 
113 58 
64 157 
106 255 
144 41 
106 249 
41 200 
199 45 
6 148 
189 16 
80 163 
109 203 
84 241 
240 99 
26 219 
117 247 
37 223 
122 245 
158 34 
178 48 
15 148 
75 246 
116 157 
2 156 
188 21 
173 14 
97 150 
149 93 
63 238 
40 194 
37 166 
243 5 
246 16 
43 116 
122 243 
44 201 
173 94 
185 110 
173 21 
58 170 
255 1 
149 138 
92 205 
182 17 
158 135 
112 130 
49 188 
255 15 
244 109 
37 104 
163 136 
10 194 
219 134 
151 193 
153 255 
213 39 
5 161 
142 193 
107 240 
46 172 
225 69 
116 215 
180 20 
55 238 
122 206 
93 90 
9 148 
176 95 
46 163 
105 240 
0 165 
80 221 
133 255 
121 54 
164 107 
103 60 
222 112 
98 239 
127 220 
100 94 
2 174 
101 232 
142 255 
41 100 
123 153 
255 7 
3 161 
20 216 
129 254 
235 83 
118 248 
47 153 
124 241 
42 161 
5 192 
185 49 
114 245 
110 246 
212 105 
145 45 
166 25 
26 153 
96 213 
135 83 
254 7 
99 233 
67 229 
199 17 
43 224 
250 18 
2 187 
145 98 
19 134 
233 114 
152 113 
71 238 
14 150 
205 66 
15 181 
153 97 
147 64 
94 192 
168 114 
214 35 
133 128 
172 123 
168 43 
13 186 
140 99 
107 198 
112 58 
211 76 
169 47 
107 59 
23 148 
239 104 
58 157 
150 158 
48 158 
242 79 
138 255 
142 255 
138 59 
153 189 
197 46 
31 192 
41 156 
178 86 
179 20 
49 179 
47 197 
146 132 
200 122 
24 165 
215 24 
164 125 
20 214 
94 223 
93 164 
219 32 
23 143 
99 154 
198 16 
234 43 
120 98 
212 63 
69 212 
255 3 
66 209 
79 135 
226 34 
185 19 
74 160 
172 73 
86 226 
72 244 
128 235 
18 130 
165 88 
59 81 
217 9 
219 73 
133 49 
153 87 
132 234 
224 76 
3 189 
206 63 
206 79 
173 25 
83 71 
217 28 
0 171 
215 71 
22 155 
10 195 
37 107 
255 0 
111 218 
202 130 
28 222 
171 115 
248 73 
97 223 
3 193 
194 86 
147 255 
1 182 
255 20 
115 251 
45 154 
156 34 
93 170 
135 89 
180 133 
231 4 
119 195 
53 222 
18 170 
213 121 
16 149 
68 241 
227 77 
8 150 
232 24 
249 40 
116 231 
255 3 
179 15 
111 246 
53 170 
62 222 
196 94 
114 187 
211 142 
206 25 
216 68 
102 226 
46 216 
59 201 
190 51 
255 2 
57 131 
202 139 
4 192 
241 20 
108 60 
96 64 
61 138 
105 160 
223 57 
210 81 
142 255 
31 131 
27 141 
102 165 
59 160 
4 175 
78 215 
193 55 
229 74 
255 4 
160 78 
83 208 
82 198 
90 218 
241 57 
186 128 
40 171 
176 93 
152 73 
129 255 
170 28 
228 70 
166 28 
33 124 
161 133 
224 102 
114 71 
112 228 
244 103 
253 50 
124 255 
142 58 
255 3 
130 154 
64 238 
85 236 
187 98 
254 6 
198 68 
29 154 
122 166 
186 15 
175 111 
98 253 
102 201 
87 241 
130 246 
21 159 
58 240 
117 250 
56 182 
64 220 
84 223 
234 74 
241 92 
196 47 
111 55 
93 66 
119 245 
243 53 
86 195 
80 168 
212 34 
76 152 
103 254 
135 178 
168 66 
233 85 
24 123 
204 12 
106 241 
198 51 
25 214 
161 252 
246 26 
13 139 
214 22 
88 240 
37 221 
89 187 
113 110 
84 244 
160 35 
7 199 
207 35 
42 225 
137 240 
12 154 
3 160 
70 241 
234 97 
186 117 
73 246 
15 138 
181 39 
182 26 
214 83 
204 128 
167 72 
160 143 
242 39 
196 102 
192 108 
245 51 
38 140 
249 57 
36 138 
9 144 
9 201 
24 186 
213 25 
164 137 
165 23 
209 81 
46 151 
57 144 
208 10 
238 33 
100 133 
40 198 
119 52 
1 179 
200 15 
157 126 
83 216 
118 64 
143 251 
186 126 
240 108 
62 190 
42 167 
133 94 
36 170 
191 17 
59 184 
69 155 
114 247 
198 51 
127 254 
255 12 
193 30 
200 38 
24 217 
176 107 
205 40 
255 3 
89 228 
146 255 
134 185 
79 157 
4 181 
178 16 
47 228 
158 32 
23 213 
211 25 
188 78 
74 219 
229 56 
21 170 
19 211 
252 53 
165 78 
201 44 
182 21 
129 255 
176 104 
206 79 
61 145 
117 248 
255 1 
76 169 
157 42 
57 238 
23 149 
33 164 
33 158 
160 37 
172 86 
98 252 
82 207 
74 225 
143 81 
138 212 
75 232 
236 93 
14 163 
81 170 
204 80 
175 22 
205 18 
250 98 
155 34 
13 170 
17 207 
114 205 
124 220 
51 101 
234 121 
41 228 
242 24 
239 107 
118 165 
127 255 
203 37 
255 0 
18 160 
16 185 
213 123 
173 87 
184 107 
74 216 
197 16 
56 148 
244 51 
178 77 
68 217 
66 190 
34 180 
241 87 
57 159 
78 235 
11 155 
2 191 
207 80 
199 37 
135 47 
230 67 
194 66 
65 198 
137 162 
151 39 
133 233 
221 78 
146 248 
174 21 
255 4 
138 216 
117 246 
255 11 
124 254 
168 18 
170 83 
64 217 
248 49 
217 11 
57 195 
117 54 
60 240 
62 141 
28 131 
40 209 
30 169 
183 84 
69 188 
195 80 
102 177 
164 126 
12 190 
255 5 
102 220 
197 18 
8 145 
239 23 
55 155 
28 149 
85 66 
9 146 
1 159 
152 255 
69 195 
187 44 
177 126 
218 78 
195 49 
45 176 
66 164 
69 115 
35 104 
171 96 
16 208 
97 61 
246 57 
248 10 
110 215 
142 105 
232 136 
239 65 
92 124 
124 217 
155 35 
115 167 
221 66 
207 41 
197 42 
197 13 
168 103 
206 81 
23 213 
97 220 
153 255 
4 187 
255 1 
108 201 
197 32 
255 1 
85 219 
177 131 
172 46 
208 39 
41 210 
161 87 
119 250 
207 25 
6 196 
37 103 
161 76 
217 26 
108 245 
147 174 
99 207 
159 31 
255 3 
31 110 
195 34 
238 106 
215 83 
53 161 
123 51 
99 62 
46 203 
159 143 
91 205 
26 143 
104 207 
33 167 
59 179 
44 213 
95 236 
190 16 
56 172 
22 140 
83 225 
143 123 
118 209 
116 234 
234 57 
24 145 
20 164 
19 214 
86 228 
33 216 
7 186 
134 163 
128 63 
57 229 
75 78 
7 160 
253 6 
108 238 
179 85 
213 143 
64 181 
84 168 
146 255 
226 117 
255 14 
99 253 
100 60 
95 196 
118 234 
61 240 
89 192 
38 107 
37 154 
255 10 
216 64 
131 255 
233 128 
98 241 
133 47 
251 44 
161 64 
195 108 
87 121 
91 230 
181 10 
3 155 
32 126 
87 244 
180 101 
207 100 
141 253 
255 2 
139 213 
73 188 
244 14 
66 79 
142 44 
108 170 
70 155 
45 184 
202 105 
153 91 
26 210 
124 255 
220 130 
134 182 
63 95 
236 116 
7 190 
181 130 
188 15 
254 16 
35 142 
107 207 
93 252 
87 175 
183 101 
59 111 
73 139 
211 138 
255 5 
255 8 
255 2 
4 187 
255 1 
11 189 
195 39 
173 69 
132 237 
116 217 
211 124 
170 124 
204 12 
185 26 
123 211 
19 151 
91 67 
98 242 
57 88 
185 116 
145 116 
93 233 
134 158 
57 215 
45 110 
255 8 
244 44 
9 144 
102 203 
221 90 
82 67 
85 191 
255 3 
255 2 
242 19 
89 68 
223 85 
11 148 
169 40 
89 218 
73 239 
225 30 
173 90 
167 123 
182 18 
183 116 
163 255 
127 253 
188 18 
255 5 
162 26 
196 16 
181 119 
152 94 
40 191 
159 31 
168 75 
203 38 
6 147 
157 151 
8 198 
190 88 
132 173 
92 185 
231 40 
19 211 
136 255 
85 197 
207 135 
14 202 
232 29 
76 150 
255 1 
164 60 
209 90 
128 255 
120 163 
225 92 
196 60 
54 215 
86 143 
244 57 
75 214 
172 14 
215 70 
239 111 
32 175 
100 222 
148 43 
52 214 
45 141 
149 167 
45 203 
176 117 
191 124 
167 51 
62 185 
116 197 
161 31 
90 225 
166 111 
125 86 
7 192 
130 126 
84 221 
187 124 
180 64 
209 134 
232 48 
213 67 
157 62 
237 119 
17 196 
228 47 
112 55 
13 159 
255 20 
10 143 
25 193 
255 12 
150 51 
72 168 
122 149 
211 85 
83 134 
103 151 
146 37 
169 28 
58 141 
87 208 
50 211 
144 97 
1 171 
116 152 
30 114 
183 52 
59 237 
70 244 
60 205 
209 35 
170 65 
61 164 
231 76 
99 229 
151 137 
204 22 
229 72 
161 38 
95 62 
134 248 
56 99 
80 174 
221 25 
139 62 
230 88 
134 46 
60 154 
205 74 
114 56 
73 222 
38 203 
173 28 
229 124 
26 220 
16 145 
77 241 
25 212 
245 97 
244 19 
217 84 
130 109 
73 173 
53 235 
34 108 
226 129 
149 255 
251 8 
45 166 
19 216 
185 41 
205 38 
74 231 
25 120 
179 119 
157 36 
39 222 
212 75 
56 96 
124 162 
169 76 
134 86 
5 183 
12 186 
235 6 
68 242 
106 255 
34 222 
255 8 
217 73 
78 209 
129 192 
5 167 
227 4 
122 230 
92 208 
176 80 
20 200 
107 231 
37 102 
103 229 
89 223 
39 217 
200 41 
58 173 
243 126 
44 204 
127 54 
178 40 
189 113 
2 163 
231 31 
36 164 
109 245 
173 34 
227 85 
90 238 
241 118 
14 146 
121 253 
125 236 
232 88 
166 64 
188 15 
218 8 
148 40 
34 210 
60 178 
228 79 
185 52 
190 18 
152 107 
255 8 
222 8 
139 62 
148 54 
236 31 
76 166 
126 251 
252 84 
36 196 
83 186 
210 37 
115 246 
58 216 
162 110 
210 134 
223 128 
34 110 
215 142 
82 227 
202 95 
148 179 
214 90 
204 133 
34 205 
246 85 
61 167 
65 157 
238 20 
194 136 
224 67 
87 251 
79 242 
229 22 
89 177 
255 13 
255 0 
85 245 
108 252 
23 165 
81 234 
67 177 
202 37 
38 101 
44 172 
174 13 
29 130 
243 6 
44 160 
232 109 
96 217 
255 0 
189 37 
118 249 
255 5 
131 255 
37 118 
30 212 
21 145 
88 236 
31 154 
101 178 
114 232 
60 160 
230 104 
194 57 
102 145 
10 190 
169 89 
255 13 
65 237 
25 175 
44 149 
20 204 
235 120 
197 126 
106 168 
195 48 
118 232 
238 92 
139 233 
71 164 
110 56 
152 141 
152 32 
101 235 
152 67 
212 73 
10 152 
45 179 
8 150 
127 96 
255 4 
72 245 
225 105 
43 135 
33 176 
135 207 
140 235 
147 75 
101 161 
52 138 
28 165 
175 13 
135 255 
195 53 
242 101 
231 103 
4 180 
146 100 
136 255 
225 31 
111 57 
126 254 
143 252 
8 189 
178 20 
201 135 
17 146 
162 94 
254 13 
199 62 
193 88 
138 251 
133 67 
137 48 
97 61 
238 6 
73 217 
8 202 
188 58 
93 250 
67 244 
218 5 
221 112 
224 131 
76 247 
35 120 
198 64 
243 97 
190 96 
164 124 
152 40 
122 113 
239 106 
113 243 
62 168 
188 48 
248 91 
203 69 
253 57 
231 21 
255 2 
176 23 
24 122 
80 144 
123 253 
209 86 
162 31 
216 25 
215 41 
171 110 
38 126 
145 144 
240 106 
147 63 
117 58 
69 184 
9 143 
160 120 
9 143 
255 2 
156 44 
115 199 
76 212 
113 237 
127 255 
231 70 
88 210 
195 42 
13 198 
224 60 
178 124 
184 29 
157 58 
85 132 
214 79 
182 12 
39 102 
36 107 
82 224 
186 34 
87 180 
229 4 
138 210 
38 162 
229 22 
9 143 
124 232 
253 90 
63 160 
237 21 
154 143 
218 36 
102 59 
26 133 
88 184 
134 255 
7 173 
154 153 
240 108 
26 215 
5 172 
76 192 
24 162 
144 45 
46 158 
154 105 
227 69 
7 194 
74 171 
97 194 
39 161 
17 132 
240 34 
9 145 
200 109 
204 96 
30 117 
205 64 
28 198 
118 247 
65 236 
128 140 
172 84 
233 53 
96 196 
6 188 
161 125 
168 67 
96 224 
95 82 
12 150 
39 103 
225 90 
228 23 
83 161 
148 172 
110 140 
113 249 
251 84 
230 70 
70 74 
117 243 
248 96 
41 168 
186 56 
226 90 
232 76 
77 198 
66 222 
85 202 
96 217 
43 199 
168 28 
35 199 
98 254 
101 81 
174 23 
13 172 
94 224 
230 78 
94 241 
53 206 
255 0 
143 141 
123 58 
59 189 
204 116 
152 67 
29 182 
174 103 
252 56 
74 182 
215 104 
191 116 
11 196 
106 207 
52 183 
124 255 
17 209 
231 26 
19 157 
216 30 
31 194 
28 140 
198 120 
100 69 
111 254 
29 217 
255 7 
0 167 
47 119 
78 206 
237 42 
170 17 
169 62 
248 45 
115 230 
140 99 
192 38 
47 230 
157 82 
227 24 
21 189 
242 127 
255 9 
55 86 
223 69 
54 146 
66 226 
186 120 
155 255 
231 138 
20 128 
182 22 
154 255 
229 82 
63 171 
212 8 
225 119 
216 92 
35 211 
111 164 
89 70 
26 144 
139 255 
124 50 
31 160 
238 27 
104 225 
251 101 
152 35 
30 219 
54 227 
253 41 
78 121 
58 92 
101 240 
49 219 
86 114 
15 144 
89 172 
61 207 
35 193 
106 79 
61 224 
182 79 
35 113 
101 160 
164 50 
32 109 
192 103 
89 230 
237 5 
227 38 
70 194 
174 125 
62 80 
38 148 
255 1 
119 247 
38 227 
141 255 
182 13 
44 98 
136 236 
20 188 
112 201 
250 61 
249 111 
164 35 
52 216 
191 95 
180 25 
37 183 
255 0 
7 199 
205 58 
223 20 
84 65 
55 129 
71 232 
5 196 
227 73 
118 55 
239 42 
213 67 
162 149 
59 238 
72 242 
30 121 
128 240 
223 121 
144 255 
61 217 
101 64 
185 128 
12 140 
110 61 
174 86 
58 188 
123 115 
126 249 
210 27 
92 234 
139 64 
43 223 
140 43 
15 191 
224 68 
56 181 
222 93 
29 157 
9 146 
130 52 
4 153 
245 41 
18 136 
255 0 
171 121 
1 161 
252 7 
202 137 
178 97 
166 114 
98 154 
67 77 
14 137 
32 186 
63 218 
102 237 
17 205 
135 253 
136 52 
179 79 
191 45 
63 212 
72 244 
122 255 
117 240 
81 248 
183 13 
219 39 
220 140 
118 255 
95 224 
175 114 
235 125 
112 247 
231 84 
17 193 
44 230 
188 113 
74 158 
23 214 
29 155 
4 152 
187 17 
132 136 
107 192 
193 104 
141 255 
217 132 
127 233 
129 253 
192 46 
17 139 
223 112 
166 35 
69 231 
208 124 
201 44 
193 91 
10 162 
218 134 
255 5 
255 0 
59 83 
67 188 
