38305
58820
29461
20429
62814
49435
50895
51770
53638
26170
36252
63591
51703
29137
30118
65044
26506
64246
38305
49686
13444
57874
64927
64986
13074
52233
56390
52303
38229
27344
32910
18251
61576
28095
24795
59263
34131
56300
65001
20732
64833
12596
32324
53585
65418
50248
56091
64680
34048
28067
49811
61743
27865
54195
61200
23692
57795
62231
64239
13041
50060
16987
37858
51575
26574
30319
25065
53233
56301
27554
24209
8902
28246
62361
33483
27093
52277
26387
25910
27303
19163
51726
54107
25541
26611
9713
26609
54397
56704
19326
18272
53391
59205
24694
52740
18911
38549
50366
38294
24388
20984
61200
56569
12413
60770
7139
53107
53742
28347
24058
25236
30059
16549
9736
21113
18317
56606
24741
32122
25275
65389
63373
58897
64372
23441
55764
61259
63123
27252
33916
64461
63990
29371
17298
24584
30248
26270
60817
36828
27996
58636
59361
51215
8344
62042
23590
38220
64992
25824
60760
20234
20229
20422
25358
61282
58384
32023
54263
25412
38468
20257
37879
61848
36265
16910
25783
47863
25376
50535
61531
15955
49403
25732
50668
50256
7150
60717
57855
26487
56534
53009
34821
21111
64269
61181
32901
65267
27305
17471
64182
17304
20046
26248
37777
59350
25467
58880
38176
50915
20242
51422
28513
62215
38294
16728
48365
26080
51699
54559
20733
25567
61553
60927
54221
52475
19322
10311
16686
17308
18975
28342
58681
38461
20995
65018
58373
21150
26751
19480
52738
32980
26528
17877
48367
25714
24122
16545
57021
19593
52940
52527
57769
56386
60706
29698
26832
53945
12738
49958
6895
56822
19074
19925
54819
52072
53189
20074
23862
50844
51445
26744
6683
28907
27912
16069
49826
27757
30346
27305
39269
23610
14252
54097
65530
22535
38071
27687
63606
60801
27970
19573
27435
16920
65535
18106
26768
16869
23902
65530
20771
26522
20180
58419
21177
64313
18739
25491
16730
56133
48181
19629
65384
55209
48835
57507
27360
26731
27302
18102
53368
51122
59358
38159
62247
27476
16491
19961
26232
47977
51480
25659
18168
32847
65484
62238
32248
38399
28195
59356
52489
17341
31017
37054
52920
20093
17603
28003
20657
18717
26416
27491
17095
30341
62063
13275
52041
38069
61593
36709
18166
58033
60709
38298
19125
20960
31803
61209
30275
19254
27272
23819
29278
18579
16775
19948
61184
19349
25046
26693
25675
26168
18702
61838
8324
20637
61079
62508
22615
24745
6939
62774
55117
20998
58435
61032
10122
19083
23507
53270
26681
20361
20218
24926
56750
27077
30563
36435
47954
24893
23604
27104
33896
59248
36316
64601
56840
19650
56273
54097
20519
29867
20692
47967
51861
58863
54091
26729
24850
54112
30182
23858
51729
51203
29797
58029
23943
20241
50599
36479
27305
30435
50879
49507
12885
56710
38506
14254
38314
19126
58515
64753
65527
56446
24615
33386
8320
19605
64577
38374
27928
23692
19468
38307
55822
26421
24389
53310
61002
30048
29593
27257
65476
48345
29184
50984
18709
18826
36214
6922
62189
17812
24271
28516
6776
16763
59213
22619
33865
16550
26671
10678
34727
26064
6958
20456
19250
16896
62737
37761
36002
64612
36278
18756
65532
30225
23887
20771
60886
61622
53374
65247
64841
25421
53199
26776
30074
51768
25080
10018
38229
20142
30115
27500
17117
16768
60854
59293
53970
26975
28288
23710
60787
51532
51265
53022
26398
20028
51020
19259
61269
27623
19870
38549
49688
51673
54339
37350
25449
61531
26298
8296
24190
29733
65472
51223
21115
59379
63856
27198
64286
25468
62564
51668
64437
50406
50254
25202
51429
8461
30288
18964
64595
38204
63797
9775
25323
51844
20945
56634
19279
25462
50886
63638
27989
47908
17266
53611
18858
58903
26876
52574
17483
61058
55745
62561
65532
19585
50829
38524
54121
64124
54133
9468
29212
38485
55395
64470
61501
56491
28374
65531
20393
38308
38497
62072
64990
51930
19676
63353
19960
12943
27469
16750
37671
19431
25408
20360
26086
38062
58802
65109
55727
8339
31694
12915
47741
6755
61172
24262
17114
62558
6696
56939
50967
20311
18621
38246
52339
49945
20874
65258
60795
28397
25128
59175
29075
52441
6774
63157
65532
63085
52794
62055
12884
50188
61241
50604
65531
24007
23581
27914
61216
38286
65036
20127
50941
55391
20236
25350
24057
56361
38569
53029
64789
18359
57172
56598
21017
25216
6754
64686
7155
20263
16057
55279
36547
30350
56216
30098
22593
21157
58260
60976
27302
18921
64691
28853
19001
65468
30689
51077
64954
12731
61989
62526
47645
30531
25190
19631
23452
63463
30205
38293
19534
51677
8293
65322
49302
20804
53417
17326
20076
21070
56337
38245
59388
6912
53183
49465
61738
26515
62661
25612
64742
52653
25163
25880
48187
25060
38249
17081
38586
9447
55427
62578
58036
20221
6940
63651
19642
59216
26843
53656
65507
38246
37349
61547
30413
65535
52627
57585
53772
49658
7167
26138
13443
49559
16674
26755
62844
26550
24006
19690
33906
24701
38235
19510
18589
19640
52778
28304
57596
23288
20011
53803
57697
49715
65181
19763
60768
63627
64237
22622
61283
27204
60964
49727
17389
26064
25175
65535
60985
63471
27359
21031
53184
61579
57859
24659
11505
38230
56139
65477
33208
30080
56529
50061
60864
19302
49879
13447
7159
64704
25795
28437
38332
61112
27345
63152
26535
64604
53792
64645
19035
54063
27305
49720
49779
18543
50858
38230
51595
50908
60847
31123
51045
12593
20635
51427
58943
64125
9147
59291
38239
27104
38554
27546
27650
16726
59214
55207
18932
38565
25192
51567
20068
25307
26570
15989
53263
49980
49598
37101
20809
57271
13513
51081
62811
17326
20128
52805
18417
60879
25773
56636
20173
19753
59392
27286
19228
23830
18114
20157
54087
57828
35928
24761
20053
20328
53491
55644
62391
61855
57979
31050
33992
51682
19555
28897
23479
24464
25821
52189
21063
32990
31299
26808
17302
50892
16759
23834
11869
25152
49675
51460
26639
27522
20215
20907
11270
58025
54089
18629
50347
20645
28255
51788
12926
7131
52400
38025
26389
58821
58882
34120
49529
13357
33544
24179
16914
50636
19096
58940
27626
20645
63172
23544
26450
50949
51417
64844
57742
9434
23982
51450
16726
24354
25777
26963
30404
55286
56758
38280
50649
20225
10773
53075
50039
21130
60995
63722
63020
16052
64421
17158
33193
60953
47947
7156
38229
65532
65524
9094
33864
20005
57712
32454
53070
57522
33503
58416
64273
56698
20681
50556
49361
63729
26537
9455
16013
24827
51133
49495
27444
60918
9008
13398
62755
10446
24230
61174
65533
54157
57180
30089
17666
37915
55796
38473
53279
64596
23402
25206
53060
58470
38550
37044
19184
58519
19707
33455
25294
52898
26547
20196
62078
53413
64920
30679
30136
51506
26159
65529
25041
61308
27332
49868
33323
27290
28805
25069
38293
19918
28091
19863
51331
27603
50022
60810
24133
53132
38550
64608
16938
60980
9886
51513
25533
49700
49064
32004
57794
24401
16848
61807
64137
57505
52840
32384
52544
62741
25860
23735
23793
26081
59261
30012
58742
20437
64826
50123
60813
63571
65477
27301
24225
59160
17560
13412
8335
53468
9775
62092
64444
10483
58937
12672
24485
51654
56952
48135
6966
19177
62487
26688
34728
62574
65475
49892
23452
53989
38082
59219
61578
64424
17522
51620
26605
62605
53214
13554
24707
24621
57542
20954
48098
27672
50002
18929
61551
64449
19179
26696
33753
8461
20515
24060
25033
28170
19826
28006
61604
6678
52506
57501
20510
65475
54060
53897
12917
61599
31138
17250
26761
27306
60794
59399
12828
63071
28534
62880
51440
13003
64140
9105
25447
31215
37718
55291
53312
29930
59334
17467
9889
12943
12899
33013
64411
53690
24091
19724
21042
13348
30297
16543
29691
36141
65470
23919
51342
19310
38294
47955
37840
38271
27285
17233
62081
56995
18504
17204
19942
53187
24171
51030
16003
53390
9215
13012
59217
7174
23460
33373
65475
26634
61190
62162
65318
20135
19622
30431
30000
27050
32526
20934
52485
13453
52325
12642
50009
62262
36955
23674
23405
53160
18971
64181
38267
53321
24720
63387
65485
65400
60711
16665
38233
18303
29587
30333
18695
29638
18421
54072
51324
16067
23886
64122
64817
18066
14247
24672
64227
64646
58023
61979
48214
25431
6743
22628
64977
51162
25872
18705
59164
27433
63671
52496
13137
31673
63504
27270
54832
60760
65476
54135
20218
38232
49918
24635
53031
38296
11082
17608
21125
27870
16067
27195
25052
51577
49704
65531
47903
20097
58099
8434
51360
38245
50973
20412
61532
20152
65501
19721
60938
49575
15956
58874
53375
33538
29117
38224
64300
19758
56492
18086
49676
63475
17055
29945
25281
31608
18016
36890
63639
28811
30658
16764
20642
57294
23440
20643
50748
57809
53843
33472
38164
62551
37788
65535
27286
24757
25757
50736
22585
26662
19768
35970
29973
25149
27341
26175
54045
57630
55081
18923
56374
20457
57793
54188
58190
54073
55507
58020
21146
65470
24957
31470
50106
20850
30409
18060
26793
18612
53189
37184
18602
52215
10087
23701
57619
25425
13123
24666
56912
25861
21102
26861
18542
17244
17913
26630
56684
50690
24729
28290
31753
23313
26253
60953
47893
18942
62777
62381
49997
36915
65005
25860
53781
18900
19736
58437
59327
20367
60854
58848
50335
65068
60779
26759
62584
17199
38245
51989
63905
49454
20133
47912
25865
50455
23310
29631
53680
56444
26874
52721
18398
57536
27197
50875
51426
19805
6730
64299
27285
29855
50821
62192
62561
9238
52159
27588
13022
50142
24343
21155
32374
13498
51553
27261
64663
29956
38065
65353
16797
51414
9209
27178
51088
57980
26625
53166
26105
49966
64466
61160
33879
51578
53881
23958
18293
57753
61946
9115
24504
16765
20288
61541
8563
61092
38284
26917
18253
50047
24897
27285
50776
26861
64966
33457
19486
28675
18459
18352
50694
19964
38486
52732
20212
61932
19904
13026
62856
64227
17141
17145
58004
51393
38502
61174
63283
56363
20722
18878
47638
24049
50298
37673
62876
26664
64644
9927
20327
49677
49794
21099
52925
52954
26478
51380
24903
20210
58447
27301
24291
38485
62285
64812
49630
60743
6695
55316
57096
56615
51401
50263
13558
51644
65535
20652
6697
65473
16001
20995
29957
49707
25110
51511
9168
65532
59412
64800
57831
20617
18256
25856
20432
38369
23297
12570
18528
16875
55649
30325
38244
17824
30086
38081
24687
18622
64371
65450
50014
63670
61916
30537
27238
25226
12434
52349
18478
52992
65484
62738
50272
38290
61223
6888
23828
50888
32345
24014
57577
64595
38277
13413
28143
20978
62237
29515
65472
25070
64772
52782
20145
25748
15975
33802
18714
64074
20146
52871
27339
16867
20687
57546
64044
20651
36635
18030
58947
64828
19556
18122
62229
55113
59323
51590
38230
34028
20901
23896
50882
50358
29448
63552
23300
25671
38394
13452
65473
33070
61943
28010
20621
10116
64056
17270
24582
36210
25116
60975
15968
58383
62761
61547
19518
50266
50028
57484
23545
58884
23900
9500
23951
57638
13536
27175
29842
16681
33117
18036
52752
60769
62759
13541
16960
19194
20055
26600
18313
10566
60784
65439
51107
50289
62813
51648
21042
51705
26067
38455
51551
18241
27022
60764
53847
17216
50200
31049
18130
10360
51199
65320
62706
16009
20979
61185
7172
60894
51113
18814
9088
26423
58029
36778
29575
60926
49319
33996
31018
20220
62691
51528
52705
50718
38249
53274
53044
25712
52932
24025
57579
51442
27222
56244
30158
65532
32368
28778
21077
8967
26365
17950
55394
12830
48340
51149
49617
60849
10176
23488
61151
27180
6920
22591
53538
32247
63457
60978
53026
36817
13562
25337
26611
20474
62580
17179
60811
37066
49977
26776
19503
61181
61005
64360
25473
16767
55405
24944
21096
29792
57517
30946
51355
21208
9991
26348
18345
16490
59176
20119
51498
56487
6939
20094
37746
13425
61168
26500
52552
64983
9709
65475
23503
27311
28445
25287
51896
36537
55576
29849
28978
28467
53098
6770
52649
33749
62874
53455
65478
23850
8458
17958
38174
27306
65476
64266
17951
61617
58796
62216
24014
25689
19335
51925
20092
18726
33989
61227
49484
50040
16687
16722
20147
30177
26979
49407
63041
19492
13009
18702
58035
53287
64417
53188
19137
56098
64449
38072
15981
19208
50159
37175
27818
63129
27265
54764
63692
18749
51578
62893
33821
33493
6760
60968
49912
58235
21056
18566
61274
57811
31416
64829
55165
62163
38505
29603
54136
65158
11742
18443
20146
12452
26633
7226
24435
30733
38225
25558
24538
38230
62070
24245
32956
57826
23797
38550
23726
23531
16941
24575
30745
9929
25546
20225
26441
62191
26629
16880
48196
56512
17173
26617
51529
16715
26575
56489
18495
38229
58643
23356
54091
26564
17461
53447
65476
62741
27397
53322
27495
57352
62912
54418
60746
20734
49981
59392
13550
59398
57705
24589
20205
27498
63920
62716
20654
54113
59345
61971
65475
60934
33332
25751
16914
25868
53221
24151
25254
29169
27222
50121
38506
57949
64549
52279
51231
34128
27275
20604
49639
23283
16542
11941
20975
8338
33227
16680
24652
31025
54652
38121
62191
23368
62848
36035
38553
18641
59363
23345
62372
16990
59178
26569
52510
29810
49324
20437
27273
62464
61578
63624
30387
61598
26825
7228
56628
27313
50944
25429
53653
20152
63523
52401
52641
25909
17537
56588
50583
27108
24345
50153
20253
27773
61126
13568
23723
33545
38204
26068
61587
27274
62534
28626
21111
9229
52097
61585
26852
58818
51518
17362
28794
33769
51967
9402
30306
33513
58440
20000
20164
53292
59248
26495
13517
49938
23363
25583
65535
63525
27302
55341
57104
26559
17506
13455
63314
24802
30496
15956
31085
6937
27354
52570
8754
24663
29451
26522
63911
18280
9160
38746
65234
62038
26585
10035
27472
26492
65472
26787
33991
64226
24301
21171
36397
54075
19053
55193
18195
65481
25515
23417
58629
6781
29912
62230
61172
26642
17143
6738
51633
20211
61049
48065
33673
16005
18158
59211
29781
12589
57505
20848
16873
20763
25454
26451
51296
20165
23801
25392
61274
53337
27080
27541
30027
26775
21203
57626
30210
18405
62571
26558
52272
16783
51812
27070
51638
62675
63412
64447
28691
13531
20349
36738
18723
18351
61170
57705
9097
20022
61262
27267
63565
58545
26287
59249
53197
17218
25577
17805
58515
63686
51222
59219
49894
18522
26686
65463
65535
18739
27305
26464
33476
57321
20668
53118
26382
24565
24362
52848
53355
64478
9181
12709
13076
29744
50970
51661
36744
17475
38018
20027
24832
53205
25680
56363
58557
52253
6961
26497
7171
36261
62744
27817
29540
19545
65530
65530
57544
55635
61622
65475
38264
27290
47809
30017
26646
17469
25909
26838
62194
9947
24979
25019
64114
51144
20720
58789
55194
53301
29195
53808
34721
20277
8441
59275
6743
19814
38312
30452
65470
17150
18662
65477
18112
51707
61220
16555
23975
55059
16712
20688
16563
26056
19511
53692
26158
38229
51059
49787
64374
50248
27226
57623
51685
57451
12488
49258
47999
61806
13006
9060
36681
27336
16665
60955
63562
52170
64228
26652
20232
27831
60741
51624
27475
28833
13321
34127
62369
51828
23457
62379
63877
51779
15967
12576
12866
50892
49948
65524
57729
58092
10791
34727
27033
33785
64323
16973
15984
10931
55386
64362
23646
23494
38300
65531
6935
49296
61151
25143
58525
6946
64534
50234
53425
26612
54162
13421
17373
60752
37908
28089
20491
49714
59219
25436
64020
61838
21036
62361
17302
23299
6843
26699
57389
48101
56751
65530
27268
62168
24110
23399
64112
19976
55044
20619
16869
38235
27965
60710
25048
64344
23679
27649
25210
20158
65438
57657
64133
59343
51070
49674
20261
33884
32193
51175
47651
38229
25011
25106
52931
13445
26959
57512
21211
26659
61056
57582
29712
34734
62133
55382
55252
59178
38233
27034
24414
65471
58731
38618
19273
25271
19546
38250
53781
51472
34730
57556
27578
58602
49426
20332
62189
37086
53283
61203
61157
17141
29551
33801
51430
50036
49791
19545
24834
53833
24929
20882
30243
62213
65532
61583
26741
27482
51492
21031
30443
34147
59183
26825
51292
57471
18842
27096
49473
56691
55138
25660
56239
28126
23351
53908
13359
24748
21104
49849
65485
51477
50164
61898
53025
23994
38162
51040
16665
30079
17383
57691
36771
60794
65456
55561
61300
12901
52632
18937
62638
53445
64133
65486
6703
58807
20268
50282
13392
27996
25913
57176
8416
38324
16737
30984
62674
60582
52962
27527
56164
20401
36592
24759
54130
16542
51709
47770
21023
7182
28029
64068
61265
13018
64326
20789
27404
27127
25357
29707
64607
62909
27300
28085
9215
17212
17287
50617
56936
20778
32006
63836
21081
17134
12822
27028
48223
64929
54172
30410
26659
24330
26181
51714
38249
19559
56797
53529
16804
65532
38293
50009
57685
30652
18779
47793
33832
52596
63343
64933
53242
21003
26051
65501
51000
62251
26588
24252
53253
25883
51824
15969
37037
36108
27431
20428
55996
36588
52758
51574
50649
12579
19328
27184
26616
63732
57515
38439
52292
57477
65494
17990
38486
19322
34121
13010
60995
53553
56765
65531
62026
64130
62353
49457
17495
65413
55352
61025
55467
64743
21126
29709
51338
16738
19580
25419
13447
38471
16535
27357
26330
17628
32236
53366
57907
9673
7129
47855
36919
17270
61211
49551
27277
55249
49336
53773
59388
47640
63713
50393
58428
57637
26471
19749
38245
24967
29614
65470
18413
48153
20858
33311
26627
20637
64923
60741
17437
16872
53113
24325
65161
60881
16900
62565
25422
62941
27389
34737
62238
23908
34015
52790
16071
38406
23281
65535
49929
38476
37831
17860
51517
64034
18023
27026
19352
16761
29204
38485
23628
17983
63640
65529
54199
64485
30144
65446
50053
25876
49573
25315
62477
54119
27286
48186
51153
38417
23965
33517
59208
26642
50003
63699
25315
27102
26657
53749
60751
19842
64159
6677
38501
27310
31627
65404
18931
49451
52764
54139
34010
16056
62342
17341
53306
28005
30131
56807
30767
17045
61544
16715
29358
26788
49537
54513
27301
60779
37069
50540
27984
57515
12924
32209
26906
17182
61182
65334
60944
26382
36643
6958
18959
47906
23883
24899
25201
8413
51194
51366
38119
60973
64590
10522
56922
60999
65306
30550
24309
20999
19171
54304
51550
60756
26920
28203
58082
51821
63161
57102
19430
54212
60812
49359
26517
32086
62715
28583
30356
52660
63767
17919
61308
51117
16709
38372
52296
50243
18888
25471
28044
59341
57680
28782
65231
24655
20698
50700
35948
64648
62175
62175
62653
19757
20649
57990
18076
51084
32563
25866
29092
28154
16758
48070
49606
23348
36727
27297
52248
33724
17071
54164
25694
51752
53048
16563
63505
62768
61831
65535
60976
33979
10791
63026
21032
35885
30917
12420
33884
33764
48350
65416
30362
57008
19973
36963
26274
12889
65079
64030
65456
64969
19647
25087
20160
20204
18337
38246
20304
63063
63295
33501
51656
24950
62767
25487
18951
26520
21329
25344
55038
61259
18097
55596
20683
57627
18408
28851
20334
47845
36197
32861
61914
57177
47810
26609
37926
26980
38262
19879
48201
26742
20225
20471
59409
62055
59322
38218
20220
57958
19022
26719
56197
26371
17198
36105
63118
19986
63480
23711
18227
38166
32171
27302
24927
12898
60806
33086
20523
27186
64201
52853
33528
8295
50792
53649
58527
24702
51837
6951
65496
38550
52378
24166
51282
60587
55345
55527
28059
19382
16784
53453
38335
48244
20950
57184
19604
50957
28388
28949
27473
54257
25882
58855
26590
19393
20160
7167
31567
30992
18410
50071
55905
61233
38318
63061
20865
18221
10876
58075
60851
26079
33401
18176
26684
18154
10311
51966
24220
55010
60759
65490
20300
24280
34043
61189
27148
18582
19008
25852
33164
51525
36802
21039
24531
52172
37000
24430
16740
48165
26853
49792
56330
48356
16556
18151
55348
33341
20118
13007
63162
58882
20647
34739
33218
23780
27114
57308
17172
25537
18531
64350
36662
13102
53620
8414
58246
56777
18686
53479
20947
20339
38310
20499
53913
26727
6691
50351
52322
6766
6776
38022
16961
28879
38489
38234
62310
64049
17232
24389
36574
63364
9851
18964
56441
50778
30254
49993
33576
7149
20473
57524
8482
9155
19777
38385
53200
58017
62057
33830
65237
20836
51326
53168
26251
57601
62876
9138
26938
65470
20492
23448
63505
27138
28253
13004
49571
53015
25299
25855
24125
31552
14244
61927
54697
64135
20174
17957
50660
53177
6730
28385
58372
30491
18013
24374
49636
28951
17489
49442
30056
62766
10126
56263
25332
33684
23413
65456
32876
26988
38246
9237
16869
6813
22644
62445
59406
65528
52345
23283
33554
48237
38236
26414
62454
57298
6690
11300
59391
38071
29507
23300
47987
26254
33798
26086
11883
29921
29774
13004
61578
27317
28342
8626
25188
34809
52868
27292
26434
52873
48089
62775
47627
62467
30029
62173
33879
24465
25761
38522
53359
57396
21148
53451
20622
25599
17932
18205
58011
61535
65531
7165
52984
26072
53331
38259
47801
48022
33317
49902
25267
56523
53890
23496
20941
56865
57271
25744
37848
17162
20646
38285
60783
38233
63535
24890
24443
62121
55451
25850
47870
65415
26292
60975
61927
50009
54191
9936
63219
50591
16757
62860
18230
38151
27605
17290
32686
65472
23867
17264
65508
63649
62992
31651
38171
33445
55542
62623
27350
25230
36871
64577
19945
38284
56908
59222
52479
50226
37008
48018
58028
21333
27318
50048
17770
65455
58501
56881
50181
38309
64789
64466
27551
57421
31076
27515
59197
61584
27306
6851
64047
26587
60863
25079
33633
62372
52385
61974
55275
19364
28827
57792
63845
27416
48027
26474
36292
65371
31417
47771
63239
65473
26724
20283
30337
55131
32144
62151
24491
19613
61587
48138
9445
20144
23616
17055
10529
56165
20448
65477
7170
50902
49737
60771
56137
30889
16845
53787
58323
38502
18178
54279
58046
57696
30408
63573
56650
63555
20176
27207
8339
21163
32134
65532
16539
52799
58804
58476
12788
59356
37880
24161
31043
49652
18694
65451
65494
26722
17287
50862
58016
17401
27542
25094
49547
51806
27309
24615
65483
10392
7142
6778
9859
9154
63663
55511
53252
63599
65456
38210
6696
30907
49327
50179
53517
55068
26771
38228
24574
50587
51662
25290
9107
62748
24724
28238
12933
62573
50860
34712
51180
20218
64674
64597
23986
24609
26611
27305
54481
38227
11951
30319
53342
58811
63011
17967
18347
31363
18855
58032
20165
33158
59253
25874
33353
57532
38092
53380
38233
19156
33468
12897
56784
13374
51573
49841
38529
65504
35988
53078
20966
26120
24718
38193
47766
56831
19599
20648
19295
49960
27482
12918
56814
26175
55390
50173
62699
30375
26904
26237
52377
53765
47731
27197
24432
38502
48033
30360
20826
24052
17225
60583
6810
18809
26273
53248
25873
59377
49625
27281
38465
26910
65456
9065
6784
26557
60764
65530
27244
26183
61540
20718
26524
38309
6777
6770
54760
50874
55050
63055
58901
63437
53820
60814
51838
19812
20232
56450
47780
20200
17881
65456
53839
25745
18158
65253
18741
27271
19306
56590
51411
30067
23556
63646
27323
13229
61529
65427
55294
12901
23873
62753
20041
34879
20462
56600
26745
38096
49875
18301
23412
50228
16735
55540
61071
60958
12518
19347
53617
20508
65471
17328
60829
9166
27946
25120
33811
17641
36704
7136
64705
36001
9116
53409
53704
31387
48269
51603
55345
49978
61614
54267
38352
17928
61155
57959
27252
49975
15957
18889
19647
50240
24734
24777
27424
25261
36619
17310
62597
16902
23864
20000
27024
27050
26780
20146
16684
48337
59379
27429
27306
38234
36239
27075
65401
38322
65369
12710
20497
56656
65472
16544
9217
19372
62980
26238
20842
18580
16665
65531
65501
30867
21107
34030
65171
26696
65453
8394
49746
53278
20453
64643
50406
23803
55425
8336
51522
37836
61304
51461
24786
24391
38477
20885
29876
25488
61230
16676
60765
50372
51236
26887
33237
16879
29824
29864
16556
9326
38489
53985
16056
29607
62682
50367
17246
56253
24520
23656
27114
51572
17164
26510
19285
62236
20660
38505
64877
8307
27520
53677
51206
65471
62743
52558
64768
16879
57591
19442
61537
65535
19625
19106
51771
17332
8350
65477
53647
62166
65531
26460
63274
18680
21202
65468
20270
33676
50219
33370
57444
38506
18311
37668
23512
36709
53411
50884
23442
17858
47916
64880
49329
29652
27049
8372
30348
32241
51407
13562
32256
30060
8682
52684
22584
52842
9600
33399
26294
62108
65531
62076
29911
7149
59179
20638
21047
63546
19829
32809
32177
64287
19171
33719
65531
16562
29223
55468
7153
61552
16533
50811
63536
20007
38050
56901
51939
58796
29116
20409
32929
65470
16710
26967
27172
25349
34010
24438
32167
55643
8372
24772
29903
13429
65532
18858
27237
25263
19201
16818
20615
62589
50820
55521
20647
55537
64156
53655
29696
16541
33284
50336
16530
58937
13347
34025
15965
64857
24811
55441
18388
65496
53778
47645
65477
38485
19283
20274
17313
25403
62659
18117
58788
62217
25246
59233
51596
53081
63071
25580
56975
25659
51369
12707
59396
19422
24206
19223
30355
64597
17314
6677
23563
6957
56501
64048
24048
23426
57570
20446
19453
60757
49583
19848
27226
29542
57732
61081
38554
9356
6945
60592
65532
20757
65532
20243
12935
55755
51533
65468
60774
65530
63572
50134
8348
25897
64346
28978
64808
57687
20472
25095
12039
23352
12392
18161
48257
29567
59320
37930
8415
10071
32282
27222
61074
65477
17313
28829
50066
26983
31124
51421
28183
64659
65344
15954
16562
38250
8433
38298
12613
48113
16796
19934
64729
26372
27306
18434
61183
61541
60865
60792
61547
52205
65531
38293
29727
57881
36405
18062
23288
23290
57817
25741
47780
34109
49289
9522
24099
18193
18428
19891
65477
26297
24873
65532
6929
20810
24752
65472
50872
53260
57979
25337
23841
30320
64798
18350
62008
52259
26827
20365
53828
26575
19732
30093
58885
64596
64957
20677
16855
20502
26813
20971
61175
33420
25753
47723
32401
18047
64622
16012
27205
61591
52616
62066
18048
38326
19695
16564
57562
53528
9176
65441
19244
65465
33843
57510
65535
27045
60854
20266
52384
10557
65371
55299
23410
18850
27409
54930
51904
28781
48176
36944
65535
19445
49549
19461
38324
24319
28036
57374
18962
51487
17716
17463
53589
6893
31065
27033
59201
27015
24105
62670
16676
61169
30469
28190
26129
49925
21129
27180
23886
27357
59384
57516
16837
26065
32355
16734
61131
60589
32061
55522
23297
24270
18477
65332
64662
12767
27363
24091
56743
53527
60872
18824
65532
33655
24993
60951
33769
32678
19187
65450
50019
12913
33861
20706
48081
37182
38550
63374
20120
37117
27119
18606
50866
27781
60960
23363
28568
8887
16859
56917
18681
27115
20145
25329
38246
6781
53983
7141
52820
26875
27653
10222
20210
26841
38313
13009
32390
65472
20132
21210
38231
51018
27260
18236
27379
18669
20499
57538
27191
27074
52699
59218
60797
17031
28057
55738
65473
26852
25628
62356
22607
64610
20449
55047
17297
49613
54379
25793
16834
51805
20326
55272
56079
24916
54084
63417
32827
54175
57893
20381
55029
28379
6892
51701
57876
6944
16933
49685
18103
33384
18174
50673
38297
38313
58657
35890
62663
20821
18203
56882
60981
18956
24300
33692
53030
19825
62165
54217
21028
25259
30665
63429
17216
32073
62358
63625
10564
63077
25483
65530
25511
31466
63496
61156
30404
56465
26552
26074
38127
17314
56699
13510
61826
51502
58802
55420
38108
50938
20470
62889
51713
60856
9104
62137
20165
51584
17011
20707
12918
65535
27923
47816
21166
54090
50473
27988
20492
51992
38490
20247
64591
27210
18231
59380
30647
55676
34083
65157
28442
23789
19912
52952
16955
25873
50932
16854
64810
64297
27535
65530
61264
27075
18909
23554
52166
28771
47963
62269
51568
26674
23830
24454
57587
65531
17734
47649
20496
64691
6922
9216
17821
29289
63166
51373
38313
17392
17206
29325
18767
20207
25411
62782
50909
65477
56574
25093
24856
25224
64066
34126
18575
56915
56193
38230
60830
50822
60782
12635
33848
49814
9497
27546
49967
64247
27301
58642
65530
33096
25854
26441
53603
65474
51852
17079
29048
61243
53760
26973
28285
26134
38194
16998
23276
27255
19068
25594
25285
50722
50267
62661
6976
9207
27174
64052
24883
30528
63412
31002
26987
36657
56388
51064
16005
61600
27117
62747
21117
39249
64728
16540
61992
26346
23880
29732
10749
26144
58031
20522
62554
22605
38379
16822
20133
25879
49863
53469
26071
16537
57732
61042
51385
47866
56533
33877
64403
52270
52304
64028
17518
64130
17526
16875
20610
19500
62168
33913
60716
51368
18243
17985
61932
63575
31779
24276
6703
20236
61589
54285
25317
9532
38320
53304
50000
19112
18643
55629
18550
61180
19087
31094
27185
62747
27307
65455
62461
62588
21123
53701
62611
65530
26577
38489
36823
30990
20259
60942
22629
59390
21036
62180
57094
25379
63867
19933
21002
64203
56519
62649
60967
38230
53696
51713
18002
27259
65532
30235
59319
23357
16934
18489
18429
58033
56780
26974
25083
25677
55806
37748
25743
51105
20049
30541
52048
60867
62301
50146
59361
20023
20988
28509
27658
13108
49447
22649
64718
49680
29069
27306
62580
65535
19878
19561
52958
56782
53541
25388
62361
18042
64031
57181
25553
30034
19380
50324
18110
25755
16778
20475
52053
62508
58944
50833
51874
24637
36461
59178
38104
51469
38468
60871
65477
37676
27181
65456
27300
60902
56803
25539
64233
61830
24548
6695
23280
17831
17397
24001
19773
56869
30025
51973
29501
54214
20398
65476
27974
62365
16873
65002
18128
17099
9143
16871
16726
38549
24604
57631
53335
51474
62732
19289
30364
12084
12911
53861
20992
7160
64125
65422
28137
54807
48256
50772
11274
27699
59360
29114
51549
62614
62685
61538
53887
52055
21036
27995
38550
20447
65532
28187
62523
65532
25310
34060
57868
63381
24013
56638
27249
62268
20516
12942
56563
62087
27083
36339
28240
59392
65530
15785
62473
49682
51386
18744
6730
7155
24081
33536
25012
17211
28223
18494
19018
24035
26383
61182
18874
17222
26542
54544
27799
27508
63879
17129
19850
21019
26502
23915
20435
36497
58709
23506
8371
20117
65485
26798
56884
47974
30105
30586
38489
49565
65451
26972
7136
24933
27512
23281
24897
12921
18397
65457
51562
38234
48193
26893
58958
64309
56323
52319
11388
26587
61303
16714
12630
26149
53641
52421
38306
65531
37750
30003
65380
8443
58892
29236
31097
19249
52359
55332
21064
27301
48116
36648
13312
49632
20417
34103
61189
64598
17499
28218
26273
30570
53646
13210
31278
47945
65476
65471
65531
20447
65532
20404
62490
56418
38089
27857
52981
54198
61600
61069
27744
16944
9162
26888
13353
53457
54451
26392
33128
23676
12807
65471
64330
16875
28281
51229
9123
29932
65530
65531
64673
9169
51436
16863
57899
25223
25790
64855
56759
54224
60952
53381
39258
27308
61172
65476
60744
62362
53390
55318
19221
59392
56453
62579
16667
33486
20694
57020
36577
29747
63701
21002
38293
24866
47850
20658
64817
31204
65532
58314
51303
38229
29039
51187
62816
23683
31593
64121
25465
60590
51585
49664
18517
27980
59253
23686
17570
36228
24094
53401
53263
58160
19095
28449
60758
26567
53995
9837
20501
54610
25289
53301
57264
47933
63978
51614
58381
49638
20753
63685
6677
16806
64591
16561
20802
65455
58513
30250
32477
51358
31539
32042
59191
60817
17847
25151
23713
55043
20166
32378
15960
57477
23350
25892
24483
63396
56397
18787
50917
26652
33660
62278
50899
58045
7169
38268
13285
30548
62098
58681
51158
58946
18078
51767
6886
25367
24185
60833
49481
21174
16899
26098
21113
49938
64671
51409
54877
30258
23414
12892
48135
38502
65413
18637
21221
57640
62573
25713
16001
53392
59337
23875
51679
13290
29020
56505
55682
20262
20382
65243
25886
27033
23890
65471
51496
25431
36865
20100
65183
27608
25168
56832
20954
26736
12941
26668
25278
23932
62595
18871
49395
24074
6761
57806
53496
20129
64832
18464
27080
57949
50972
26424
49341
16888
27282
27403
51072
56380
61189
61838
59258
23970
19038
50927
57553
61176
55183
65471
61844
58681
58502
64773
30436
27315
50400
24202
29899
63389
27187
23596
54002
47922
48127
12882
47979
26531
52145
36021
51320
47843
24157
50311
18796
31064
65006
47724
50863
26224
26107
64909
29800
65452
65535
26146
27040
19854
26471
30126
62583
12935
18592
60583
17399
65331
18672
49713
28009
65535
57672
27261
65476
38234
12685
21092
16914
26416
17073
29495
27500
18768
49790
62791
32023
20402
56706
65452
25842
19732
18249
20938
49445
53229
29228
62735
27518
51108
38028
30341
6974
33585
59370
26846
56293
51665
16772
19294
16854
10581
65477
26073
49768
17616
19369
36970
38047
56138
29336
17884
19785
60582
38250
62772
49975
49792
20256
55094
38293
64852
6972
27304
38319
20411
60982
47830
16903
56664
65453
62827
52201
38283
55990
58819
7160
65256
25384
20622
57372
26295
25909
61815
52819
48143
26063
12655
51862
49932
53590
54218
59264
10829
49683
27142
18836
57594
50223
51830
64184
64900
65531
60991
16004
30890
27292
51351
60761
62083
63356
53777
12610
33281
49998
58608
6877
30065
16574
54250
16574
65531
59296
28464
25418
27480
27306
50817
25156
62691
20685
63824
53340
61075
58423
31523
51691
61254
12931
12917
26540
57698
29839
65161
37730
18456
64909
16574
27418
50205
18773
64994
33595
63454
7131
17373
29738
38249
20198
33415
50000
21105
20195
24816
19820
59219
18178
55175
50870
20505
30241
28327
18454
17307
64422
16872
52371
52464
15975
51801
20846
27179
25843
33008
56778
63960
28314
20428
54258
56389
26624
8955
16844
12928
51181
64911
30476
36320
31908
27202
50399
50818
8402
27164
50154
18563
57382
51170
50714
24781
25586
25053
28009
24282
60816
24208
26968
10136
60865
19977
26620
50920
26365
24423
65535
32934
6795
19124
53066
56293
19687
53827
64186
30168
52693
53487
20703
28219
18981
27301
20994
64891
16988
62140
20825
17162
53204
9249
27051
21138
65472
20159
12778
24744
63645
60909
58301
64305
27537
55029
62484
22633
55389
64879
19528
49393
65470
13443
51534
17970
25608
53286
38554
48339
17328
60968
38553
50999
18842
61914
49556
51248
23968
29263
9175
17132
38298
6750
19797
64785
26691
50142
59365
21147
23481
64280
12183
13364
26899
23750
11448
16895
30609
24486
24238
9369
23547
57153
12718
29337
58166
12889
52287
26583
65250
63515
24600
54183
13564
18316
65532
27178
22579
38310
61255
13046
38074
19530
28481
64157
50070
58015
23760
57002
61049
19332
65535
20522
62903
62053
9139
17726
25813
20515
50892
6697
63641
51614
34743
23353
26086
16023
38144
52886
38485
23602
9235
34113
16544
6919
56770
19126
10826
27325
62177
26396
56005
23866
58911
20394
50864
19067
51213
17058
16871
58780
16761
64370
17260
65535
54156
20136
65487
47655
53671
54066
32072
8438
16535
19396
23611
26829
20978
38252
58832
57168
57604
23631
26074
27289
27155
26179
61252
63450
48032
27241
26623
54105
49462
27199
50991
20738
22638
53497
31032
21035
17076
16762
61166
32986
28357
52291
38310
48091
27412
38226
62718
17252
52821
58001
25638
52976
62649
52206
20066
48082
65476
65535
13514
30047
