2 256
0 0.0118355
0.0118355 0.0193211
0.0193211 0.0230157
0.0230157 0.0251803
0.0251803 0.0281342
0.0281342 0.0305163
0.0305163 0.0327001
0.0327001 0.0346728
0.0346728 0.0366464
0.0366464 0.0385405
0.0385405 0.0400584
0.0400584 0.0414922
0.0414922 0.0432609
0.0432609 0.0450414
0.0450414 0.0466597
0.0466597 0.0476594
0.0476594 0.0491787
0.0491787 0.0503488
0.0503488 0.0522058
0.0522058 0.0532643
0.0532643 0.0545761
0.0545761 0.0557456
0.0557456 0.0571509
0.0571509 0.058327
0.058327 0.0597384
0.0597384 0.0611872
0.0611872 0.0621629
0.0621629 0.0636306
0.0636306 0.0654168
0.0654168 0.0670391
0.0670391 0.0683601
0.0683601 0.0700697
0.0700697 0.0716058
0.0716058 0.0731197
0.0731197 0.074765
0.074765 0.0761954
0.0761954 0.0773379
0.0773379 0.0787593
0.0787593 0.080052
0.080052 0.0816456
0.0816456 0.0829012
0.0829012 0.084298
0.084298 0.085802
0.085802 0.0872759
0.0872759 0.0890158
0.0890158 0.0901548
0.0901548 0.0916871
0.0916871 0.0936125
0.0936125 0.0952514
0.0952514 0.0980427
0.0980427 0.0999796
0.0999796 0.101409
0.101409 0.103327
0.103327 0.104835
0.104835 0.106561
0.106561 0.108172
0.108172 0.109942
0.109942 0.111585
0.111585 0.113534
0.113534 0.114883
0.114883 0.116039
0.116039 0.117537
0.117537 0.118864
0.118864 0.120529
0.120529 0.121888
0.121888 0.123117
0.123117 0.124326
0.124326 0.126059
0.126059 0.127118
0.127118 0.128435
0.128435 0.129942
0.129942 0.131311
0.131311 0.132484
0.132484 0.133612
0.133612 0.134772
0.134772 0.135957
0.135957 0.13732
0.13732 0.138529
0.138529 0.13972
0.13972 0.141045
0.141045 0.142311
0.142311 0.14361
0.14361 0.144704
0.144704 0.145698
0.145698 0.146983
0.146983 0.147971
0.147971 0.149606
0.149606 0.15076
0.15076 0.151463
0.151463 0.152453
0.152453 0.153574
0.153574 0.15424
0.15424 0.155469
0.155469 0.156602
0.156602 0.157755
0.157755 0.159043
0.159043 0.159693
0.159693 0.160696
0.160696 0.161676
0.161676 0.162464
0.162464 0.164103
0.164103 0.165119
0.165119 0.166307
0.166307 0.167645
0.167645 0.16835
0.16835 0.169722
0.169722 0.170868
0.170868 0.171894
0.171894 0.173262
0.173262 0.174374
0.174374 0.175678
0.175678 0.176399
0.176399 0.177496
0.177496 0.178828
0.178828 0.180228
0.180228 0.181459
0.181459 0.182638
0.182638 0.183867
0.183867 0.185578
0.185578 0.186924
0.186924 0.188417
0.188417 0.189267
0.189267 0.191321
0.191321 0.192305
0.192305 0.193533
0.193533 0.194356
0.194356 0.19537
0.19537 0.196842
0.196842 0.198215
0.198215 0.199905
0.199905 0.201025
0.201025 0.202436
0.202436 0.203985
0.203985 0.205805
0.205805 0.207666
0.207666 0.209281
0.209281 0.210775
0.210775 0.212872
0.212872 0.214654
0.214654 0.217361
0.217361 0.219833
0.219833 0.223088
0.223088 0.225983
0.225983 0.229459
0.229459 0.232249
0.232249 0.234752
0.234752 0.238646
0.238646 0.243004
0.243004 0.246133
0.246133 0.250817
0.250817 0.254583
0.254583 0.259648
0.259648 0.264007
0.264007 0.268399
0.268399 0.272438
0.272438 0.279022
0.279022 0.284074
0.284074 0.287881
0.287881 0.291649
0.291649 0.295189
0.295189 0.29959
0.29959 0.304908
0.304908 0.309404
0.309404 0.312725
0.312725 0.317425
0.317425 0.321822
0.321822 0.326267
0.326267 0.330488
0.330488 0.335224
0.335224 0.339537
0.339537 0.344333
0.344333 0.350228
0.350228 0.353837
0.353837 0.357531
0.357531 0.3607
0.3607 0.364455
0.364455 0.368403
0.368403 0.37283
0.37283 0.380328
0.380328 0.385957
0.385957 0.391195
0.391195 0.396407
0.396407 0.400462
0.400462 0.404996
0.404996 0.409004
0.409004 0.412955
0.412955 0.416059
0.416059 0.419404
0.419404 0.421029
0.421029 0.424878
0.424878 0.42798
0.42798 0.430535
0.430535 0.432784
0.432784 0.435064
0.435064 0.437481
0.437481 0.439377
0.439377 0.442016
0.442016 0.443731
0.443731 0.446364
0.446364 0.448042
0.448042 0.450975
0.450975 0.453012
0.453012 0.455101
0.455101 0.458256
0.458256 0.459631
0.459631 0.461654
0.461654 0.464059
0.464059 0.465937
0.465937 0.468409
0.468409 0.470385
0.470385 0.472674
0.472674 0.474825
0.474825 0.476638
0.476638 0.478132
0.478132 0.480037
0.480037 0.482299
0.482299 0.484225
0.484225 0.486401
0.486401 0.487832
0.487832 0.489624
0.489624 0.490904
0.490904 0.493153
0.493153 0.495223
0.495223 0.496564
0.496564 0.498339
0.498339 0.500065
0.500065 0.501913
0.501913 0.503259
0.503259 0.505239
0.505239 0.506605
0.506605 0.507896
0.507896 0.509496
0.509496 0.510745
0.510745 0.512613
0.512613 0.51522
0.51522 0.516379
0.516379 0.518181
0.518181 0.519666
0.519666 0.521159
0.521159 0.522814
0.522814 0.52499
0.52499 0.526419
0.526419 0.528908
0.528908 0.530973
0.530973 0.532576
0.532576 0.534508
0.534508 0.535846
0.535846 0.537928
0.537928 0.539162
0.539162 0.540897
0.540897 0.54316
0.54316 0.545549
0.545549 0.549123
0.549123 0.551868
0.551868 0.556589
0.556589 1.79769e+308
0 0.189623
0.189623 0.212482
0.212482 0.239668
0.239668 0.267473
0.267473 0.295641
0.295641 0.333229
0.333229 0.350654
0.350654 0.360926
0.360926 0.373811
0.373811 0.383595
0.383595 0.394257
0.394257 0.40083
0.40083 0.408099
0.408099 0.412818
0.412818 0.41946
0.41946 0.424197
0.424197 0.427887
0.427887 0.432875
0.432875 0.439002
0.439002 0.443318
0.443318 0.446164
0.446164 0.451095
0.451095 0.457518
0.457518 0.46029
0.46029 0.465447
0.465447 0.470424
0.470424 0.475633
0.475633 0.481839
0.481839 0.488476
0.488476 0.496467
0.496467 0.502679
0.502679 0.50639
0.50639 0.510977
0.510977 0.51598
0.51598 0.519384
0.519384 0.524128
0.524128 0.528748
0.528748 0.531303
0.531303 0.536283
0.536283 0.540792
0.540792 0.544062
0.544062 0.547297
0.547297 0.551634
0.551634 0.554182
0.554182 0.556704
0.556704 0.561462
0.561462 0.565102
0.565102 0.568665
0.568665 0.572569
0.572569 0.575345
0.575345 0.578542
0.578542 0.582255
0.582255 0.584993
0.584993 0.588985
0.588985 0.591273
0.591273 0.594045
0.594045 0.59712
0.59712 0.600031
0.600031 0.60265
0.60265 0.605245
0.605245 0.608382
0.608382 0.611856
0.611856 0.615677
0.615677 0.618243
0.618243 0.620278
0.620278 0.623305
0.623305 0.625797
0.625797 0.627297
0.627297 0.629177
0.629177 0.631003
0.631003 0.63309
0.63309 0.635543
0.635543 0.637697
0.637697 0.640461
0.640461 0.642582
0.642582 0.645151
0.645151 0.64696
0.64696 0.649708
0.649708 0.651549
0.651549 0.653297
0.653297 0.655094
0.655094 0.65733
0.65733 0.659972
0.659972 0.661816
0.661816 0.663947
0.663947 0.66528
0.66528 0.667309
0.667309 0.669061
0.669061 0.671456
0.671456 0.673152
0.673152 0.674815
0.674815 0.676422
0.676422 0.678213
0.678213 0.679535
0.679535 0.681085
0.681085 0.68303
0.68303 0.684389
0.684389 0.686487
0.686487 0.687864
0.687864 0.68905
0.68905 0.690452
0.690452 0.691572
0.691572 0.69261
0.69261 0.693559
0.693559 0.694911
0.694911 0.695942
0.695942 0.696973
0.696973 0.697968
0.697968 0.698773
0.698773 0.699671
0.699671 0.700507
0.700507 0.701387
0.701387 0.702378
0.702378 0.703645
0.703645 0.70428
0.70428 0.705121
0.705121 0.705996
0.705996 0.706825
0.706825 0.707609
0.707609 0.708521
0.708521 0.709431
0.709431 0.71024
0.71024 0.711106
0.711106 0.711802
0.711802 0.712494
0.712494 0.713317
0.713317 0.714392
0.714392 0.71509
0.71509 0.715734
0.715734 0.716631
0.716631 0.717683
0.717683 0.718443
0.718443 0.719281
0.719281 0.720226
0.720226 0.721337
0.721337 0.722489
0.722489 0.723529
0.723529 0.724714
0.724714 0.726033
0.726033 0.727139
0.727139 0.72815
0.72815 0.729346
0.729346 0.730432
0.730432 0.73178
0.73178 0.733504
0.733504 0.735448
0.735448 0.736625
0.736625 0.738076
0.738076 0.740122
0.740122 0.741758
0.741758 0.742827
0.742827 0.744477
0.744477 0.745905
0.745905 0.747647
0.747647 0.748584
0.748584 0.74974
0.74974 0.750878
0.750878 0.752082
0.752082 0.753562
0.753562 0.754401
0.754401 0.755493
0.755493 0.756975
0.756975 0.757959
0.757959 0.759386
0.759386 0.760231
0.760231 0.761605
0.761605 0.763095
0.763095 0.763778
0.763778 0.76495
0.76495 0.766013
0.766013 0.767258
0.767258 0.768356
0.768356 0.769395
0.769395 0.771045
0.771045 0.772115
0.772115 0.773665
0.773665 0.77438
0.77438 0.775588
0.775588 0.776705
0.776705 0.777934
0.777934 0.779013
0.779013 0.780235
0.780235 0.781367
0.781367 0.782718
0.782718 0.783933
0.783933 0.784859
0.784859 0.785945
0.785945 0.786953
0.786953 0.787888
0.787888 0.789147
0.789147 0.790017
0.790017 0.791243
0.791243 0.792222
0.792222 0.793562
0.793562 0.79484
0.79484 0.796223
0.796223 0.797244
0.797244 0.798078
0.798078 0.799313
0.799313 0.800492
0.800492 0.80126
0.80126 0.80255
0.80255 0.804337
0.804337 0.805385
0.805385 0.806679
0.806679 0.807882
0.807882 0.80904
0.80904 0.810392
0.810392 0.811786
0.811786 0.812917
0.812917 0.813912
0.813912 0.815014
0.815014 0.816616
0.816616 0.817604
0.817604 0.819278
0.819278 0.821124
0.821124 0.822461
0.822461 0.824051
0.824051 0.826214
0.826214 0.827277
0.827277 0.829152
0.829152 0.831439
0.831439 0.833207
0.833207 0.835322
0.835322 0.83755
0.83755 0.839227
0.839227 0.842014
0.842014 0.84534
0.84534 0.846994
0.846994 0.850201
0.850201 0.852076
0.852076 0.854305
0.854305 0.856638
0.856638 0.85817
0.85817 0.859874
0.859874 0.861646
0.861646 0.863749
0.863749 0.865626
0.865626 0.868244
0.868244 0.871166
0.871166 0.873001
0.873001 0.875198
0.875198 0.878289
0.878289 0.881757
0.881757 0.885391
0.885391 0.88888
0.88888 0.892321
0.892321 0.897119
0.897119 0.900648
0.900648 0.903213
0.903213 0.905961
0.905961 0.908399
0.908399 0.910684
0.910684 0.913267
0.913267 0.916132
0.916132 1.79769e+308
