244 172 
85 114 
13 16 
79 44 
127 188 
177 221 
175 221 
140 197 
86 162 
183 114 
6 61 
214 240 
144 200 
3 32 
178 123 
243 248 
200 130 
226 245 
244 172 
182 225 
77 72 
93 160 
225 242 
228 244 
54 56 
116 180 
68 139 
112 178 
227 148 
233 158 
1 56 
140 104 
221 232 
24 16 
30 1 
93 130 
105 174 
46 107 
231 245 
72 35 
210 237 
124 96 
1 37 
109 176 
246 250 
194 233 
42 98 
238 247 
67 139 
28 12 
163 213 
253 251 
27 27 
57 128 
204 221 
49 8 
108 171 
170 211 
223 245 
61 58 
199 235 
119 81 
27 36 
161 211 
206 135 
179 126 
28 3 
113 179 
47 109 
38 26 
57 20 
167 137 
25 11 
195 221 
20 83 
210 133 
116 181 
210 136 
156 94 
230 153 
39 4 
135 194 
65 137 
49 8 
46 18 
37 68 
213 141 
17 81 
55 126 
144 99 
42 30 
83 159 
98 130 
36 0 
136 194 
158 112 
249 180 
201 236 
239 162 
159 107 
81 41 
202 219 
49 120 
37 42 
118 167 
98 105 
123 185 
83 159 
15 18 
56 16 
213 145 
180 123 
72 53 
31 64 
79 38 
44 31 
48 119 
34 2 
5 31 
207 137 
243 249 
179 220 
104 126 
218 243 
149 92 
21 69 
248 236 
162 212 
223 145 
44 113 
230 246 
200 235 
8 24 
97 69 
33 0 
186 130 
181 111 
127 174 
6 39 
216 148 
51 97 
107 150 
161 211 
127 115 
221 239 
54 11 
236 160 
233 245 
175 110 
117 164 
78 45 
106 65 
85 47 
47 11 
238 224 
48 112 
5 35 
37 106 
39 4 
248 180 
75 42 
28 34 
255 255 
3 58 
109 76 
184 117 
127 188 
44 7 
212 241 
198 221 
89 67 
182 225 
184 116 
199 235 
192 231 
82 94 
207 193 
102 168 
199 128 
59 129 
124 186 
29 90 
80 38 
232 247 
254 249 
1 54 
253 254 
229 150 
119 88 
220 244 
90 64 
62 35 
185 114 
18 38 
101 138 
40 4 
81 115 
240 166 
176 222 
103 61 
155 208 
17 26 
182 219 
240 166 
98 62 
157 208 
176 109 
146 201 
4 60 
119 73 
47 7 
215 229 
241 222 
44 114 
133 192 
45 11 
16 49 
95 62 
95 67 
38 6 
217 154 
48 91 
247 179 
85 44 
236 246 
57 122 
87 43 
220 149 
56 23 
134 194 
1 54 
200 131 
34 34 
155 206 
187 120 
148 98 
95 66 
111 178 
60 29 
142 198 
146 202 
123 178 
69 140 
194 188 
16 13 
218 145 
41 110 
118 91 
195 233 
78 97 
68 143 
35 2 
56 29 
7 62 
134 194 
109 176 
68 43 
142 89 
179 224 
159 210 
221 150 
98 111 
5 36 
34 21 
84 62 
164 214 
20 28 
179 126 
227 149 
254 208 
50 9 
101 82 
61 132 
255 255 
122 69 
244 174 
26 28 
209 237 
136 176 
219 150 
124 80 
234 162 
60 43 
255 255 
30 18 
223 152 
76 53 
131 78 
255 255 
124 77 
196 127 
71 42 
58 119 
110 61 
225 245 
32 14 
39 2 
102 65 
36 89 
163 212 
122 79 
243 249 
30 96 
247 253 
103 170 
235 161 
225 154 
229 152 
28 18 
90 164 
178 223 
99 141 
240 167 
181 216 
226 153 
90 63 
61 32 
180 110 
141 197 
156 208 
51 13 
152 110 
2 58 
249 252 
177 215 
3 38 
246 178 
19 19 
211 183 
141 198 
99 71 
17 23 
12 50 
146 201 
113 73 
42 37 
35 14 
80 41 
35 14 
202 129 
228 156 
125 89 
19 14 
213 236 
45 51 
129 190 
244 175 
203 227 
6 52 
154 112 
238 199 
204 193 
241 166 
35 1 
76 37 
8 42 
224 228 
185 128 
45 9 
229 153 
69 27 
4 30 
44 17 
108 71 
125 82 
254 249 
142 98 
25 6 
220 150 
52 16 
183 114 
38 18 
238 244 
76 79 
106 60 
144 192 
155 203 
143 89 
196 132 
79 95 
132 190 
10 68 
118 69 
63 124 
135 186 
35 61 
34 1 
159 101 
108 175 
217 147 
115 70 
92 56 
20 10 
69 144 
222 147 
14 13 
3 55 
133 191 
202 140 
51 9 
219 144 
42 111 
211 180 
9 63 
244 250 
82 159 
56 26 
44 107 
62 134 
92 51 
18 9 
86 46 
135 193 
132 191 
67 108 
56 128 
226 156 
199 136 
59 131 
21 5 
74 31 
132 192 
158 209 
12 16 
238 200 
139 88 
84 49 
200 235 
1 47 
229 151 
188 133 
169 217 
160 210 
100 76 
61 134 
250 182 
95 78 
242 168 
35 1 
68 117 
226 245 
255 255 
66 137 
187 126 
11 69 
95 92 
66 32 
255 255 
242 170 
29 20 
50 8 
56 22 
243 170 
29 80 
205 132 
45 5 
96 168 
137 185 
29 1 
10 25 
223 145 
255 255 
164 212 
6 27 
174 220 
151 108 
29 7 
18 75 
78 95 
191 225 
159 120 
52 14 
19 25 
89 108 
99 65 
100 127 
142 87 
37 104 
102 71 
219 149 
8 54 
34 100 
167 102 
102 110 
96 56 
151 104 
107 74 
137 194 
20 38 
7 56 
244 249 
5 59 
30 14 
255 255 
17 11 
130 77 
70 32 
155 181 
222 234 
91 164 
252 251 
215 238 
196 130 
114 179 
225 153 
26 2 
138 196 
200 135 
24 58 
230 152 
84 53 
26 4 
228 157 
55 37 
71 48 
135 179 
79 128 
44 115 
194 120 
18 17 
164 109 
239 208 
169 217 
145 201 
126 187 
207 134 
62 34 
184 227 
153 106 
242 225 
237 165 
122 82 
249 181 
180 224 
153 206 
29 96 
14 53 
37 1 
254 250 
193 120 
84 87 
143 94 
204 143 
251 254 
161 212 
84 41 
112 155 
186 228 
222 145 
232 247 
42 4 
168 212 
152 206 
225 245 
213 241 
194 232 
208 141 
157 209 
66 70 
25 6 
42 7 
255 255 
237 163 
186 228 
198 162 
197 131 
126 188 
73 35 
41 109 
42 8 
192 128 
170 218 
213 239 
40 15 
141 198 
107 76 
98 170 
176 122 
129 145 
210 135 
154 206 
124 91 
159 198 
26 72 
166 210 
255 255 
61 28 
181 225 
250 187 
66 139 
213 241 
59 130 
58 83 
6 26 
245 173 
36 100 
227 245 
245 242 
73 149 
220 157 
255 255 
69 34 
243 169 
249 184 
214 235 
231 245 
128 188 
130 86 
173 217 
121 80 
97 76 
231 158 
105 68 
24 39 
50 15 
38 5 
116 71 
176 109 
245 175 
147 149 
228 242 
210 168 
116 108 
10 38 
100 77 
117 181 
89 110 
178 207 
48 10 
57 39 
169 212 
132 132 
97 169 
166 215 
65 34 
149 106 
235 157 
120 184 
197 234 
129 81 
255 255 
225 199 
14 22 
34 6 
180 172 
1 36 
123 186 
93 110 
170 217 
255 255 
159 210 
140 197 
218 238 
102 77 
215 242 
190 212 
196 234 
255 255 
59 19 
56 15 
33 20 
200 216 
240 166 
255 255 
106 67 
169 217 
37 103 
82 48 
43 7 
58 17 
59 128 
253 194 
121 184 
232 245 
129 93 
80 157 
56 127 
107 59 
207 139 
86 108 
237 247 
78 92 
110 67 
99 72 
27 93 
2 39 
181 127 
36 99 
28 3 
136 83 
87 42 
89 161 
252 241 
227 149 
37 13 
236 247 
6 29 
160 112 
248 251 
9 23 
175 221 
228 243 
116 90 
201 230 
161 205 
127 187 
14 15 
214 147 
61 30 
150 94 
190 228 
193 135 
240 164 
66 31 
150 204 
92 93 
247 250 
194 232 
64 28 
70 145 
85 62 
110 71 
74 34 
51 119 
234 155 
228 193 
63 86 
110 177 
175 220 
238 244 
197 127 
140 195 
177 114 
233 247 
154 206 
209 143 
170 106 
165 213 
201 137 
235 158 
52 33 
253 204 
58 80 
24 85 
159 206 
241 204 
103 62 
81 97 
206 237 
127 83 
175 166 
216 143 
89 164 
254 255 
235 157 
14 55 
255 251 
185 131 
255 255 
156 208 
130 189 
61 133 
179 223 
76 90 
196 124 
73 69 
160 210 
81 55 
220 148 
135 193 
48 17 
59 18 
53 21 
43 112 
34 0 
236 160 
60 25 
145 102 
126 83 
144 200 
20 14 
130 188 
151 91 
113 72 
53 125 
135 189 
172 219 
246 248 
130 89 
123 168 
205 237 
220 244 
138 84 
235 219 
221 143 
253 246 
171 218 
59 48 
165 100 
29 9 
255 255 
157 189 
194 230 
235 160 
89 46 
111 177 
214 230 
101 167 
40 0 
13 46 
226 146 
32 85 
255 255 
1 54 
24 4 
56 127 
199 235 
145 184 
145 101 
174 220 
77 72 
86 97 
233 246 
175 109 
10 29 
245 175 
165 203 
234 159 
176 221 
198 129 
244 249 
60 132 
237 247 
176 122 
47 118 
228 149 
174 220 
166 215 
142 99 
175 221 
233 156 
152 206 
177 222 
129 178 
22 22 
188 229 
122 93 
98 54 
157 209 
95 118 
212 240 
78 87 
75 127 
237 161 
219 143 
253 197 
227 157 
30 31 
92 58 
162 163 
28 94 
36 9 
253 202 
32 10 
158 210 
113 74 
202 135 
208 137 
82 63 
108 176 
186 228 
168 216 
8 44 
130 83 
101 172 
74 73 
180 224 
128 188 
93 66 
104 65 
147 201 
132 94 
245 225 
188 119 
40 108 
105 65 
125 85 
221 190 
219 138 
47 12 
63 22 
159 115 
82 51 
51 123 
120 180 
9 53 
31 1 
62 38 
67 34 
107 175 
15 63 
182 212 
231 242 
101 164 
177 126 
62 133 
150 204 
123 79 
4 35 
157 100 
44 3 
179 113 
121 185 
77 37 
0 52 
174 128 
220 147 
91 65 
175 221 
103 67 
148 95 
32 51 
30 6 
180 224 
166 215 
214 142 
233 162 
79 47 
68 29 
190 145 
111 160 
55 127 
149 107 
192 232 
107 61 
23 13 
141 198 
104 80 
114 115 
132 191 
243 174 
211 138 
89 116 
91 120 
99 170 
167 215 
57 60 
23 88 
58 20 
62 45 
198 235 
176 121 
93 117 
238 166 
94 50 
179 223 
172 111 
193 123 
171 219 
155 207 
209 237 
129 185 
56 79 
66 26 
159 211 
83 54 
43 3 
183 115 
189 116 
17 18 
31 98 
64 138 
242 169 
204 237 
95 56 
7 48 
132 191 
192 231 
91 47 
142 184 
192 230 
162 211 
105 76 
219 242 
118 85 
2 54 
173 200 
133 192 
93 101 
232 154 
255 255 
255 255 
73 84 
35 102 
112 71 
131 186 
0 46 
131 190 
113 177 
18 80 
60 119 
232 247 
46 117 
75 38 
209 239 
191 230 
188 228 
197 128 
62 84 
98 72 
25 3 
175 221 
160 210 
235 163 
243 223 
50 68 
69 63 
136 194 
13 52 
58 22 
178 207 
255 255 
53 124 
83 160 
25 4 
136 107 
240 169 
22 74 
248 181 
104 173 
255 255 
135 80 
32 8 
129 189 
71 122 
251 187 
13 46 
44 7 
70 117 
53 24 
26 88 
41 10 
152 205 
46 13 
72 42 
208 234 
68 142 
221 240 
10 20 
185 128 
163 213 
184 114 
253 255 
27 6 
246 238 
236 162 
174 220 
9 68 
222 141 
5 32 
198 135 
237 160 
59 32 
25 16 
122 83 
149 204 
234 163 
192 231 
246 224 
57 19 
119 182 
251 184 
242 249 
56 37 
251 240 
18 62 
165 214 
44 4 
177 222 
183 226 
7 32 
109 173 
48 8 
108 73 
240 246 
218 243 
105 172 
155 206 
0 40 
148 203 
142 197 
156 96 
55 13 
154 99 
180 113 
200 176 
27 2 
59 95 
112 67 
217 241 
206 238 
133 176 
219 241 
255 255 
224 144 
55 18 
134 158 
132 99 
108 90 
79 83 
102 172 
198 161 
207 234 
230 246 
17 55 
93 118 
119 91 
176 117 
143 199 
91 165 
161 211 
82 98 
42 6 
144 196 
221 152 
32 97 
164 209 
251 254 
179 224 
150 94 
47 119 
241 170 
88 120 
216 232 
222 243 
127 96 
152 205 
210 138 
155 204 
116 180 
114 101 
31 1 
33 0 
123 184 
72 34 
148 202 
30 28 
186 228 
39 10 
208 227 
231 246 
43 7 
222 153 
18 82 
63 68 
91 50 
56 15 
30 5 
20 20 
126 86 
34 13 
208 229 
114 120 
139 197 
100 168 
101 58 
251 254 
47 119 
43 113 
104 80 
212 230 
22 26 
105 73 
221 148 
230 152 
205 190 
128 165 
117 92 
154 206 
15 26 
143 199 
164 214 
106 84 
214 241 
73 82 
38 2 
185 135 
16 48 
35 102 
92 165 
20 8 
101 149 
55 46 
15 60 
94 73 
75 62 
0 51 
219 243 
82 159 
52 12 
54 25 
81 39 
56 61 
26 7 
94 64 
15 15 
16 73 
249 253 
72 31 
147 202 
145 101 
240 165 
131 190 
22 35 
240 166 
223 144 
109 76 
206 233 
107 175 
136 95 
59 45 
126 84 
111 177 
60 22 
189 230 
86 64 
88 163 
75 88 
106 83 
176 167 
93 99 
146 91 
3 59 
255 255 
216 144 
253 248 
199 229 
249 251 
79 50 
121 78 
16 15 
188 128 
206 127 
0 48 
79 39 
141 199 
96 83 
116 181 
60 51 
188 229 
184 219 
15 35 
172 113 
141 85 
112 178 
39 5 
220 244 
239 164 
88 162 
190 127 
175 216 
250 253 
246 249 
172 183 
82 56 
233 156 
135 100 
10 24 
21 10 
153 111 
14 17 
133 96 
45 115 
149 203 
98 71 
131 78 
208 239 
217 240 
25 20 
99 81 
37 0 
221 244 
237 247 
109 160 
203 230 
180 224 
196 132 
122 129 
139 84 
229 244 
169 217 
170 106 
151 109 
162 167 
235 163 
200 234 
135 194 
49 50 
193 146 
196 231 
232 156 
231 174 
118 164 
255 255 
54 125 
93 56 
236 159 
184 227 
180 122 
123 185 
242 168 
9 48 
132 101 
111 61 
29 24 
96 69 
223 147 
28 5 
162 213 
174 220 
255 255 
138 195 
69 42 
80 141 
89 84 
144 200 
237 160 
167 216 
77 41 
200 222 
103 64 
252 253 
51 25 
161 192 
160 210 
82 64 
167 161 
92 165 
26 91 
3 31 
235 158 
223 245 
129 87 
71 147 
170 122 
181 225 
196 231 
53 32 
21 5 
206 137 
12 35 
162 120 
10 40 
210 239 
7 29 
9 22 
75 50 
86 45 
108 175 
147 90 
90 48 
191 231 
116 177 
69 145 
28 91 
241 169 
173 215 
18 36 
255 255 
222 142 
32 1 
190 121 
187 229 
127 74 
217 144 
50 24 
12 63 
195 135 
205 139 
235 160 
173 106 
38 107 
127 186 
17 80 
152 109 
59 127 
99 58 
111 174 
62 134 
90 158 
42 112 
22 82 
241 205 
83 39 
255 255 
23 7 
177 133 
205 237 
65 28 
186 132 
163 119 
225 152 
148 105 
110 177 
18 65 
40 10 
117 182 
177 148 
47 6 
124 185 
36 3 
51 52 
184 123 
72 149 
152 92 
78 37 
213 138 
141 99 
106 74 
36 31 
216 146 
52 124 
188 229 
36 2 
18 16 
9 41 
166 104 
184 113 
173 201 
143 199 
153 108 
131 189 
186 214 
186 228 
11 36 
234 246 
157 96 
50 123 
32 9 
128 86 
60 119 
90 141 
71 37 
133 178 
71 107 
194 233 
239 247 
118 169 
220 148 
158 205 
62 47 
235 157 
114 180 
195 233 
172 218 
76 49 
141 197 
160 99 
206 238 
165 103 
14 19 
72 148 
66 136 
212 137 
134 193 
133 96 
120 181 
222 146 
174 220 
160 211 
129 90 
126 130 
224 245 
217 136 
199 140 
177 223 
188 223 
165 210 
145 132 
123 186 
33 29 
107 85 
204 237 
166 113 
88 44 
1 37 
88 79 
162 212 
226 149 
241 248 
25 3 
243 173 
244 249 
67 43 
152 205 
77 89 
228 152 
183 226 
100 163 
214 143 
112 178 
183 114 
192 231 
228 246 
177 204 
33 99 
161 212 
58 130 
74 33 
137 102 
130 184 
214 234 
112 108 
39 0 
73 49 
113 71 
255 251 
43 56 
147 195 
241 167 
213 136 
39 27 
195 233 
20 9 
218 137 
192 231 
212 138 
235 246 
27 90 
57 24 
8 34 
138 98 
125 91 
190 230 
121 78 
244 170 
134 193 
76 45 
255 254 
119 78 
114 91 
140 197 
220 244 
54 38 
124 89 
246 217 
154 206 
248 178 
178 207 
179 221 
61 131 
73 37 
32 5 
129 188 
153 101 
198 234 
23 38 
142 198 
218 147 
237 247 
203 162 
120 76 
181 225 
169 217 
77 36 
148 202 
140 196 
197 126 
146 201 
206 144 
106 65 
68 128 
227 149 
50 11 
244 171 
198 227 
221 241 
175 220 
197 186 
91 107 
23 87 
113 179 
52 124 
157 209 
188 229 
111 98 
145 201 
255 255 
83 43 
86 104 
249 252 
81 62 
86 44 
193 132 
172 219 
38 5 
163 213 
70 82 
255 255 
151 168 
223 243 
118 179 
85 45 
39 29 
162 100 
77 41 
244 174 
166 103 
49 47 
138 97 
81 56 
16 64 
181 127 
237 161 
28 30 
185 127 
242 171 
189 126 
39 13 
219 243 
255 255 
187 228 
203 236 
255 255 
13 15 
214 134 
209 141 
42 46 
119 183 
137 97 
131 191 
250 253 
139 195 
193 232 
240 166 
211 220 
83 101 
152 98 
171 219 
2 34 
62 22 
125 186 
255 255 
243 171 
78 70 
24 21 
118 70 
176 214 
8 25 
252 254 
29 4 
219 241 
142 199 
88 54 
192 123 
71 58 
38 107 
157 111 
206 238 
84 52 
148 202 
235 160 
72 50 
80 41 
123 184 
210 240 
84 44 
5 38 
164 120 
103 122 
214 239 
122 77 
33 19 
167 209 
11 72 
90 140 
152 205 
233 156 
53 124 
64 26 
128 76 
172 219 
199 235 
11 19 
212 238 
157 96 
53 15 
246 177 
89 78 
250 252 
0 48 
218 235 
32 12 
92 49 
179 146 
205 237 
65 49 
34 0 
14 71 
201 135 
252 243 
94 70 
49 113 
138 195 
201 224 
62 27 
187 229 
195 233 
106 173 
172 111 
88 117 
131 79 
171 150 
70 29 
125 184 
66 67 
229 154 
14 12 
75 51 
0 45 
162 119 
133 192 
123 169 
137 194 
58 63 
114 78 
42 4 
116 77 
50 22 
131 96 
212 165 
127 172 
245 250 
182 226 
197 234 
126 187 
143 200 
121 72 
143 200 
164 100 
247 181 
165 214 
145 107 
206 128 
121 167 
68 142 
114 80 
212 241 
20 19 
157 114 
192 151 
162 212 
248 250 
137 193 
72 57 
80 40 
254 249 
117 114 
151 182 
186 228 
166 118 
63 77 
204 132 
238 201 
9 51 
11 21 
241 221 
186 228 
58 129 
18 23 
95 57 
143 196 
167 215 
137 195 
185 227 
238 162 
104 173 
128 188 
189 121 
140 196 
65 24 
126 187 
162 212 
209 130 
43 109 
187 130 
255 255 
1 38 
9 26 
133 83 
155 133 
206 132 
35 26 
33 96 
120 95 
167 215 
171 218 
171 218 
249 232 
174 141 
165 106 
173 204 
226 149 
72 92 
133 81 
102 172 
214 160 
193 229 
152 188 
124 186 
7 40 
81 77 
201 133 
211 139 
90 50 
163 209 
60 47 
131 176 
10 46 
188 229 
225 153 
61 27 
185 211 
138 183 
215 241 
41 3 
103 67 
31 93 
22 8 
75 34 
13 15 
103 170 
11 23 
141 199 
107 59 
20 57 
202 128 
125 92 
85 61 
106 137 
71 45 
157 209 
74 151 
126 123 
111 71 
19 40 
73 68 
253 248 
52 20 
151 205 
227 243 
177 151 
255 255 
163 104 
234 158 
11 27 
203 134 
123 186 
1 43 
17 71 
199 141 
2 38 
14 25 
122 185 
142 139 
158 209 
13 76 
140 197 
97 168 
253 255 
68 27 
57 64 
32 23 
240 167 
226 147 
252 255 
228 246 
149 111 
255 254 
102 119 
181 218 
62 22 
49 15 
142 97 
130 190 
67 39 
160 114 
65 137 
249 242 
163 212 
193 232 
90 59 
84 54 
96 60 
21 6 
193 120 
182 225 
152 205 
130 85 
72 62 
150 108 
239 202 
99 170 
225 244 
110 176 
167 114 
39 95 
230 246 
243 173 
101 75 
151 103 
205 237 
14 60 
21 22 
165 214 
228 152 
5 64 
196 232 
160 115 
163 213 
145 201 
43 113 
12 73 
154 149 
156 194 
182 225 
78 148 
124 75 
42 17 
227 213 
121 180 
23 36 
215 239 
15 78 
199 230 
248 179 
11 23 
53 124 
251 250 
175 135 
134 96 
101 63 
44 47 
216 145 
89 95 
166 111 
8 25 
235 159 
43 5 
169 115 
234 157 
215 236 
55 18 
0 53 
115 177 
159 102 
251 186 
55 13 
172 110 
117 81 
178 121 
198 145 
18 58 
47 7 
88 52 
198 127 
188 223 
40 17 
72 51 
169 216 
57 128 
118 86 
210 139 
164 214 
86 56 
205 135 
75 152 
133 92 
231 153 
54 100 
147 89 
59 130 
207 137 
121 90 
100 171 
255 255 
143 197 
236 163 
83 159 
227 155 
120 183 
151 204 
12 75 
224 195 
71 35 
187 229 
114 159 
64 67 
137 169 
138 190 
32 0 
74 43 
227 155 
198 234 
134 191 
85 44 
59 131 
96 139 
255 255 
252 255 
158 189 
4 62 
191 122 
113 79 
166 103 
119 183 
65 26 
213 144 
5 29 
211 131 
210 240 
251 186 
114 173 
236 248 
115 180 
155 208 
103 173 
229 151 
97 54 
180 224 
149 90 
90 62 
41 53 
80 40 
73 80 
0 54 
99 65 
182 122 
18 19 
3 57 
239 167 
188 223 
141 84 
139 196 
15 69 
251 187 
145 104 
105 145 
149 90 
190 216 
60 37 
194 176 
208 138 
137 196 
204 144 
185 227 
74 41 
231 155 
153 200 
216 231 
204 236 
21 15 
255 252 
215 140 
94 98 
45 116 
235 159 
166 215 
34 3 
97 169 
78 49 
201 234 
132 192 
153 205 
158 96 
129 98 
48 119 
207 238 
217 141 
40 2 
199 235 
105 62 
23 28 
178 208 
108 97 
55 13 
21 84 
237 162 
162 99 
204 226 
230 153 
161 207 
12 30 
80 38 
70 86 
127 188 
255 252 
214 140 
162 158 
167 215 
108 78 
8 30 
26 92 
116 181 
46 73 
23 9 
12 74 
63 122 
115 74 
98 60 
94 167 
84 126 
204 132 
86 79 
193 232 
145 87 
51 12 
255 255 
198 233 
225 145 
29 93 
117 182 
206 136 
127 94 
79 72 
165 212 
28 1 
195 140 
94 71 
22 21 
77 93 
232 158 
159 210 
41 59 
181 121 
11 19 
52 18 
193 232 
133 99 
74 85 
247 180 
249 250 
224 240 
206 134 
189 154 
228 155 
203 131 
250 253 
223 150 
63 135 
222 244 
48 9 
107 58 
2 48 
43 113 
175 121 
21 86 
142 102 
253 255 
42 2 
147 89 
45 89 
84 105 
19 8 
168 209 
254 248 
214 141 
123 88 
117 125 
144 201 
76 45 
253 244 
154 205 
10 71 
97 71 
35 21 
93 124 
11 18 
123 94 
106 172 
65 28 
88 60 
71 33 
191 126 
192 122 
143 199 
94 57 
63 22 
41 5 
224 211 
68 140 
220 143 
226 156 
30 1 
225 153 
99 52 
123 183 
191 134 
136 99 
164 210 
44 13 
116 181 
107 70 
138 197 
217 138 
150 204 
148 200 
183 222 
231 246 
7 35 
63 65 
115 71 
6 43 
158 113 
50 36 
183 209 
138 190 
76 85 
64 35 
178 200 
230 155 
214 239 
64 107 
190 117 
87 127 
113 178 
113 80 
187 122 
31 32 
67 117 
193 231 
160 211 
87 120 
181 225 
137 95 
219 150 
247 251 
255 255 
160 114 
222 141 
196 125 
28 91 
118 182 
118 70 
121 184 
208 134 
175 118 
43 2 
149 203 
70 144 
230 246 
67 81 
106 79 
52 56 
207 148 
169 217 
146 202 
6 44 
121 90 
243 174 
120 78 
197 135 
120 183 
48 12 
62 133 
60 105 
120 183 
100 110 
202 131 
81 92 
4 60 
139 195 
21 23 
8 26 
68 33 
255 255 
255 255 
121 182 
13 61 
255 253 
252 254 
239 164 
225 146 
120 183 
29 1 
50 24 
120 89 
159 97 
49 25 
185 221 
21 60 
22 10 
28 6 
210 240 
169 217 
74 38 
92 112 
23 88 
101 171 
6 27 
61 134 
34 99 
108 66 
71 73 
82 129 
122 129 
125 87 
245 173 
15 16 
255 255 
121 88 
141 101 
255 255 
159 115 
140 198 
212 220 
105 72 
69 29 
18 79 
95 61 
82 43 
77 55 
174 108 
130 84 
74 150 
186 115 
232 155 
182 226 
170 217 
219 243 
196 233 
211 131 
123 183 
153 206 
95 166 
42 42 
196 233 
143 198 
243 247 
94 75 
59 72 
4 46 
235 161 
82 56 
167 199 
212 239 
118 183 
218 243 
216 143 
80 47 
24 23 
152 176 
148 203 
228 155 
6 29 
48 57 
101 171 
186 215 
135 194 
154 98 
187 214 
195 233 
140 198 
90 67 
125 97 
111 86 
175 221 
193 232 
255 255 
128 185 
82 146 
6 50 
36 102 
202 125 
22 87 
220 244 
116 79 
99 73 
3 51 
38 103 
215 241 
44 3 
169 109 
242 168 
255 255 
136 128 
196 233 
173 204 
33 6 
67 115 
93 104 
233 247 
204 237 
88 163 
210 139 
62 134 
73 68 
64 50 
132 168 
239 167 
26 15 
97 55 
174 219 
173 165 
193 129 
217 243 
255 255 
120 71 
195 221 
88 62 
160 99 
163 149 
223 154 
114 179 
144 199 
72 148 
255 255 
231 155 
199 229 
56 17 
137 82 
211 240 
64 35 
239 182 
92 50 
100 66 
236 160 
36 19 
214 196 
26 5 
212 240 
51 9 
30 32 
206 140 
84 52 
245 249 
133 190 
218 243 
94 140 
178 223 
179 224 
80 45 
38 106 
2 36 
166 215 
125 186 
231 153 
208 144 
36 5 
140 197 
98 85 
192 118 
102 169 
101 55 
46 22 
157 197 
127 187 
19 10 
31 96 
204 233 
41 108 
20 84 
201 178 
232 154 
203 125 
159 107 
255 255 
168 157 
252 194 
149 104 
40 11 
121 76 
238 161 
49 121 
159 210 
30 95 
114 178 
37 29 
45 103 
180 224 
118 74 
192 225 
11 44 
102 172 
209 223 
171 202 
122 87 
10 24 
37 105 
158 210 
193 232 
170 217 
69 34 
23 5 
63 136 
209 146 
64 27 
18 11 
185 221 
255 255 
255 251 
223 152 
226 154 
158 209 
115 66 
15 15 
104 173 
107 136 
214 139 
139 197 
112 177 
176 123 
216 139 
166 214 
49 121 
12 74 
51 13 
44 111 
25 18 
154 95 
49 121 
58 60 
32 2 
83 41 
170 217 
250 252 
153 206 
206 238 
221 237 
125 187 
63 23 
240 168 
184 227 
87 59 
186 128 
60 48 
142 193 
7 48 
212 192 
255 255 
13 67 
242 229 
91 70 
156 208 
158 111 
155 205 
102 173 
219 244 
248 252 
120 125 
87 111 
72 39 
189 230 
59 59 
36 15 
153 93 
82 159 
92 87 
244 173 
74 49 
14 20 
148 200 
221 208 
136 194 
233 161 
30 86 
75 39 
3 40 
194 131 
55 126 
86 60 
143 200 
109 176 
88 45 
94 100 
32 16 
205 237 
248 236 
114 90 
220 244 
68 32 
237 165 
221 147 
45 9 
17 11 
243 249 
147 201 
229 151 
27 14 
77 89 
115 82 
68 53 
199 235 
93 165 
69 31 
6 32 
180 224 
71 31 
55 40 
56 54 
200 124 
177 221 
227 243 
61 133 
16 16 
216 144 
44 4 
179 110 
137 196 
238 163 
122 77 
61 134 
96 168 
65 41 
255 255 
239 164 
188 229 
150 198 
9 22 
171 122 
117 181 
45 115 
153 206 
172 216 
222 240 
110 177 
87 45 
179 110 
250 252 
174 221 
186 218 
208 136 
51 15 
103 173 
168 104 
131 191 
75 60 
14 49 
23 79 
236 163 
79 44 
44 85 
3 43 
134 193 
164 213 
205 238 
125 97 
47 14 
223 146 
211 141 
192 230 
103 169 
251 189 
115 180 
115 179 
248 251 
158 117 
242 167 
148 102 
100 170 
107 84 
142 184 
107 175 
70 146 
255 255 
217 237 
216 242 
189 218 
169 216 
124 91 
247 251 
36 104 
140 188 
25 79 
233 247 
113 63 
209 148 
145 201 
103 66 
127 82 
38 3 
86 77 
247 179 
87 61 
234 159 
196 123 
46 41 
4 38 
85 160 
103 166 
36 69 
109 113 
130 189 
11 36 
109 77 
252 246 
164 213 
228 152 
24 89 
187 228 
64 137 
107 156 
128 188 
192 230 
205 238 
61 123 
124 184 
194 124 
55 28 
234 156 
25 7 
12 23 
250 253 
135 97 
160 210 
66 29 
6 65 
41 17 
102 56 
223 241 
151 176 
122 92 
96 64 
125 187 
46 7 
252 251 
149 182 
66 47 
171 214 
37 4 
143 199 
237 163 
31 94 
179 216 
130 78 
57 128 
139 196 
91 66 
247 180 
155 95 
255 255 
190 230 
247 178 
25 33 
34 29 
166 215 
212 240 
166 121 
202 125 
140 97 
79 52 
8 24 
244 171 
178 117 
31 28 
209 238 
254 255 
53 124 
231 247 
22 6 
245 250 
202 236 
174 108 
158 209 
201 134 
151 199 
64 136 
224 145 
164 212 
173 219 
249 186 
70 30 
16 79 
176 167 
214 142 
184 226 
199 234 
39 7 
217 139 
218 147 
81 158 
198 186 
124 83 
218 243 
99 110 
248 179 
233 157 
10 35 
246 250 
155 110 
169 216 
137 194 
48 120 
47 118 
72 57 
179 212 
101 73 
102 172 
215 146 
182 126 
60 132 
8 28 
55 32 
200 223 
88 57 
7 25 
225 152 
168 215 
7 66 
226 147 
115 168 
11 47 
209 240 
216 147 
103 169 
108 84 
3 34 
215 138 
117 85 
254 249 
251 252 
174 199 
210 136 
4 40 
95 105 
154 107 
139 196 
132 80 
21 8 
34 8 
88 86 
167 216 
138 197 
239 168 
252 245 
255 255 
11 54 
84 161 
252 240 
255 255 
16 10 
149 101 
84 43 
40 4 
21 86 
167 216 
224 192 
210 133 
19 17 
87 150 
134 193 
172 218 
117 182 
145 98 
43 113 
129 175 
188 229 
195 125 
7 26 
136 193 
16 31 
23 10 
151 204 
192 231 
39 32 
247 238 
182 226 
86 57 
242 171 
115 180 
198 235 
161 114 
190 125 
30 13 
95 143 
144 195 
8 27 
253 253 
39 0 
83 44 
186 228 
9 56 
239 248 
194 227 
194 227 
149 201 
54 27 
91 48 
97 157 
25 19 
181 225 
1 46 
160 98 
2 34 
22 19 
98 64 
153 205 
177 222 
156 97 
4 46 
232 156 
120 184 
12 75 
130 92 
65 137 
51 15 
131 191 
130 189 
82 58 
196 231 
131 191 
255 255 
255 255 
150 189 
61 132 
213 163 
156 207 
119 69 
18 69 
189 136 
41 43 
38 106 
22 87 
165 213 
246 250 
24 12 
113 179 
62 33 
14 36 
184 112 
97 74 
255 255 
213 241 
255 255 
234 245 
58 28 
197 133 
97 60 
110 68 
128 93 
230 150 
118 75 
150 203 
174 218 
15 76 
146 202 
21 8 
134 192 
40 3 
38 7 
197 127 
98 53 
196 128 
11 68 
187 202 
28 16 
15 66 
79 41 
126 185 
44 25 
5 30 
118 73 
126 187 
19 78 
3 60 
255 254 
79 156 
122 184 
213 141 
240 170 
193 120 
238 163 
119 80 
173 218 
43 23 
97 58 
92 52 
141 166 
218 238 
231 190 
237 162 
86 51 
248 227 
169 118 
224 154 
41 104 
207 133 
114 81 
24 81 
165 214 
115 73 
195 230 
51 9 
40 25 
242 170 
3 33 
229 150 
209 147 
96 73 
137 179 
0 46 
98 55 
224 148 
226 246 
151 204 
26 90 
96 95 
185 228 
93 166 
66 112 
33 0 
133 192 
96 106 
250 252 
252 190 
128 188 
63 25 
138 197 
238 217 
35 102 
20 82 
29 12 
139 95 
69 45 
98 170 
245 175 
175 220 
70 32 
89 163 
122 78 
167 215 
16 21 
4 33 
228 156 
31 98 
171 107 
64 103 
206 135 
52 19 
90 55 
78 91 
14 33 
13 22 
138 100 
199 235 
35 75 
189 208 
245 174 
148 203 
68 30 
139 101 
5 51 
91 154 
132 179 
175 108 
6 64 
147 106 
218 149 
146 107 
16 49 
119 183 
138 91 
10 66 
116 163 
248 251 
68 36 
51 13 
66 138 
187 211 
227 154 
44 14 
166 116 
165 102 
0 50 
164 214 
8 40 
83 41 
40 1 
121 185 
13 42 
46 4 
75 49 
164 212 
50 24 
171 218 
56 124 
161 211 
72 52 
35 23 
33 99 
3 59 
107 69 
100 79 
173 219 
87 118 
89 47 
32 97 
1 56 
58 17 
218 142 
112 179 
55 44 
181 119 
47 19 
215 241 
4 40 
49 52 
101 172 
82 82 
74 146 
69 144 
39 19 
106 174 
71 33 
69 37 
243 168 
86 47 
45 116 
226 156 
102 113 
195 233 
118 182 
78 103 
87 107 
243 173 
62 40 
5 32 
246 176 
235 159 
255 253 
205 237 
64 47 
45 5 
2 42 
182 223 
24 63 
154 107 
67 138 
191 231 
19 10 
190 230 
15 78 
74 90 
90 50 
108 174 
51 62 
85 92 
49 26 
245 176 
116 181 
105 158 
217 238 
46 117 
244 248 
61 24 
148 203 
110 177 
183 113 
130 188 
139 197 
89 93 
205 129 
250 253 
93 52 
145 89 
197 232 
225 151 
23 12 
101 81 
161 211 
123 186 
37 8 
164 101 
58 18 
182 135 
85 72 
255 254 
223 169 
217 243 
77 48 
153 112 
201 236 
115 180 
102 116 
15 21 
56 121 
197 142 
163 121 
159 108 
178 223 
3 34 
122 90 
174 219 
30 2 
133 192 
32 61 
47 113 
200 132 
4 63 
141 84 
248 251 
2 58 
200 124 
232 153 
65 84 
77 54 
65 95 
131 76 
164 206 
214 187 
255 255 
117 181 
150 90 
27 93 
177 222 
236 160 
203 131 
164 204 
109 176 
109 118 
188 144 
111 158 
243 174 
8 24 
159 98 
140 196 
182 111 
34 102 
175 109 
37 52 
200 138 
12 17 
103 81 
255 252 
231 154 
17 16 
154 126 
213 146 
31 94 
146 201 
229 152 
200 127 
148 203 
144 199 
132 191 
127 187 
153 200 
185 126 
199 229 
31 97 
170 114 
188 119 
249 184 
80 157 
115 180 
87 43 
101 172 
97 53 
179 116 
37 28 
141 102 
109 163 
254 250 
255 255 
82 94 
135 193 
167 102 
76 153 
239 164 
118 182 
145 200 
9 70 
182 226 
40 12 
55 125 
47 118 
168 108 
75 36 
90 164 
101 171 
190 122 
24 37 
117 84 
110 63 
241 167 
126 173 
231 152 
204 236 
22 6 
164 110 
202 233 
27 84 
171 108 
130 190 
247 250 
187 115 
151 190 
230 239 
189 229 
60 132 
19 60 
178 222 
203 237 
76 50 
137 195 
144 105 
239 165 
235 162 
100 71 
4 47 
251 254 
139 86 
105 74 
255 255 
205 237 
166 213 
9 34 
241 169 
21 81 
17 75 
157 206 
231 156 
208 140 
10 36 
255 255 
57 28 
241 167 
75 153 
78 116 
134 193 
201 236 
13 40 
146 200 
105 155 
88 46 
233 157 
198 235 
27 33 
247 251 
58 108 
82 159 
208 239 
240 164 
232 245 
228 246 
229 159 
104 173 
22 19 
233 161 
137 155 
207 227 
229 151 
55 84 
209 239 
50 21 
144 184 
30 4 
5 65 
190 216 
129 189 
196 227 
24 88 
138 95 
7 27 
109 172 
180 224 
237 165 
148 202 
194 125 
4 55 
240 248 
167 126 
111 177 
182 224 
249 252 
42 25 
73 42 
20 11 
10 71 
4 31 
189 225 
42 1 
63 31 
206 226 
161 210 
57 80 
92 57 
46 5 
124 87 
12 55 
29 85 
85 48 
255 255 
84 94 
180 224 
168 215 
121 167 
34 88 
13 30 
110 74 
53 125 
71 139 
247 176 
145 105 
28 94 
238 199 
138 191 
17 16 
221 243 
44 114 
210 237 
73 44 
220 142 
76 82 
114 63 
3 33 
255 255 
74 54 
144 200 
89 112 
67 118 
50 49 
208 182 
28 33 
60 21 
181 129 
179 224 
34 17 
255 255 
249 251 
224 154 
106 75 
173 219 
242 207 
64 51 
227 157 
201 136 
164 213 
139 197 
232 155 
32 0 
252 253 
11 50 
81 95 
128 129 
20 61 
81 90 
203 236 
23 84 
104 173 
209 238 
255 255 
236 161 
90 107 
12 25 
183 226 
215 242 
106 175 
15 77 
224 153 
233 156 
34 0 
204 237 
147 202 
41 9 
69 79 
136 194 
36 1 
24 14 
81 67 
165 210 
172 219 
41 109 
163 213 
96 58 
239 248 
255 255 
64 25 
185 125 
212 140 
227 148 
10 71 
234 158 
40 51 
22 10 
78 155 
83 111 
163 212 
155 115 
124 91 
169 127 
27 7 
100 151 
89 53 
0 52 
89 124 
170 106 
4 60 
115 178 
241 170 
92 165 
235 158 
37 3 
25 88 
102 78 
65 138 
52 57 
163 213 
170 217 
251 191 
254 255 
7 54 
131 191 
74 36 
190 119 
34 0 
238 163 
110 176 
74 151 
62 30 
113 65 
43 11 
195 233 
226 154 
107 82 
67 141 
176 108 
37 104 
215 242 
139 193 
23 14 
215 139 
180 110 
125 187 
68 142 
114 179 
223 148 
44 3 
247 175 
151 203 
176 124 
60 24 
150 98 
110 78 
226 211 
61 93 
29 12 
185 113 
109 176 
168 105 
215 186 
174 219 
228 150 
246 176 
213 136 
255 255 
65 75 
77 100 
204 134 
119 166 
255 255 
224 145 
172 105 
198 221 
116 70 
199 129 
242 167 
96 112 
85 106 
5 62 
176 222 
14 75 
150 203 
138 153 
190 227 
68 142 
132 175 
131 191 
52 29 
105 63 
65 136 
111 177 
111 69 
36 34 
255 255 
69 144 
188 120 
150 110 
255 255 
156 112 
230 154 
45 16 
46 116 
151 205 
183 125 
52 11 
207 237 
234 158 
36 46 
254 250 
243 249 
33 100 
87 68 
132 80 
134 192 
115 75 
29 88 
95 55 
53 124 
222 151 
242 172 
172 219 
136 101 
146 89 
204 237 
99 64 
16 75 
150 193 
168 195 
37 39 
46 15 
96 168 
103 59 
249 252 
94 68 
247 226 
76 87 
30 17 
203 136 
43 112 
124 95 
5 48 
90 99 
233 246 
8 57 
79 86 
81 158 
75 153 
26 35 
171 217 
156 208 
34 101 
185 227 
216 233 
36 104 
243 171 
147 110 
173 204 
112 169 
222 143 
188 229 
97 73 
35 8 
126 84 
197 234 
33 1 
28 2 
236 164 
40 14 
4 39 
99 70 
150 201 
112 77 
76 33 
66 37 
203 126 
207 128 
224 151 
98 61 
80 53 
166 213 
210 184 
236 164 
230 153 
236 159 
10 66 
220 143 
245 249 
245 174 
240 248 
69 57 
91 50 
39 107 
251 254 
83 59 
72 87 
134 92 
157 207 
182 112 
62 25 
143 100 
79 55 
255 255 
250 252 
10 30 
125 75 
58 129 
255 255 
223 153 
246 250 
76 78 
162 212 
105 174 
83 47 
238 248 
213 241 
150 96 
27 89 
74 81 
168 216 
23 35 
248 239 
166 215 
191 129 
46 6 
246 177 
134 87 
197 138 
189 125 
202 215 
81 55 
124 167 
206 238 
154 207 
208 133 
0 50 
100 68 
16 10 
195 137 
101 69 
43 68 
245 174 
41 111 
101 73 
11 24 
146 198 
202 236 
108 76 
45 111 
38 0 
46 5 
217 142 
161 212 
119 86 
201 129 
151 107 
178 215 
113 66 
250 183 
217 239 
100 97 
233 161 
74 151 
155 207 
251 254 
140 195 
152 205 
221 243 
75 53 
125 186 
138 93 
207 225 
255 255 
63 32 
33 0 
140 198 
96 68 
69 76 
255 255 
95 167 
202 231 
255 255 
195 124 
181 222 
147 106 
99 53 
248 252 
110 67 
7 67 
201 236 
5 61 
93 165 
249 181 
45 30 
24 40 
162 103 
6 53 
75 151 
168 217 
145 88 
33 31 
140 196 
219 240 
184 226 
11 20 
205 127 
62 71 
21 11 
3 39 
152 205 
94 85 
2 40 
29 2 
57 67 
143 199 
129 76 
157 208 
41 74 
7 66 
187 115 
207 234 
254 255 
208 233 
202 142 
77 92 
97 133 
94 51 
83 42 
208 236 
128 88 
1 54 
2 34 
229 247 
161 111 
9 70 
255 255 
85 59 
6 26 
24 78 
76 90 
211 228 
94 66 
185 228 
207 236 
68 39 
245 177 
85 161 
124 187 
109 123 
3 31 
74 39 
1 56 
248 252 
97 62 
189 116 
230 156 
197 130 
48 119 
46 5 
217 160 
216 168 
61 70 
27 3 
198 138 
66 63 
255 255 
28 5 
213 133 
210 140 
46 8 
113 76 
111 65 
158 205 
178 224 
18 77 
89 47 
15 74 
216 242 
94 166 
211 149 
96 66 
2 59 
194 233 
91 64 
97 121 
54 59 
48 120 
96 72 
205 234 
28 1 
28 87 
135 98 
251 253 
54 125 
127 187 
255 255 
246 175 
40 9 
112 69 
78 59 
40 6 
141 196 
155 112 
87 110 
182 218 
36 10 
86 124 
155 207 
129 189 
154 206 
51 12 
100 171 
52 13 
140 198 
65 55 
210 187 
50 17 
56 18 
146 99 
23 10 
255 255 
87 63 
121 123 
173 112 
105 111 
69 143 
208 239 
56 16 
155 98 
122 184 
80 45 
55 20 
113 160 
164 213 
57 32 
211 131 
8 26 
123 181 
143 192 
252 189 
167 143 
92 103 
222 205 
255 255 
119 72 
255 255 
95 56 
97 76 
23 72 
168 216 
249 252 
112 165 
255 255 
219 242 
198 234 
65 74 
161 98 
211 239 
2 38 
222 242 
147 196 
95 54 
33 4 
31 43 
153 94 
141 112 
37 20 
170 216 
11 21 
88 138 
242 172 
104 96 
33 64 
1 42 
211 131 
147 193 
253 255 
80 60 
7 28 
197 234 
196 121 
170 124 
155 207 
17 22 
241 248 
245 249 
93 70 
81 57 
234 155 
105 94 
239 162 
121 93 
153 205 
112 73 
58 31 
237 247 
206 132 
229 151 
133 94 
189 214 
196 220 
144 183 
138 174 
203 225 
115 180 
255 255 
239 162 
17 11 
91 157 
2 49 
27 21 
152 92 
152 92 
122 182 
186 119 
112 177 
91 164 
191 231 
51 81 
54 15 
41 23 
131 93 
60 35 
253 255 
190 118 
24 6 
255 255 
70 89 
63 27 
31 3 
250 253 
174 220 
107 175 
102 164 
201 132 
142 89 
22 10 
225 244 
127 93 
214 234 
119 183 
216 142 
72 38 
63 136 
205 135 
129 86 
184 126 
89 116 
255 255 
230 244 
73 37 
70 48 
82 45 
218 145 
77 39 
179 207 
12 72 
193 123 
111 177 
0 39 
30 23 
241 248 
101 74 
223 145 
205 227 
150 204 
212 235 
158 116 
244 171 
53 22 
88 61 
119 182 
98 170 
134 123 
246 250 
147 101 
247 251 
37 105 
97 166 
255 255 
204 126 
133 178 
112 68 
128 189 
14 57 
241 248 
35 103 
148 91 
173 121 
237 165 
9 59 
119 183 
9 27 
167 215 
14 33 
255 255 
53 18 
166 214 
60 24 
244 172 
154 105 
27 16 
120 183 
40 7 
160 211 
37 37 
54 45 
111 178 
135 131 
172 123 
200 123 
105 130 
211 133 
53 15 
145 199 
78 53 
254 248 
13 18 
19 20 
194 123 
187 228 
94 49 
226 150 
132 79 
233 158 
225 190 
103 169 
110 75 
169 104 
1 36 
92 59 
171 204 
223 208 
6 31 
19 80 
163 101 
51 14 
45 21 
255 255 
241 248 
52 49 
234 160 
51 11 
66 139 
98 169 
152 185 
168 118 
255 255 
7 68 
26 8 
174 201 
27 93 
211 161 
158 109 
255 255 
191 231 
103 80 
38 106 
78 41 
149 203 
16 63 
249 181 
178 220 
106 68 
9 49 
220 146 
40 13 
172 219 
25 25 
160 193 
146 88 
17 29 
31 57 
103 69 
72 148 
147 106 
218 142 
92 57 
197 129 
234 157 
82 104 
41 111 
87 99 
156 208 
212 137 
27 32 
184 148 
104 63 
217 144 
242 166 
105 82 
0 42 
251 254 
103 65 
110 61 
234 158 
183 226 
227 150 
38 24 
236 162 
142 102 
85 47 
120 181 
225 149 
219 142 
141 198 
86 121 
232 203 
53 34 
30 11 
218 171 
250 252 
52 25 
179 114 
195 222 
140 86 
242 249 
92 52 
12 70 
102 72 
172 218 
17 81 
180 113 
65 44 
141 198 
65 33 
21 86 
230 182 
18 12 
50 122 
184 223 
2 55 
59 130 
94 159 
119 74 
10 65 
16 20 
135 131 
146 202 
88 155 
85 100 
57 40 
183 226 
165 119 
8 65 
148 108 
193 232 
239 163 
242 167 
55 95 
19 67 
142 196 
57 22 
42 24 
78 156 
159 192 
156 109 
48 9 
5 65 
121 184 
55 30 
204 232 
40 109 
91 47 
213 142 
8 23 
194 229 
60 45 
207 153 
196 222 
201 235 
211 165 
155 207 
41 3 
255 255 
183 122 
180 134 
202 234 
173 203 
16 17 
73 148 
203 133 
169 105 
238 166 
91 65 
48 120 
102 90 
255 255 
161 212 
91 113 
29 92 
240 169 
168 217 
104 60 
145 200 
137 196 
138 181 
125 116 
199 231 
90 54 
154 207 
56 36 
113 67 
106 82 
255 255 
29 22 
123 185 
108 58 
57 129 
207 238 
215 145 
95 54 
118 182 
247 178 
90 52 
255 255 
219 140 
143 105 
108 152 
10 20 
17 66 
81 158 
250 250 
11 28 
161 105 
122 81 
141 197 
63 44 
170 106 
172 219 
104 69 
224 242 
225 245 
230 159 
253 255 
177 198 
221 145 
34 9 
54 13 
120 183 
9 27 
136 194 
189 222 
159 210 
41 20 
149 96 
174 117 
128 187 
255 255 
33 36 
123 185 
89 50 
236 247 
76 94 
74 88 
158 119 
4 30 
178 222 
144 200 
244 171 
59 48 
116 83 
6 26 
168 120 
108 66 
195 130 
129 188 
177 222 
254 255 
45 113 
32 4 
26 4 
208 140 
203 236 
100 170 
142 100 
72 148 
38 99 
231 153 
125 174 
178 223 
127 171 
114 85 
32 99 
160 211 
45 75 
227 157 
192 231 
228 246 
228 149 
54 98 
254 255 
0 46 
165 103 
198 127 
106 174 
250 253 
128 189 
126 89 
2 37 
185 209 
68 142 
192 118 
20 16 
197 125 
239 164 
121 83 
147 88 
224 146 
168 116 
50 9 
201 133 
184 227 
189 230 
139 194 
111 117 
71 85 
229 155 
209 239 
23 6 
14 14 
183 222 
15 23 
197 122 
4 43 
66 136 
177 223 
95 69 
255 253 
219 144 
139 195 
83 41 
254 214 
236 247 
79 57 
204 231 
200 127 
134 82 
18 10 
9 51 
190 118 
237 199 
106 61 
170 214 
136 83 
243 172 
112 74 
77 50 
172 108 
178 223 
99 170 
165 101 
99 69 
120 179 
148 191 
149 203 
127 188 
61 131 
30 95 
218 242 
118 182 
111 177 
215 241 
47 37 
215 242 
125 93 
94 63 
109 62 
60 27 
200 230 
39 108 
153 178 
141 199 
142 105 
156 117 
255 254 
218 241 
199 152 
54 16 
106 117 
84 49 
255 252 
25 92 
201 134 
169 151 
245 174 
100 171 
185 227 
34 0 
144 102 
13 63 
46 20 
254 249 
33 2 
20 19 
223 146 
139 195 
231 154 
255 255 
156 201 
155 203 
117 66 
71 147 
162 209 
255 255 
48 18 
244 170 
6 41 
13 21 
77 44 
173 195 
142 87 
224 191 
85 43 
197 228 
110 177 
191 125 
187 228 
124 82 
117 68 
223 245 
52 123 
151 202 
162 196 
232 154 
71 147 
135 194 
26 27 
225 149 
255 255 
189 133 
86 137 
150 91 
119 83 
47 25 
47 28 
237 198 
67 140 
192 119 
32 4 
190 123 
25 77 
19 41 
188 120 
182 226 
116 77 
195 138 
134 193 
148 185 
255 254 
201 236 
212 185 
117 76 
85 44 
19 24 
27 30 
52 54 
172 218 
128 74 
234 246 
183 226 
2 35 
230 152 
162 208 
255 255 
59 35 
67 32 
140 197 
69 143 
96 168 
192 126 
194 220 
157 116 
212 240 
84 161 
185 122 
31 0 
49 19 
190 230 
163 117 
191 121 
67 43 
96 55 
138 197 
154 203 
144 148 
181 225 
124 186 
35 0 
1 49 
202 178 
241 170 
163 213 
247 180 
152 185 
254 255 
22 40 
227 151 
255 255 
229 151 
201 193 
63 135 
47 6 
219 243 
255 255 
39 1 
129 129 
152 92 
162 121 
111 81 
144 93 
131 91 
100 171 
28 1 
121 185 
9 22 
41 110 
117 72 
253 255 
35 17 
191 218 
83 58 
232 245 
31 19 
53 36 
82 89 
75 53 
90 57 
249 180 
186 126 
129 187 
71 145 
157 209 
135 192 
149 104 
23 12 
29 42 
88 69 
61 133 
86 45 
97 103 
212 240 
245 249 
28 21 
8 65 
168 215 
194 232 
12 41 
24 30 
105 146 
3 32 
168 216 
166 211 
146 199 
255 250 
49 122 
135 194 
120 70 
215 146 
251 184 
107 64 
255 255 
18 20 
158 204 
255 255 
39 8 
71 146 
96 164 
168 213 
61 21 
43 112 
227 150 
191 224 
88 48 
100 78 
46 115 
202 232 
218 141 
7 58 
25 12 
224 191 
255 255 
95 72 
152 201 
181 225 
149 204 
157 113 
126 130 
124 121 
52 11 
27 92 
209 144 
117 83 
23 17 
134 94 
171 119 
147 96 
209 135 
187 213 
31 7 
62 47 
200 131 
4 62 
20 26 
230 159 
193 232 
58 42 
58 33 
93 49 
203 133 
76 34 
75 40 
0 46 
51 86 
162 103 
59 69 
108 70 
249 252 
223 150 
84 161 
139 195 
29 3 
197 140 
245 173 
161 211 
255 255 
191 118 
99 106 
213 149 
232 160 
154 94 
205 143 
109 85 
134 98 
248 253 
161 211 
234 157 
170 217 
210 135 
131 138 
226 245 
54 121 
115 180 
184 140 
207 135 
246 235 
80 52 
114 84 
193 122 
84 161 
132 192 
243 171 
255 255 
19 43 
25 2 
241 248 
117 104 
163 162 
5 28 
19 20 
150 104 
126 187 
25 89 
76 35 
228 150 
151 203 
5 42 
136 114 
178 223 
80 44 
87 162 
253 248 
246 250 
126 93 
22 18 
186 114 
13 14 
93 166 
38 45 
19 31 
136 194 
252 255 
250 254 
255 255 
84 47 
255 255 
73 38 
146 198 
76 152 
240 169 
27 25 
137 195 
53 124 
255 253 
153 195 
20 30 
116 80 
70 83 
209 134 
119 101 
98 169 
7 66 
208 136 
0 48 
50 8 
53 51 
251 254 
217 242 
84 58 
21 16 
159 210 
85 90 
202 140 
255 255 
255 255 
237 247 
71 83 
163 213 
70 49 
98 161 
37 9 
181 114 
204 234 
67 141 
46 117 
171 200 
95 167 
253 205 
233 156 
181 208 
255 255 
212 190 
195 220 
86 161 
22 85 
49 14 
222 190 
61 132 
160 207 
91 60 
24 86 
85 46 
112 179 
2 42 
15 12 
202 235 
86 44 
238 162 
24 6 
130 189 
80 41 
216 239 
15 24 
255 255 
64 130 
137 196 
226 147 
1 37 
165 214 
130 189 
54 11 
191 142 
207 238 
39 3 
222 206 
156 208 
183 226 
50 22 
217 148 
196 175 
54 13 
42 34 
7 62 
52 12 
70 145 
108 175 
79 147 
32 1 
13 26 
232 196 
208 137 
45 116 
21 64 
80 43 
2 53 
202 134 
102 172 
99 170 
133 192 
195 232 
153 206 
53 116 
178 223 
72 35 
191 230 
107 115 
63 39 
255 255 
80 56 
62 27 
247 251 
66 116 
19 11 
0 43 
144 200 
184 137 
4 33 
129 151 
127 174 
30 30 
205 139 
53 11 
13 71 
83 51 
1 38 
100 75 
113 178 
156 96 
163 100 
42 2 
176 217 
70 143 
26 12 
179 224 
216 144 
11 73 
192 223 
178 223 
240 201 
89 97 
240 166 
47 53 
16 10 
211 236 
48 91 
172 219 
109 125 
26 19 
136 195 
87 103 
47 9 
58 20 
126 176 
165 213 
98 51 
66 48 
184 115 
80 39 
195 233 
239 248 
153 206 
7 57 
20 8 
146 88 
99 76 
160 210 
249 183 
247 250 
147 105 
104 56 
128 186 
164 209 
188 120 
92 67 
79 156 
225 189 
135 83 
148 203 
50 55 
1 39 
64 136 
20 67 
78 44 
70 36 
246 249 
167 103 
200 123 
129 77 
250 253 
157 209 
35 3 
8 35 
108 68 
253 252 
235 163 
210 144 
77 155 
123 76 
222 150 
96 75 
45 23 
42 13 
70 29 
151 202 
30 6 
187 228 
54 14 
76 103 
113 174 
106 175 
102 64 
213 238 
136 97 
219 143 
114 173 
169 217 
203 130 
186 227 
107 73 
227 149 
237 165 
176 222 
65 134 
188 211 
255 255 
182 171 
135 86 
31 4 
173 219 
117 180 
181 210 
17 81 
251 254 
255 255 
48 91 
60 109 
218 241 
17 13 
234 157 
209 240 
55 18 
20 7 
174 216 
226 150 
49 8 
39 109 
134 192 
156 207 
104 79 
143 198 
49 16 
126 188 
9 59 
147 202 
127 187 
63 24 
199 235 
170 121 
22 17 
234 246 
111 177 
171 218 
177 109 
186 116 
224 242 
13 14 
255 255 
255 255 
189 118 
209 131 
125 85 
194 124 
25 5 
161 207 
99 78 
42 14 
221 207 
111 81 
248 250 
144 104 
171 218 
214 147 
255 255 
137 191 
224 147 
255 255 
233 155 
116 88 
73 33 
114 80 
202 129 
48 30 
10 21 
229 157 
26 15 
169 216 
130 189 
206 155 
115 70 
57 129 
255 255 
169 106 
128 85 
139 103 
75 37 
176 221 
116 181 
5 27 
136 193 
232 160 
184 226 
244 175 
183 129 
103 111 
12 75 
131 160 
216 143 
43 102 
150 204 
69 46 
149 104 
73 50 
12 59 
254 255 
163 100 
161 211 
131 100 
49 20 
15 38 
244 175 
33 87 
211 155 
146 111 
52 28 
232 214 
236 159 
132 191 
190 230 
170 218 
78 45 
12 72 
238 162 
204 234 
91 105 
231 154 
245 175 
112 67 
158 190 
122 185 
64 46 
40 110 
246 251 
133 192 
116 181 
242 168 
43 82 
157 156 
92 100 
246 249 
43 5 
93 51 
120 183 
189 116 
156 95 
254 254 
154 206 
157 208 
168 102 
115 87 
130 190 
191 231 
110 177 
41 110 
206 179 
6 53 
183 226 
225 150 
26 9 
126 186 
201 236 
136 195 
222 245 
227 243 
255 255 
146 185 
81 61 
14 29 
229 152 
140 198 
113 162 
203 232 
177 220 
59 130 
122 93 
3 61 
184 227 
229 181 
73 96 
27 2 
87 59 
33 101 
90 61 
255 255 
81 132 
14 26 
38 3 
227 154 
231 154 
181 225 
31 7 
142 196 
77 39 
176 221 
75 151 
144 191 
58 120 
185 139 
150 204 
191 206 
104 81 
106 81 
200 131 
137 189 
203 143 
252 251 
18 42 
44 23 
224 242 
93 63 
236 164 
211 240 
24 16 
233 245 
15 79 
189 226 
104 109 
109 80 
17 10 
231 152 
112 70 
16 77 
186 227 
83 41 
108 68 
26 2 
54 31 
92 122 
39 21 
21 86 
176 222 
84 46 
19 10 
17 14 
139 99 
92 66 
220 243 
79 55 
122 185 
130 190 
104 77 
141 198 
63 26 
228 152 
170 107 
0 50 
67 140 
193 231 
19 12 
110 66 
35 102 
67 137 
214 144 
165 137 
67 46 
105 82 
165 214 
221 241 
194 139 
8 60 
213 161 
219 141 
209 239 
180 224 
91 87 
229 156 
199 235 
143 101 
118 182 
167 216 
180 225 
29 2 
51 11 
203 138 
215 147 
50 12 
124 172 
58 21 
191 117 
38 64 
143 182 
117 76 
212 141 
177 222 
207 132 
47 6 
255 255 
2 59 
66 94 
173 118 
128 188 
43 102 
55 23 
67 141 
222 244 
189 130 
145 201 
109 176 
79 41 
22 18 
162 112 
221 140 
87 45 
220 241 
59 36 
194 229 
135 88 
57 44 
118 182 
56 77 
210 131 
125 74 
250 253 
93 58 
128 100 
33 2 
208 238 
217 202 
71 142 
222 244 
230 159 
10 65 
143 195 
136 82 
38 105 
220 240 
64 29 
187 228 
248 253 
73 70 
170 218 
153 114 
180 115 
101 171 
252 189 
167 214 
88 64 
156 194 
252 188 
173 220 
26 7 
236 242 
159 209 
149 203 
67 27 
3 31 
65 79 
57 42 
240 165 
119 126 
49 28 
226 244 
221 151 
203 236 
110 146 
87 43 
160 102 
232 247 
21 40 
53 58 
215 139 
155 100 
181 138 
68 49 
12 17 
177 118 
54 18 
175 147 
173 112 
98 170 
109 83 
5 28 
77 141 
81 64 
112 178 
205 134 
250 251 
198 233 
31 0 
64 136 
74 74 
132 97 
255 255 
229 153 
126 73 
241 166 
187 205 
108 87 
242 172 
64 30 
16 23 
216 242 
198 235 
243 209 
160 105 
113 179 
147 188 
48 17 
255 255 
94 51 
145 201 
220 239 
104 103 
35 37 
183 117 
94 52 
174 220 
83 103 
211 239 
154 207 
36 101 
156 96 
175 109 
67 55 
238 165 
156 208 
244 169 
48 7 
68 85 
97 168 
79 57 
70 91 
70 146 
36 1 
5 53 
234 158 
191 225 
207 134 
45 88 
76 33 
110 130 
120 75 
171 218 
35 4 
158 210 
128 90 
100 67 
83 109 
78 52 
221 244 
73 55 
255 255 
57 128 
90 56 
248 251 
123 185 
77 154 
46 117 
6 29 
78 79 
80 58 
54 21 
49 8 
217 143 
81 40 
239 164 
73 106 
89 163 
133 190 
179 118 
171 106 
226 148 
230 157 
171 105 
190 207 
187 226 
149 202 
216 135 
213 142 
66 139 
175 220 
220 142 
176 222 
69 33 
132 77 
104 173 
16 19 
85 42 
50 31 
95 62 
182 208 
1 52 
13 21 
114 179 
241 165 
146 200 
238 166 
235 158 
134 191 
104 72 
158 209 
105 162 
180 115 
133 192 
151 202 
115 180 
66 40 
148 202 
252 254 
255 255 
70 70 
183 125 
