45536
11447
857
7685
28687
40184
40206
37067
30488
53435
1389
42516
37354
1029
53347
43589
47822
43319
45536
39869
8339
30705
43271
43296
2684
28810
31349
28838
48437
48535
1347
54810
42777
576
343
31735
29207
12817
43302
7791
42845
10576
1042
29523
43634
42215
13000
43457
31328
416
40350
43700
650
17729
41739
3907
29237
40395
42692
2743
42192
9790
2015
40356
47849
53329
351
28836
12814
3448
3187
33918
390
41972
14517
47927
28811
47940
55308
48509
3717
36889
31336
3907
3570
13963
47970
14504
12521
55045
3384
30960
31752
3760
37094
54358
45265
42169
45651
55216
7618
41763
12481
2269
29059
10311
28708
30960
851
3178
47256
53365
8059
14677
7745
3333
12479
3746
1004
47636
43590
40181
11030
42723
55523
14728
43824
40348
47188
12793
43304
42117
810
9272
3755
34120
53740
28931
1065
47216
13068
32209
40356
10842
42756
3955
45658
43480
53763
29067
7687
9453
7660
3600
43092
12458
1076
12919
3717
45264
7713
2038
43690
1353
9377
53459
28687
3813
42513
41959
9164
39869
53456
42192
42005
8792
41212
29396
47807
17740
28700
14365
7614
43477
43709
1341
43687
48429
9941
42698
9156
3059
53453
1938
31965
3792
11428
45502
40188
7142
37455
749
40155
45502
7154
37459
53755
37351
1376
9684
3818
42884
44285
12790
36883
3614
1539
7169
9200
3714
47143
13413
45242
7651
43468
12327
7642
47177
3199
36888
1341
47823
2056
37299
53285
55070
9201
29529
3083
37058
37346
28873
31305
46428
497
47207
12861
9937
42212
11863
31311
3745
3097
1387
36888
29523
7903
55575
39855
37465
47175
10329
1057
3485
7244
40332
714
53329
48436
44118
3911
10141
17763
43690
9591
45550
694
42840
36672
47225
9808
45666
2847
43690
600
47167
8033
55889
43690
9633
53231
7897
12411
6919
43320
3670
3771
9239
14299
40351
9649
43590
15700
43628
29401
45668
48461
48507
606
30684
40177
31990
45503
40147
48455
7227
3067
53742
37064
37456
3932
55188
1352
43665
40124
1051
45240
522
46266
37069
9264
534
1524
37351
9704
2167
3665
7619
3665
47815
48480
9874
505
42825
2550
36861
45551
42058
1316
54374
44777
41203
45501
3758
7753
1156
43024
34113
3608
48504
4468
1006
3577
9423
9821
43709
55026
381
47174
3226
53435
3512
43462
8367
6940
37120
37258
55572
47754
8618
36806
14964
9517
12293
36819
2396
3757
55236
29199
47214
9499
7194
476
31153
47185
173
1328
36804
47668
3910
47205
12859
46261
1430
43638
30961
3110
12831
17768
7413
487
7656
36886
36805
12021
17728
48478
47743
17738
290
4505
36880
37463
858
44566
55589
7347
42117
1276
48428
34145
40232
40358
9312
17773
45272
8961
45518
3758
12067
43319
43690
31341
53305
14966
8879
7846
43690
45512
611
3908
3198
45515
14587
47841
3810
29376
36738
338
813
47188
43690
40330
987
40204
55151
364
14793
8617
39934
54335
3940
740
11547
9228
11247
55785
12913
9259
47222
1494
12956
53889
10344
7104
55167
9353
37095
1932
1407
43641
1396
424
43690
494
55901
7830
36060
42770
30687
43701
42819
47796
28835
48450
328
37084
47829
1678
48508
7307
374
48483
2948
7999
36656
31487
12789
53198
519
53985
44543
40232
37352
28689
47851
3058
39887
55181
43949
45640
9800
45266
39856
37309
15699
1479
3762
43698
53185
8751
55553
47621
43675
40347
7633
32335
39902
47191
43477
3806
40400
37308
43320
42514
42214
47955
37458
8216
381
3801
43690
45662
39902
46776
47798
28684
7790
12850
3622
47786
40226
42830
3647
37069
9375
29384
53350
33026
47921
37298
9887
37225
14636
40376
43690
3081
39858
45089
31331
42514
17739
13515
984
45538
12938
43316
43549
31186
47115
43690
7837
45516
45097
42873
43302
36848
55698
40216
9793
9297
48491
9435
2005
3929
3719
9509
53755
45548
33332
43294
46916
10698
1138
9315
28808
11543
40793
3918
3030
40401
32800
29378
40321
7853
55159
48540
28714
42205
55720
43690
44692
834
3730
35274
1041
28707
11533
40231
43690
37465
37067
42808
9325
42521
40012
42204
43690
3168
3989
3483
41770
45502
43690
9443
40232
12942
7340
3802
3175
17743
45047
28713
43481
55640
30971
12309
6944
47632
11748
43470
8622
9465
9285
14390
1049
53326
12981
351
55759
7641
30696
43763
48436
3656
43471
999
54016
43663
892
40206
43295
9948
42109
40536
28688
169
47249
3085
55528
39918
47764
45488
4441
37324
8867
43633
42214
4432
31165
7245
9409
7778
12474
48523
44723
13547
29527
40207
43462
53228
37109
53415
43476
37298
47958
53794
40328
47656
48539
2995
44961
13508
14547
37289
44881
7145
11688
42151
9818
35011
48021
30683
43689
48540
1473
43696
34118
43690
37456
36855
17762
40176
8630
53216
8312
40358
7316
47178
36886
3243
3171
3208
12741
3756
45658
3123
55101
9819
37354
454
36852
55514
9705
12514
36814
40223
43644
55661
28975
42146
42698
55774
44320
48038
43725
40227
2799
53899
402
43690
35848
42008
45669
7447
29526
42882
29316
3776
1197
48392
14099
43690
1341
378
12309
42192
35947
55096
40204
8339
11671
43479
53764
797
45548
40566
48537
40187
47805
43641
17760
43470
53350
12779
48417
40204
40321
55027
40206
48529
37308
40189
36621
552
39907
9911
7096
37458
11499
42512
8641
12208
45656
48026
45000
48476
683
7196
34825
14342
3699
44983
3686
37464
9709
47833
47937
7251
29520
39902
40234
1210
55715
29411
8333
39856
36848
9207
9449
37348
55628
43954
53477
12848
9448
9826
46093
48009
3599
3137
54352
7331
12490
28880
1496
342
3048
7843
29200
1450
40076
43289
29323
53335
17767
37324
9648
1077
55241
3829
53422
28712
7752
1338
34046
47199
9158
40206
9242
55535
2309
360
39856
40321
47976
45677
7680
4451
34391
29269
12522
55156
42218
6942
462
37069
10090
10763
36805
45555
47945
11473
11301
29387
40320
2705
14463
3188
2829
42193
53353
11490
45634
7410
40176
53775
53190
40224
37296
42840
36840
13589
4424
37466
7313
3786
53434
53473
525
15705
31334
45517
42145
7189
1301
36805
42005
7440
36756
42004
40355
9361
42721
9773
1330
40473
36883
11592
48526
43690
43690
8667
12945
9493
36835
1278
36857
28840
14508
12357
43477
12781
7801
42836
39915
39904
47793
13550
9284
326
40206
40358
45664
44272
13748
8132
37094
1481
3192
40793
43690
12515
30479
377
54831
45507
14808
45267
29209
43690
55743
3690
36850
12243
45088
1197
3813
12077
3283
14374
3629
37307
3597
7718
42854
31308
42737
884
34113
40350
53454
43686
371
43842
45660
40204
14963
48045
1083
47745
45657
3013
577
9801
37323
45665
42005
43966
3182
28803
45093
43591
3027
43759
1624
40333
3808
40189
39867
1087
29192
3904
9401
43580
42723
29211
37299
1258
37343
37063
55280
3948
55267
53427
46528
331
13370
9487
42728
42152
36667
42734
43690
48384
3219
33128
54965
10036
8698
29412
46781
42137
43304
1598
11495
9936
53401
37056
30686
40356
11682
3800
37136
47153
12969
40371
43675
39855
55528
12778
45511
11306
42794
42745
10581
37307
47944
37301
28810
10525
342
3755
28709
7788
37340
676
39902
3707
42917
43305
3802
47165
14498
13647
7369
3989
359
544
9832
3677
42905
10982
37086
29392
7133
43675
12778
12742
10090
42892
722
9346
47179
48508
46343
36529
9931
37298
827
37056
40332
10100
42519
8679
3768
34174
1536
12945
30667
474
32034
2883
1455
8983
8115
1285
42720
30961
3936
3287
7612
2707
369
9212
170
14787
43666
4501
37347
55096
45489
36857
1977
45502
47189
9377
42135
29200
55615
2870
9828
29526
3142
39911
9150
30693
8581
10081
35093
11614
55497
1354
43690
47210
43707
42028
43660
8025
9661
511
34128
52993
1280
7744
37070
10159
28811
2805
39907
39973
1114
54097
55778
28838
3716
42698
45647
30694
53251
40213
43677
43645
35653
7276
48529
54917
812
477
55190
855
54961
12788
37342
9265
55889
42837
42731
633
10148
3761
42697
43470
29273
42099
39856
47754
32711
55775
43299
40232
53794
55148
34865
45664
42116
36889
2567
47527
42021
48528
45801
29068
43690
12519
7193
48549
39887
53364
28708
45518
1515
54923
6916
659
9275
47184
353
40349
40204
43690
37091
7901
31571
8923
37354
45657
40319
7730
41750
9237
43683
3276
40619
40358
9132
34838
30667
14369
1008
48539
42692
55700
31162
54152
39858
42021
2993
290
47639
1119
54246
1166
42835
998
893
8011
7655
29199
55499
7364
39914
28851
31154
14367
45506
40422
1948
43690
48040
3753
53271
39900
9625
47209
3278
1445
47760
47646
45669
53815
12921
28691
14507
55187
12304
7115
29187
17768
30738
12740
14520
44882
7610
43690
298
34066
42146
4433
34166
54042
48451
55161
29527
14759
3628
28813
34321
3819
28699
3765
2613
53295
31187
55322
7757
47991
55028
9352
3407
47212
12512
39907
3764
516
1154
53972
53441
40472
37056
55185
36854
40056
39902
1141
43474
55281
12489
3689
55702
12357
31645
7822
36663
11994
42215
43456
29143
47178
37287
2819
48540
28828
42212
40220
8017
37064
53935
42152
53892
849
31184
31340
47993
36887
54961
28883
47186
40204
40357
55655
32754
43323
48003
47685
40190
39951
40375
33691
28707
3416
10102
42145
54077
7450
1042
9023
40348
48439
43587
326
45556
43641
7882
37307
8632
48506
39867
29343
47977
28838
53435
42005
43310
40785
12964
40347
17736
7783
54999
36838
42872
10736
3775
8002
9494
43696
2437
37130
45500
47995
3450
42212
475
48007
42005
47990
43473
14371
3115
1092
54984
9884
39912
9661
45534
36887
7691
43691
9665
9953
37067
42698
2946
9873
44247
37298
45262
40793
40180
17756
7794
3737
36851
55256
42194
1923
37058
47201
43470
46793
9658
39858
40232
7755
37340
37066
53229
37351
47612
9453
31408
48436
3915
45535
42035
42738
40207
46455
11552
14464
28836
12512
37458
39907
10491
37352
43690
7626
11732
43665
7255
7652
47771
40223
3719
40350
8472
43690
36309
42746
28857
7650
3396
53940
7730
45550
53891
2900
54983
7275
14762
53326
45656
686
53308
45513
53255
3652
42720
43690
39903
42165
43690
166
47912
47954
2226
28800
54978
36858
43677
37088
42217
45502
41717
11702
55270
40224
1032
3138
28701
43690
45514
8296
635
9512
40126
809
43684
355
42734
37057
7380
53189
8147
12921
55206
42152
7306
37340
45669
8004
7619
28709
42510
7648
1063
54234
11225
42817
9655
3492
40380
14895
31646
37307
48529
12515
4430
55898
40223
42192
864
42828
55281
3942
45245
9021
43678
1280
42785
3674
7417
34313
42146
7938
3756
14915
47830
43765
9192
12456
37091
42049
3129
39900
42212
29213
53775
11475
55888
34681
4461
28697
8203
48503
174
8010
1265
54041
36883
28974
37095
2713
9720
3806
9673
3256
54959
46881
28933
43639
39864
42205
28689
37055
9601
37055
53898
45188
40333
55116
47868
29052
31308
9732
42513
565
54365
47509
40348
43662
37096
8067
7616
43709
10807
35971
39902
54056
13572
47840
44567
1508
886
44280
39902
17741
537
7188
37061
40320
37092
39884
45650
29209
36848
53272
37066
4419
28689
40348
47879
12854
34123
43690
1047
807
55734
33756
47854
3425
12971
9919
40320
40227
40227
43817
33965
53981
40459
48439
8592
55730
29412
46868
42002
35888
28700
1237
9048
47826
47946
7368
40366
2821
36613
1202
39907
48450
3126
40046
36721
42518
3788
9242
14350
470
7779
166
29401
890
37070
6944
1657
47812
9891
7240
31885
7910
37458
31193
10907
9408
1903
8313
43707
3210
37326
43274
34326
43690
53967
48536
800
47835
28707
1262
14780
47684
1048
829
28711
32923
37463
14857
37067
29377
43686
4469
13673
3477
45503
48393
43685
43310
55142
43691
11139
40157
3138
3926
55037
36856
7866
54030
31336
43751
40351
42217
7201
7308
7162
295
53185
39869
37307
55709
8124
55150
44563
29387
43321
29524
54065
14272
43304
45556
9332
55082
42146
1454
551
40333
48506
15001
42202
54031
40350
37352
12742
14899
33501
37214
39869
31214
9631
3527
44446
28881
1925
42816
14851
42027
45263
890
12515
43657
33984
54974
7148
2223
47211
8854
53995
809
48538
3804
54086
48541
42821
3219
1339
28846
55235
45091
3948
53772
9784
53357
47549
1608
3818
7376
53227
39951
3521
8005
40233
17729
9768
47947
40332
7294
47846
31013
55625
48510
13092
55500
17739
47636
9863
29407
43690
37060
45663
30960
48458
28885
37327
14901
44709
7824
39900
32345
8207
36392
36786
3754
7715
48458
42194
36803
7651
17738
31983
43690
43685
35853
1380
53267
9724
53891
28800
4429
47257
994
47882
42510
45091
29175
43450
28831
37455
29414
48428
7101
39856
55517
7224
2520
7616
8683
1340
9228
53368
523
1350
45632
39951
55777
37087
14926
45088
55107
32232
55517
39998
3043
46508
47950
37083
47610
39884
7725
48496
37249
42965
42144
452
43695
47983
11602
12769
48538
40321
3747
29378
8023
42119
36880
37304
55294
54951
12479
42153
48018
3790
42192
6935
719
40102
10483
3948
14473
45661
53921
42078
48509
40532
780
7614
8488
28687
43695
47982
34802
40320
9380
790
14388
28811
13885
468
14900
12347
9699
7158
30657
11340
47840
9025
42217
55484
3935
43690
42199
48386
14344
28813
47638
9897
8341
40329
337
47711
9193
557
8610
48532
37465
2444
53362
864
3228
42217
54966
8669
45189
43661
43264
47848
34461
48501
47818
43677
47169
17770
42694
3905
6945
1294
12742
54166
14477
55016
43686
3784
55500
14226
11729
485
40385
43708
47981
9871
10952
37355
7691
43721
37303
14971
9278
3486
11275
867
9907
29212
4433
7216
7828
53249
53188
37056
7191
3137
3794
44453
31306
48037
48478
343
48450
7093
28890
34153
54991
40372
3593
28811
9425
37085
48013
37324
37338
40169
43305
1072
13652
9498
1233
54359
2972
40084
36786
8651
7855
40772
48499
42817
11973
53485
11328
28839
9731
53283
2047
12060
42006
40357
11391
39858
55612
47225
43632
43690
54030
48045
53217
14367
28802
9512
28713
47932
54121
3785
37342
31166
43304
8460
9369
2682
47599
40232
37346
1228
9863
45555
9660
47758
28885
3920
17767
13241
28885
10340
47819
8785
1376
37088
550
806
7835
43690
43690
28887
1442
43692
43684
45647
48391
28885
338
3278
9859
55292
3266
39960
1633
466
366
42510
40232
7800
11514
14463
29404
987
17773
12963
9460
8404
31501
32711
9836
45538
853
43690
9857
55010
43690
54352
37068
41674
9347
4450
14833
7182
7625
8044
53766
55708
31192
53451
48527
39864
40231
42720
42203
47882
28890
37309
30659
2184
42203
37059
43568
8977
13615
1222
45668
7276
40576
42831
28801
42723
48021
7679
639
36032
37343
48501
999
2625
29404
40059
36889
55266
40057
42212
37068
9163
10578
10049
40206
42217
43690
36843
30882
1304
12940
53021
14465
42698
9669
9286
1290
12929
42518
3829
53784
45518
43690
32832
42203
40459
3735
12042
11569
43476
42145
30693
47947
17768
8313
7950
36560
45632
433
7100
40209
35016
47784
42724
43690
9599
41972
7230
53935
34742
47163
28835
37141
31184
43690
48496
42028
3179
55757
42511
7855
45929
7414
9246
45658
3509
41262
375
42512
3910
2044
47628
7306
43640
36807
42723
31662
40177
39855
7675
12920
1054
40321
28701
48510
47274
3723
37067
10167
53182
29399
7044
3560
37218
28688
483
15701
42129
12851
14474
46541
48526
53022
55216
43690
34585
45044
55163
3631
9657
45655
12482
37465
14339
28834
3400
13030
39856
9682
41985
1205
29412
41724
40483
9841
812
12914
37464
42217
40231
7837
300
17813
47277
4431
481
39960
43690
43696
47167
48456
37463
9481
170
29209
31887
47987
37086
28841
53349
48015
40322
12482
14900
3932
12805
583
55315
12482
2718
3750
7628
40231
43678
37309
42152
42760
28702
3136
45504
39887
7290
34126
2800
37117
1301
41274
43690
14942
43933
9179
37456
55209
37300
29415
42719
43664
10939
11754
7807
39911
2698
3663
55320
30961
8911
45537
8013
844
37338
41555
37094
45672
14568
7802
1253
47779
12521
7238
37055
29523
7449
11596
3498
42146
43824
9954
42698
7834
45640
47198
3608
494
43590
37348
48428
435
8632
9737
7971
42192
30664
4454
1084
39856
4458
2943
2774
53018
40184
43274
17762
512
47210
3808
53747
37083
45649
9655
17773
29376
7874
43690
45647
39907
37160
893
54155
28808
12788
37309
40218
42750
29527
7654
53747
43678
40205
39970
47936
3930
29414
53802
36858
8117
1533
14826
45663
7685
14177
1248
36887
40331
42157
10578
3585
47187
47964
42004
29398
45110
28831
28832
43663
54349
45499
55086
29406
10101
36756
29200
31160
43690
42802
42726
39991
40233
9887
43632
12912
36768
14612
43476
6908
47283
37352
9241
9817
3769
9031
45242
7236
48537
53215
2199
1060
30483
29313
13961
11096
36855
1141
9378
43724
40331
48506
14379
39903
31337
32159
36848
42004
42157
12342
28698
53238
3301
48542
382
837
43677
54972
40358
4445
14999
3522
7124
42748
36031
9910
9216
28702
3817
43701
35981
7921
40411
3721
37056
45662
14337
40143
55890
17729
37087
9161
45189
55312
43690
39912
45243
1986
3421
40321
42512
54231
53021
55033
8037
810
45535
53405
677
42839
43689
12515
43306
296
43639
42166
53766
37463
47831
37162
31338
48387
40330
40222
45101
4456
14847
35093
47976
39886
42195
3712
48012
47201
30973
46456
9823
42723
10331
45263
48530
1097
43634
55195
40233
37095
12480
12779
8067
40117
9336
29412
47251
53314
17760
794
3007
41749
7211
982
48451
40405
14995
48393
29135
1200
42497
47215
29398
10058
1033
47985
9762
43709
43679
40681
47940
1242
11580
55179
37087
55728
473
3692
8918
40319
37085
45631
43723
43690
1489
30481
43760
43690
492
55074
7647
3792
14477
40319
44714
47927
518
30849
36887
40220
28813
55047
12742
36606
39907
53236
985
37097
767
467
37327
42005
2111
43843
39864
7293
45513
28831
42193
54029
53261
423
31658
37135
805
43682
3775
7669
39902
1411
43455
41995
41995
37336
3291
7365
32082
582
39858
1277
53932
1032
563
9230
37304
40189
55283
1222
48528
28714
14901
55644
31336
3930
36858
36855
7266
42021
36858
43690
43690
35911
17763
46876
37295
9516
14775
34195
2182
12920
14465
40328
43634
442
28836
3069
1124
53440
9293
43690
42514
43690
43485
3100
47752
7161
9414
55641
48424
9681
37329
40210
14853
37346
473
36884
3791
3713
53228
7095
47792
14965
40841
592
14931
7740
28695
3355
1005
9687
28689
14835
1375
43691
30991
28710
47970
45508
53185
45649
9791
40221
3546
7111
7392
36423
42808
46017
45661
7353
43983
54141
48462
12841
47852
9735
14529
40333
9700
42011
3910
3371
45512
1030
48429
47278
9281
36678
1278
7099
48442
43314
37327
14370
10239
39889
30669
12036
3755
36883
10318
43678
45062
36848
3132
37085
44311
12945
14516
419
55610
7906
29384
45548
40207
7830
30692
9650
40320
531
1081
48480
15705
53792
11967
47849
3231
7385
8627
1111
839
55006
42192
14026
40025
45549
37343
4452
55004
1308
30753
36661
53765
14998
55113
47223
55115
1539
28800
55585
14946
29087
43663
7818
3932
31330
40032
48457
3590
54062
53895
1284
40332
1152
7628
3777
28712
1181
3822
8012
40330
3278
40227
12314
40356
8058
3472
12964
1354
9438
9317
40222
11395
7444
12969
1347
3175
48024
28837
2885
53390
3568
42518
1242
2617
29411
8712
31176
31153
3514
29202
7828
7816
45519
7659
12769
48478
11159
42212
28802
11843
11738
45556
2838
1083
45246
48538
43692
42146
7935
3810
1250
40171
1685
55179
31329
39914
483
39912
14851
8584
7368
29196
2651
8801
3271
45233
28811
32151
42813
12781
43642
3121
37343
29527
53436
36852
37086
8850
47864
43677
7393
55490
42201
48446
463
10136
40356
28707
3697
53897
3170
34089
9073
43691
47038
42724
8019
54377
42169
28831
11148
846
12329
47693
54244
55215
40177
1033
9864
40209
344
36883
2387
12798
47824
1381
55777
43663
1352
53018
48513
8505
8045
8534
55903
40524
46299
43690
28808
55512
14390
40189
45658
47818
40522
29523
11079
34384
32171
45555
810
55291
37066
53739
12946
53764
2339
47660
859
10132
43695
48497
515
54290
47261
14337
37351
48507
53013
37343
37141
36805
28688
37249
53309
42028
15702
54088
53477
45097
30971
28831
7642
29411
7090
53407
3401
55015
29278
43698
43690
8792
36886
53889
31003
45647
28802
37353
14973
39864
3632
12518
12779
53786
7797
30684
29404
53266
2003
9761
6913
45500
28935
48511
42144
296
53998
42125
14559
53791
36856
43633
53450
35907
43203
39906
17760
1631
40178
42164
8030
37092
55105
45646
45667
9263
1221
43675
55771
9357
43690
42146
40327
1095
45506
14514
14790
37293
48495
47952
1142
43690
3099
45500
31012
12132
36887
42169
1171
37350
32140
7446
48530
42193
1990
43632
13214
30961
42837
45488
43481
43310
48486
29209
563
45672
33164
42074
48428
13445
42836
3255
35946
356
15000
39998
36850
42037
14378
55611
986
29193
39856
45640
37340
53239
1327
43584
54209
29526
39870
43665
3367
7719
479
14971
1007
39928
3783
3072
42072
40359
13507
7195
3821
9839
1487
14562
7345
43690
8804
39856
40405
29052
14310
781
9394
12514
31354
45247
55106
14342
44777
36785
515
42742
12790
42845
7707
48036
8692
6907
1030
43690
8050
37354
11459
12059
2573
46270
2041
3145
34104
39855
3501
43690
43660
48462
9355
40222
44889
7951
48476
47657
40331
37086
48527
3754
43683
1505
8790
32769
1635
8781
42165
14469
29209
42839
43690
45659
11555
819
39867
42521
29203
14852
48449
48529
3756
42145
37347
3624
8388
37094
3763
444
9124
40375
40223
12850
40350
7108
43455
43690
4417
53298
47968
48437
14971
48536
2533
466
30993
11760
40351
54368
9887
54206
368
32047
7378
1338
11315
53794
1376
28833
45511
30667
48539
3766
14377
9320
31335
2681
40350
40231
45114
43689
1321
36858
7796
53481
3756
45649
29524
31193
3074
9474
3616
42212
48456
10083
31326
53754
12913
42521
37102
449
47984
53742
28702
31308
28835
47183
3829
45546
37328
53338
3120
55064
9384
44451
13320
419
53442
29523
53801
46297
40209
48430
45246
47995
43690
8430
11851
47844
29057
43690
48387
53811
41959
9508
47804
45499
11178
11741
1383
40188
14905
37329
33159
39923
31308
36591
36858
3297
6932
31339
29526
9412
2102
43690
31153
53274
55144
43690
54362
48498
3579
12782
37326
53316
3957
42150
48536
2246
43698
43590
12955
9093
55728
36884
9696
14361
7402
12515
47171
45558
40223
54995
55501
42145
9231
14789
37181
40655
2086
3587
29376
7130
43665
9198
43963
8655
599
47653
12741
9903
1299
11617
43479
1409
8643
30973
31012
1995
40228
37456
12957
39884
42795
12912
45514
55131
40459
29123
48041
39907
9282
3695
9828
42205
3752
350
45642
3646
1061
9267
37335
9713
7771
7863
53009
47871
48447
7159
7321
40327
46286
45642
48509
48549
14946
48037
43640
45549
43584
8152
7369
12922
43675
7264
8661
55622
37292
53438
3133
55023
8042
43690
43678
786
9628
17741
43690
47164
43634
8366
40348
29207
7664
43452
42514
55060
14372
8685
40234
1978
43839
40321
34134
3816
45245
55681
47735
53256
41851
7316
28997
42152
37297
47931
1284
9248
492
47726
9250
13941
45549
12860
9336
815
37144
42166
9376
12804
3774
3821
48023
40347
9771
47810
55152
40123
9485
45273
42812
10257
45672
31193
37296
43675
37109
37307
42742
8052
28701
55607
42070
43690
3071
3755
37068
9274
8395
43690
30656
42097
43690
53237
40173
55113
7094
43664
9465
14992
42169
1378
30664
45266
3335
1834
53947
1319
31194
40235
55489
3412
37066
42735
39886
885
53006
13635
478
1050
37307
8903
1254
349
13678
37056
55899
37459
13863
14995
53450
42137
43689
42857
47672
8609
31762
7411
7627
42842
55658
1341
1032
43308
54014
14973
43690
7286
984
14614
8630
42911
9202
39889
42149
7813
45234
30482
28703
11062
1008
7803
1347
43664
7165
53473
48494
47799
12479
3821
47083
46976
13639
330
47736
8187
43690
353
47906
47966
3606
9715
9468
37287
39852
14839
7444
14907
42726
30658
47286
9220
1355
42215
9157
11202
2675
12480
9280
42141
337
14565
54971
43676
12519
28688
43690
45547
3627
9491
8091
3796
37065
54373
11753
40152
3700
11334
37296
36850
37298
3935
29407
3939
37068
7958
46281
3239
3180
55049
467
43690
7232
10886
54099
10390
31310
42837
3178
55265
28710
7675
3215
29097
40331
3011
47882
806
28892
37119
45065
33898
11589
41383
43690
9685
43690
7189
9297
14805
40234
43665
29105
43690
42721
42194
8429
53933
42832
1048
42744
37151
7403
3739
1808
55319
54779
3465
40230
886
31630
45558
10474
13993
1261
47882
37126
43686
7258
997
42205
53201
54198
37296
535
43587
43640
9191
7272
48523
10007
45651
9912
37304
9707
3091
43470
47854
48428
55629
40007
41952
35989
36370
42060
28831
43690
45651
494
30750
1293
628
55322
55322
28888
53465
28841
30687
39914
13486
3945
3542
55646
3061
43686
53480
380
43690
8573
3130
346
43677
40204
29200
29324
47825
55575
466
43321
9894
42872
28800
48020
7806
17813
47846
55703
53310
11473
43690
43300
7794
7996
7671
47207
7748
40794
14896
53190
29526
1045
619
43587
9335
47188
42076
37324
42869
54348
45535
3207
7217
28803
29384
54649
43634
55092
43632
12914
29373
43690
53004
36663
9488
36849
1469
43587
12944
55519
54162
45640
1420
28800
804
40320
1111
43690
3229
40322
3120
45536
55175
591
28885
3797
40357
2082
2887
29529
32816
54175
53029
31815
47924
3942
37142
8039
43708
861
543
53193
39903
7421
48434
55887
48535
46077
29398
9395
53803
1041
7199
40501
41557
1003
14511
53942
3931
3554
43690
43587
2577
45670
3914
31331
29389
35883
54140
43690
14991
398
40471
14390
46860
55213
43690
39914
10133
12920
7741
37342
1621
45266
40182
9436
1512
47196
3633
40223
642
40617
55502
754
1726
9254
31184
55113
48024
7195
47794
48541
11726
12860
11664
37456
47993
1989
34426
6933
47209
45496
10093
1260
43675
9238
6919
48536
39867
48435
3454
45660
55016
7660
28883
48440
48027
37069
11389
44591
2999
411
46987
43678
3281
53409
41971
55780
43591
7392
14918
9340
40220
14504
53427
7929
37069
7848
14477
45864
500
12488
39957
1329
17739
30721
9683
14951
528
32816
37346
30757
11659
2857
39867
54054
14955
55136
42217
45648
45499
13376
14752
37062
3197
3366
30988
37205
55203
3905
15000
28713
3305
42128
12849
7440
47975
895
42013
2825
47380
41966
42118
46900
37296
3788
43690
53371
34084
42120
40478
513
31185
47836
53800
45634
9158
12480
10200
43690
40347
11462
14347
45507
40235
6938
37353
37083
36727
10851
42026
7384
37297
3024
9484
10082
43690
621
28708
6964
17730
42153
47252
7403
28802
45243
7390
43690
48031
54804
32186
884
14765
30973
43656
799
53954
9805
37064
2831
53794
40223
9433
43268
43320
48489
43686
40765
47192
3693
3949
28885
804
37094
39949
37465
3537
55059
54119
36847
43690
2065
28708
7373
43471
8612
8580
54339
1006
40178
37354
45535
2799
9781
984
54144
9460
47777
36851
40189
43689
12792
3738
374
47952
42165
29406
55022
31184
12985
48510
28941
40177
28986
9757
12965
40357
13878
48476
42005
43310
48417
13080
43689
1278
53892
53227
29202
43677
36849
9879
1053
40040
31308
53182
570
53218
45647
9798
55503
48388
54138
3911
47826
39887
39911
37089
11086
8486
48500
42836
299
168
40169
832
53213
1247
31340
40190
9196
43692
47205
37088
7628
44098
43471
8086
42095
53013
55736
482
1508
53480
44774
6941
40408
55759
45557
9708
8029
53770
40177
29387
53896
9268
28879
35919
37342
28687
17756
14339
42722
28802
29526
42518
2150
42521
9890
7171
6925
3125
42108
12869
36045
37070
54807
54345
43691
42733
47487
3222
11127
7347
43695
14387
47831
34684
45549
29407
39884
3756
55100
1446
3566
43709
3751
565
47187
37088
48497
43690
37265
37258
9527
31162
40365
43690
3244
45534
1239
840
7689
40692
55785
46079
7644
42017
29527
53262
39903
9822
9505
42692
12511
37331
40604
48526
31162
36889
649
48440
43690
34146
31613
55515
9776
3348
3343
44775
31327
53183
3738
53265
14616
1902
53274
39864
9673
47713
36887
35955
43691
42169
46289
9675
7651
741
691
2606
40220
55910
43474
39867
1035
48508
40364
43690
3018
7845
37067
31310
29376
53244
41974
54347
42512
30481
53293
341
3246
39912
54044
53268
7882
7103
37085
37257
33338
39858
28700
3759
1282
46536
45511
40350
45189
35883
43689
1918
48432
43690
48428
41192
17770
3819
42720
43690
3772
32770
55322
54247
10068
55547
55648
29407
337
28712
893
12861
9689
43686
3502
39995
7265
43481
602
2953
8775
8052
7207
45265
53304
36846
31164
37458
36885
55163
463
1821
9171
17762
7655
10302
42512
43640
609
14955
40405
42214
1169
700
32231
1029
40234
40377
37145
43697
12487
36889
9596
47251
45093
9455
43690
542
37284
43690
3711
31163
29360
40403
3144
12741
48435
39935
7360
9316
12787
42126
48029
1393
441
46079
43690
8981
37251
39858
37323
54360
32754
10897
3957
14389
47273
9780
574
55618
54128
55055
47934
40054
362
2819
47823
1380
732
48489
42217
2850
3015
7416
47836
7772
7727
1278
13457
53947
13686
9420
43665
47169
30481
37088
348
47689
45538
40356
43690
53483
10313
47240
45674
55314
47620
10056
54968
43667
40356
48541
40231
47921
32995
43319
12503
28831
34234
47850
43897
7322
9758
53191
30481
36880
45514
43690
1888
327
43587
10713
34827
995
543
55164
28689
14376
7775
48430
37328
1245
54734
40177
7674
30489
43707
43634
9895
562
53448
167
30669
2253
762
37094
43685
43672
43690
7663
43690
7805
37144
31002
45507
652
37092
12515
43692
37190
710
9786
8475
47933
10540
29389
14995
47936
1280
3908
2588
43675
42727
7284
571
37465
8823
47668
43690
43690
43470
8474
40350
7997
29351
3698
53431
42142
31326
12781
40485
30656
44962
48529
40089
43690
46318
41973
30487
14471
3927
46082
17763
40533
7221
14548
7661
28837
1250
175
42121
7652
45650
380
36855
7619
42815
831
43690
31398
37083
48393
1042
40333
36855
3955
34217
42153
3770
41384
37456
39867
3256
47219
46671
3949
2120
1387
3936
31165
29199
31216
3753
823
44752
47937
12769
14745
7621
1335
47832
29412
29387
36883
42213
37309
12427
40177
7791
39915
11104
3050
43690
7274
3129
43632
12062
480
1263
37354
34179
1081
33086
28931
680
47646
3956
14916
7328
1047
9333
28839
55280
53941
3784
40131
31297
438
39855
47210
14894
41983
40177
44865
11624
45502
2500
492
42847
13413
40223
11016
585
37093
11648
3604
3188
28924
40328
7073
7940
53455
7615
42212
43455
37309
1406
474
55502
9311
40358
45270
43633
55110
6954
36844
40371
53274
9205
30991
46066
55738
37343
2609
1046
31338
14751
7686
7820
43645
53888
53029
55896
43677
37458
3744
1093
9418
43681
45664
47270
31006
9653
47170
9295
3558
3639
4461
37331
360
39903
3944
11845
29181
29203
9236
42829
54977
48026
29175
40232
47817
39883
9350
48436
45640
40188
31383
40031
43690
35281
55683
357
40222
28809
40093
14504
43675
43690
13413
13219
42733
498
48541
42497
3219
293
40214
48434
3907
12868
36884
37295
9365
37059
3241
28684
1420
37347
28688
3135
42192
54157
573
43474
29526
40227
53752
53470
43268
167
43690
43690
53479
47878
9826
53238
376
40532
9307
3640
41388
10068
43662
55104
40227
47249
43690
36798
48389
43690
48524
9946
7784
9732
47815
3324
887
48482
433
40233
36855
47377
9499
17730
43690
53799
55705
55002
7798
40187
28811
988
37097
45674
39886
45551
34110
10346
14901
36517
48021
13019
37324
7917
55163
8007
1461
43689
53941
40356
54943
3251
1129
45551
14102
47306
55129
3296
44500
48549
36805
39912
40226
7687
14896
45650
42142
11566
48497
45548
9487
35842
28711
7932
12862
43635
36883
28811
45518
14155
33441
11594
43645
3804
7412
28885
53473
55311
43688
37298
37459
53886
9754
36856
39914
29527
12861
46579
1319
39867
48445
397
28690
42169
37093
42695
43274
43690
35949
7256
775
48507
37068
29101
42127
40185
17739
9911
1372
39887
45858
11881
331
7290
12952
7223
43690
31545
824
3769
48457
48497
39858
362
37062
7748
40187
31194
35925
12332
34182
37324
40875
10091
10087
47823
36792
47674
43701
1890
3557
43268
7172
45642
42511
576
43480
14848
39927
10387
10073
493
48511
9492
14843
39883
7628
9418
328
3307
11292
3460
14477
40188
7662
483
509
54986
9206
42741
8042
28711
36856
9363
37069
3131
48506
53795
1284
31327
42006
501
9464
12945
31342
47254
33912
7923
10093
40333
42738
47715
1424
46866
48028
42836
39856
8912
48481
42192
55020
28802
40319
39859
349
3914
47651
47248
3934
28938
3191
53484
13974
36713
9675
47971
40189
47855
3819
43690
1355
8536
54125
36848
13019
3200
31326
42694
34141
37352
29523
7740
562
54020
48033
7654
42739
3039
42013
55679
2867
28802
13593
47881
9629
43677
7197
54938
3751
42838
41351
31299
42694
48489
14951
37114
55758
12925
42736
4435
39903
43667
8317
40226
54381
53429
29404
45065
40323
9152
37214
45066
40203
369
43508
37462
37342
4426
1008
8444
2861
45489
10945
3321
43318
47172
42165
32248
7642
53950
43477
1905
2679
47984
55263
34269
7993
859
53399
3218
34640
54099
29384
10078
995
31240
9131
28838
47847
43659
42199
341
31338
8328
54963
43690
48504
9623
45501
40860
10053
45558
4436
533
42726
42193
44196
53955
28836
35935
3243
43690
7411
37352
42757
10453
2076
53380
7406
40204
11706
42832
37297
12939
55280
53764
7962
45645
37456
45521
3903
8481
29377
8086
8563
31160
3763
1314
48536
39934
47851
14227
7771
31832
9605
40227
3743
37464
55654
9247
11764
8036
42697
8062
43690
17729
7206
43663
28708
31005
12781
999
8363
7270
3213
3907
48022
7617
45647
11815
30692
36807
53393
53793
48438
48493
53806
40873
39881
37341
48085
47975
31331
40207
48036
40188
7832
55883
29209
527
7645
3313
7169
40086
1337
840
28835
45490
37350
45634
48539
36803
9344
37463
29293
53429
36883
37331
28831
7886
37340
43684
43690
8232
53316
