2 256
0 0.0166078
0.0166078 0.0236868
0.0236868 0.0288991
0.0288991 0.0334468
0.0334468 0.0382825
0.0382825 0.0417246
0.0417246 0.0439836
0.0439836 0.0470671
0.0470671 0.0503847
0.0503847 0.0526079
0.0526079 0.0553551
0.0553551 0.059004
0.059004 0.0617473
0.0617473 0.063725
0.063725 0.0659321
0.0659321 0.0684825
0.0684825 0.0697869
0.0697869 0.07106
0.07106 0.0729595
0.0729595 0.075585
0.075585 0.0773878
0.0773878 0.0798942
0.0798942 0.0815098
0.0815098 0.0834652
0.0834652 0.0852189
0.0852189 0.0873921
0.0873921 0.0893269
0.0893269 0.0904067
0.0904067 0.091866
0.091866 0.0940512
0.0940512 0.0958233
0.0958233 0.0982672
0.0982672 0.0998759
0.0998759 0.102201
0.102201 0.104032
0.104032 0.105946
0.105946 0.107617
0.107617 0.10946
0.10946 0.111565
0.111565 0.11387
0.11387 0.116501
0.116501 0.117824
0.117824 0.120303
0.120303 0.1224
0.1224 0.124908
0.124908 0.127258
0.127258 0.129372
0.129372 0.13201
0.13201 0.134466
0.134466 0.136153
0.136153 0.138114
0.138114 0.139208
0.139208 0.140539
0.140539 0.142378
0.142378 0.144124
0.144124 0.146267
0.146267 0.148056
0.148056 0.149639
0.149639 0.151142
0.151142 0.152654
0.152654 0.154133
0.154133 0.15616
0.15616 0.158315
0.158315 0.159867
0.159867 0.161136
0.161136 0.162649
0.162649 0.164134
0.164134 0.165778
0.165778 0.167849
0.167849 0.169741
0.169741 0.171408
0.171408 0.172769
0.172769 0.175004
0.175004 0.176431
0.176431 0.178767
0.178767 0.179695
0.179695 0.181352
0.181352 0.183107
0.183107 0.184177
0.184177 0.185523
0.185523 0.186985
0.186985 0.188527
0.188527 0.190012
0.190012 0.191682
0.191682 0.192766
0.192766 0.193772
0.193772 0.195195
0.195195 0.196643
0.196643 0.197696
0.197696 0.199519
0.199519 0.200383
0.200383 0.202164
0.202164 0.203219
0.203219 0.205273
0.205273 0.206976
0.206976 0.208697
0.208697 0.210246
0.210246 0.212246
0.212246 0.214096
0.214096 0.215366
0.215366 0.217204
0.217204 0.21841
0.21841 0.219861
0.219861 0.221254
0.221254 0.22295
0.22295 0.224531
0.224531 0.226959
0.226959 0.228969
0.228969 0.230664
0.230664 0.232688
0.232688 0.233975
0.233975 0.235194
0.235194 0.237003
0.237003 0.238309
0.238309 0.240788
0.240788 0.241985
0.241985 0.243767
0.243767 0.245254
0.245254 0.247027
0.247027 0.248383
0.248383 0.250298
0.250298 0.252265
0.252265 0.253677
0.253677 0.255257
0.255257 0.257049
0.257049 0.258934
0.258934 0.260106
0.260106 0.261511
0.261511 0.262973
0.262973 0.264547
0.264547 0.265966
0.265966 0.267981
0.267981 0.269655
0.269655 0.270831
0.270831 0.272593
0.272593 0.274439
0.274439 0.275481
0.275481 0.276995
0.276995 0.277904
0.277904 0.278539
0.278539 0.280044
0.280044 0.281103
0.281103 0.282263
0.282263 0.283755
0.283755 0.284707
0.284707 0.286032
0.286032 0.287302
0.287302 0.288442
0.288442 0.289813
0.289813 0.29101
0.29101 0.292195
0.292195 0.293477
0.293477 0.294711
0.294711 0.295602
0.295602 0.296946
0.296946 0.297924
0.297924 0.299134
0.299134 0.30028
0.30028 0.301025
0.301025 0.302232
0.302232 0.303501
0.303501 0.304412
0.304412 0.305402
0.305402 0.306521
0.306521 0.307341
0.307341 0.308183
0.308183 0.309428
0.309428 0.310401
0.310401 0.312051
0.312051 0.313069
0.313069 0.314382
0.314382 0.31533
0.31533 0.315981
0.315981 0.316782
0.316782 0.317898
0.317898 0.318588
0.318588 0.320107
0.320107 0.321105
0.321105 0.322035
0.322035 0.323044
0.323044 0.324618
0.324618 0.325676
0.325676 0.326896
0.326896 0.32775
0.32775 0.32873
0.32873 0.329992
0.329992 0.331209
0.331209 0.33248
0.33248 0.333508
0.333508 0.334598
0.334598 0.335804
0.335804 0.3372
0.3372 0.338731
0.338731 0.340185
0.340185 0.34099
0.34099 0.342346
0.342346 0.34326
0.34326 0.344619
0.344619 0.345447
0.345447 0.346377
0.346377 0.347524
0.347524 0.348754
0.348754 0.349629
0.349629 0.350841
0.350841 0.352235
0.352235 0.353171
0.353171 0.354169
0.354169 0.355588
0.355588 0.356659
0.356659 0.357545
0.357545 0.35871
0.35871 0.359306
0.359306 0.360329
0.360329 0.361366
0.361366 0.362684
0.362684 0.363913
0.363913 0.365564
0.365564 0.366765
0.366765 0.368391
0.368391 0.369595
0.369595 0.370672
0.370672 0.372004
0.372004 0.373538
0.373538 0.374839
0.374839 0.37621
0.37621 0.377207
0.377207 0.378993
0.378993 0.380452
0.380452 0.3818
0.3818 0.383644
0.383644 0.384652
0.384652 0.385992
0.385992 0.387578
0.387578 0.389048
0.389048 0.390817
0.390817 0.393061
0.393061 0.395364
0.395364 0.398145
0.398145 0.399933
0.399933 0.403751
0.403751 0.407564
0.407564 0.409977
0.409977 0.414171
0.414171 0.41726
0.41726 0.422396
0.422396 0.427372
0.427372 0.432581
0.432581 0.439374
0.439374 0.447044
0.447044 0.45066
0.45066 0.45594
0.45594 0.463532
0.463532 0.478782
0.478782 0.500309
0.500309 0.515554
0.515554 1.79769e+308
0 0.01068
0.01068 0.0145381
0.0145381 0.0178636
0.0178636 0.0206756
0.0206756 0.0233366
0.0233366 0.0259967
0.0259967 0.0285423
0.0285423 0.0311291
0.0311291 0.0327427
0.0327427 0.0346546
0.0346546 0.0364889
0.0364889 0.0382923
0.0382923 0.0391978
0.0391978 0.0406745
0.0406745 0.0422455
0.0422455 0.043506
0.043506 0.0451879
0.0451879 0.0471207
0.0471207 0.0489259
0.0489259 0.0502407
0.0502407 0.052232
0.052232 0.0536098
0.0536098 0.0550894
0.0550894 0.0568105
0.0568105 0.0592424
0.0592424 0.0608062
0.0608062 0.0627722
0.0627722 0.0650702
0.0650702 0.0670578
0.0670578 0.0691901
0.0691901 0.0704836
0.0704836 0.0727321
0.0727321 0.0752211
0.0752211 0.0768134
0.0768134 0.0786855
0.0786855 0.080641
0.080641 0.0822925
0.0822925 0.0844128
0.0844128 0.0868535
0.0868535 0.0889446
0.0889446 0.0906196
0.0906196 0.0921214
0.0921214 0.0938565
0.0938565 0.0953539
0.0953539 0.0974615
0.0974615 0.0991567
0.0991567 0.10128
0.10128 0.103441
0.103441 0.105791
0.105791 0.107941
0.107941 0.110813
0.110813 0.113607
0.113607 0.115275
0.115275 0.117654
0.117654 0.119812
0.119812 0.122452
0.122452 0.125026
0.125026 0.127107
0.127107 0.12995
0.12995 0.1326
0.1326 0.135236
0.135236 0.137104
0.137104 0.139756
0.139756 0.141997
0.141997 0.144198
0.144198 0.145483
0.145483 0.148718
0.148718 0.150551
0.150551 0.152599
0.152599 0.154025
0.154025 0.156189
0.156189 0.158336
0.158336 0.159894
0.159894 0.16233
0.16233 0.163556
0.163556 0.165536
0.165536 0.16748
0.16748 0.169026
0.169026 0.17069
0.17069 0.17223
0.17223 0.17378
0.17378 0.176084
0.176084 0.177566
0.177566 0.179301
0.179301 0.180775
0.180775 0.182372
0.182372 0.184104
0.184104 0.185584
0.185584 0.186908
0.186908 0.188624
0.188624 0.189871
0.189871 0.191638
0.191638 0.192915
0.192915 0.194874
0.194874 0.196139
0.196139 0.197607
0.197607 0.19908
0.19908 0.200305
0.200305 0.202103
0.202103 0.203861
0.203861 0.205363
0.205363 0.207128
0.207128 0.20888
0.20888 0.209644
0.209644 0.211357
0.211357 0.212927
0.212927 0.214302
0.214302 0.215971
0.215971 0.217641
0.217641 0.219465
0.219465 0.221777
0.221777 0.223612
0.223612 0.224914
0.224914 0.226503
0.226503 0.228196
0.228196 0.22992
0.22992 0.231644
0.231644 0.233396
0.233396 0.235256
0.235256 0.236714
0.236714 0.23815
0.23815 0.240261
0.240261 0.242276
0.242276 0.244192
0.244192 0.246106
0.246106 0.24791
0.24791 0.249565
0.249565 0.25112
0.25112 0.25303
0.25303 0.254356
0.254356 0.255823
0.255823 0.256647
0.256647 0.258274
0.258274 0.2598
0.2598 0.261504
0.261504 0.262885
0.262885 0.264166
0.264166 0.265818
0.265818 0.267156
0.267156 0.268247
0.268247 0.269454
0.269454 0.270591
0.270591 0.271743
0.271743 0.272732
0.272732 0.273837
0.273837 0.27529
0.27529 0.275715
0.275715 0.277046
0.277046 0.27838
0.27838 0.279881
0.279881 0.281409
0.281409 0.282702
0.282702 0.28353
0.28353 0.285089
0.285089 0.286663
0.286663 0.287804
0.287804 0.288851
0.288851 0.29073
0.29073 0.292527
0.292527 0.294641
0.294641 0.29663
0.29663 0.298204
0.298204 0.300495
0.300495 0.302637
0.302637 0.305037
0.305037 0.307928
0.307928 0.310161
0.310161 0.312094
0.312094 0.314704
0.314704 0.317271
0.317271 0.318984
0.318984 0.321433
0.321433 0.323197
0.323197 0.325998
0.325998 0.329361
0.329361 0.333072
0.333072 0.336185
0.336185 0.338448
0.338448 0.340687
0.340687 0.343991
0.343991 0.34644
0.34644 0.348423
0.348423 0.35146
0.35146 0.353252
0.353252 0.355527
0.355527 0.357452
0.357452 0.361311
0.361311 0.363517
0.363517 0.366373
0.366373 0.368525
0.368525 0.370416
0.370416 0.372611
0.372611 0.374719
0.374719 0.376197
0.376197 0.379281
0.379281 0.380629
0.380629 0.381997
0.381997 0.383578
0.383578 0.385115
0.385115 0.387306
0.387306 0.389152
0.389152 0.39101
0.39101 0.393093
0.393093 0.395298
0.395298 0.397452
0.397452 0.399009
0.399009 0.400701
0.400701 0.402155
0.402155 0.403457
0.403457 0.405398
0.405398 0.406819
0.406819 0.40857
0.40857 0.409949
0.409949 0.411377
0.411377 0.41277
0.41277 0.414538
0.414538 0.416507
0.416507 0.417896
0.417896 0.419425
0.419425 0.421014
0.421014 0.422259
0.422259 0.423777
0.423777 0.425139
0.425139 0.426449
0.426449 0.428665
0.428665 0.430513
0.430513 0.432532
0.432532 0.43417
0.43417 0.435939
0.435939 0.438263
0.438263 0.440072
0.440072 0.442619
0.442619 0.444948
0.444948 0.447187
0.447187 0.449298
0.449298 0.451571
0.451571 0.453985
0.453985 0.457077
0.457077 0.45947
0.45947 0.461957
0.461957 0.464021
0.464021 0.467128
0.467128 0.469225
0.469225 0.472305
0.472305 0.476295
0.476295 0.481099
0.481099 0.485271
0.485271 0.491667
0.491667 0.503385
0.503385 0.513538
0.513538 0.522623
0.522623 0.529427
0.529427 0.534209
0.534209 0.540091
0.540091 0.550747
0.550747 1.79769e+308
