48916
31883
10625
61284
20484
23346
21594
20582
19676
50933
32059
23384
21395
11014
63101
26379
50919
23138
48916
23380
58857
18898
25694
25736
58768
20747
18498
20803
49174
49265
31985
62506
28266
54863
55751
32062
19222
31004
25780
60875
23517
57672
11054
19536
26294
23090
30911
26452
19027
54831
22538
40082
32826
30300
29694
58376
18598
24389
23114
58823
23216
61521
33003
21286
51006
63092
55598
24246
31008
54544
58057
52004
54910
24863
30946
49904
20767
51087
51558
49193
58564
20587
18879
56269
55252
11148
51057
30919
18916
62546
58820
19318
32228
55823
21083
63318
48835
22995
49128
63326
60972
29703
18784
6836
30680
54970
20893
19381
10672
58121
50987
63089
59480
11140
61031
58891
18786
55788
10419
51005
26329
21114
32600
23098
62994
31670
46503
21461
49306
30421
25926
22322
10723
60588
55832
51604
51163
30591
31895
51080
31653
32075
22464
56466
25352
58364
49182
25757
63145
30717
60523
61437
61295
55417
35752
31027
10402
30412
55481
48896
60574
32793
44326
32009
61235
50871
24120
55407
22925
24899
60748
23282
50862
22825
23097
10570
36213
19651
50922
18626
24137
30487
57753
25941
46114
31982
38685
49190
61113
22959
60608
59464
51158
32633
32122
55453
31939
49167
22429
61432
21306
10931
24427
49131
61362
23542
50879
21359
31655
61560
56223
24935
35275
30339
21050
58520
10371
61348
60592
58644
51148
31662
48897
60969
26467
30385
57703
49916
59335
21080
31982
50919
6811
23545
50862
63380
60562
20400
60752
24025
21121
30131
18498
36271
10604
49916
30345
57742
23171
10757
19723
56059
59421
31652
20633
24239
60669
63340
21605
21233
49917
10841
31846
54755
60681
22512
32758
63072
49190
45395
56258
58079
18868
38489
62536
49133
32774
22679
29375
51118
61548
49307
59608
43370
58705
49900
60643
62547
38549
61588
50897
60625
31026
62418
23156
58746
56153
61377
30879
23507
61556
26150
31034
26265
20315
49294
49980
49193
55979
19322
22752
30779
49169
24698
49992
60603
59455
50975
23675
21293
56561
62624
31661
27023
24437
11124
48912
10843
34447
21038
60919
9788
32247
23836
61423
58806
54802
60981
58662
51015
49992
62392
9648
25382
6819
20622
49129
25060
32233
62625
47409
36237
48917
56055
60994
10398
28773
63082
58514
49293
58201
11087
59224
61405
61543
46107
62224
55617
49915
56633
50926
58847
28012
55950
61512
19090
20774
63331
50878
10711
20488
30828
62357
31038
19048
10372
56054
63194
19454
51125
61491
61360
54937
18517
49988
9911
32012
23699
50939
56315
49979
30424
47513
32062
26222
19623
59376
31022
18872
61224
9885
61255
23692
20544
32000
18842
49983
51516
18851
55699
57842
20596
21182
10543
47424
62550
61340
22260
31930
49190
51600
21587
23459
60818
18571
48836
59312
48911
56061
30932
25867
42359
18498
63141
30771
56125
60715
43690
49140
54739
58377
59331
48917
30869
51063
58409
19245
30154
55853
10789
50020
43433
23524
10777
22486
62621
55992
30751
10699
25509
62931
59300
10913
10972
61365
32243
63324
30431
61282
51116
31750
30451
51516
54908
61384
63338
61306
20512
32559
32027
26229
32057
58703
43690
9840
62557
60853
29307
24985
19327
38031
25630
50877
24218
49982
55742
20580
50887
10346
49181
60504
55933
49986
59631
60659
30607
30936
30347
51120
10836
62996
46747
21264
21029
24136
51056
59457
22324
63335
35266
49287
61532
48835
23383
21375
30981
32245
55467
46098
51074
55875
62550
50944
26986
21187
61072
32117
22421
49995
23211
55447
20923
21377
23238
23195
23092
50999
21236
55972
55905
58551
43690
49187
22437
52393
50894
20541
61008
30385
58547
50863
21590
22704
55111
23743
60947
19566
63099
32951
51102
21175
61104
29992
31670
20943
42406
60766
22420
48890
18879
22828
18851
11099
10760
48897
31027
23222
35906
19945
51135
42645
60882
48917
48891
25391
25746
20549
62319
21325
61558
58014
50011
61388
32565
59293
55502
61491
50864
48917
33802
25341
52977
56552
10440
57963
24383
11002
29897
58472
59620
20899
54355
19564
22461
60724
62609
49142
20864
23170
62327
43150
35087
10866
55555
34672
31824
20955
10956
21274
42581
21383
21094
25373
60828
25942
29729
22253
43366
58172
56379
54773
29677
49139
43988
61382
22439
31025
61337
55508
58169
18711
48815
24173
25778
62411
19624
18922
62368
51003
11004
26111
10566
61445
60874
30986
31859
63074
31008
55932
63381
57719
19949
46247
49366
58852
25771
10995
63319
26973
10527
22295
25698
57745
25488
24213
24408
9861
50986
59451
62995
21173
51574
49134
60815
21374
55865
26912
23228
60778
18946
60683
61422
57771
30381
49145
34470
11096
20822
23348
28040
50916
20514
63137
25899
23883
50996
51538
23427
50886
49140
59166
48817
10419
30911
20956
46788
61434
10707
22771
62357
33963
51106
19667
38604
49141
32222
41298
51607
43369
21161
20474
18872
23371
10563
51013
58853
22616
60459
49916
20543
55308
58168
59269
30422
55810
49167
58018
62560
61544
23934
54885
20423
63120
61498
18834
19475
22674
27903
62351
30714
22766
22961
63335
36110
50014
46261
22678
59144
51518
54998
43353
29786
23895
49294
61062
24233
24973
18517
56115
10449
49173
30877
43354
31994
55886
18711
23219
30615
62559
22664
58859
10584
25777
51540
32688
48915
30001
49294
21264
50909
26207
18874
26101
63020
30320
49189
23398
22572
62543
21585
49169
21384
22418
30210
9614
22785
57694
61197
21234
32619
22830
9876
30921
49167
49979
48830
49983
32802
61352
33892
30982
58650
48817
55013
21461
61420
50912
51065
59448
24240
23052
22676
31911
62318
20260
58657
22766
20538
60905
61383
23924
62424
46711
50895
30385
61434
62361
34486
49286
58474
58184
62974
60508
30317
20329
32228
55772
59465
60711
19460
31683
24819
25223
30323
63068
30290
21373
61551
31845
63001
58602
51541
20689
61019
31975
51626
49905
60605
22426
61370
63341
9742
54982
23377
21249
51084
50010
60514
57926
51363
30704
30309
62609
22791
61534
54880
20571
57953
55071
20926
49122
51087
31902
31922
19253
23438
58724
30973
58101
59605
22842
63019
31894
49283
61168
21263
63109
50919
22431
21217
23498
19689
10423
57888
21254
60511
58588
50871
51132
9799
31032
18530
49131
22912
61375
11137
21076
23250
57689
29850
21169
21378
60987
23355
61129
32015
29822
23710
54945
49181
42325
42453
9871
30453
61445
19388
31790
20906
20343
30947
31029
25940
30363
60986
22920
25916
22448
50897
10413
60881
55678
22760
23476
49310
35227
9969
58872
20535
11153
58050
29946
39587
30305
20312
55881
62709
49177
31638
48895
19426
43690
63316
55008
24151
30924
48832
32597
58504
30845
59352
30483
55056
23809
55320
60549
25386
19002
25360
10551
63124
21278
51001
38482
54976
35357
49195
22738
30767
49363
32682
50880
49133
59443
54862
61528
21311
49317
23244
46630
58100
20847
48832
26189
59620
46590
31757
21261
56193
22692
25860
10433
19348
58490
61400
28029
22965
20314
23813
31809
21204
20524
63128
58137
63310
50876
34422
55758
31780
61497
23314
25939
30651
23311
43690
49364
59315
33081
62495
57876
55927
19450
52390
25565
25904
11159
31900
57709
63188
21399
19608
23430
10701
58552
20741
49915
30449
20939
27030
22690
62995
30352
49145
32234
24968
23295
62467
21386
51056
20663
24221
58244
55798
55816
20433
60850
23750
32817
23270
58861
24946
25925
58550
49906
30921
9562
61225
58123
55608
54693
62361
54807
25055
55124
21113
20312
61422
27030
30320
30347
57947
25043
9600
61265
49904
49188
36189
32156
57811
21407
10935
20562
22444
57903
22913
9825
55469
51638
32258
30400
19268
54955
30738
59116
31757
58017
59173
31770
23273
19694
58461
59363
61044
6825
55948
60574
10654
30774
26966
57799
21314
62556
49133
23700
32539
49139
49291
61233
25475
20391
62244
59630
61542
24233
58065
22270
60733
19326
10560
57929
33963
55621
63326
32005
43690
51103
46287
25482
27081
60534
61561
9846
51557
49679
31778
60998
21024
58464
20855
59196
23268
24657
32625
63191
62988
20811
58563
23120
49147
19271
51543
21070
27038
26885
29043
60458
49168
62514
10785
9638
62627
10677
62427
30349
21225
60916
62564
22213
25830
9563
58105
56145
22960
26102
30694
25448
23295
50878
54523
63324
25708
22482
51543
62623
33508
49308
22307
21053
58806
51381
23887
49278
48120
30712
43690
30311
61360
49168
22703
63117
24161
49131
11155
62694
62419
54597
60897
49992
55613
21284
22686
39258
24045
60618
30394
56064
21345
49144
22455
61270
24898
61380
27205
59353
29794
22603
59403
33983
19327
30975
11070
49180
23164
62354
19734
63043
23376
23875
59154
55650
51007
9988
62920
32613
22717
10994
10523
60634
61158
20453
62993
61163
22331
19679
19350
30479
49145
24152
32636
42581
49288
55779
50874
22341
62560
51106
59177
32122
51526
50928
49195
50941
30415
20409
30913
62621
18811
61382
19307
30294
18924
30343
30909
46785
57726
43690
54964
51790
25938
57963
51602
62917
49982
62575
24238
32120
58544
20681
52248
58397
20356
55487
58761
63139
19706
63126
57756
51102
62227
61257
58771
51082
18817
22330
55792
10664
10374
63113
50982
29825
23833
62617
20493
29951
23064
32623
25762
63128
30312
58673
62359
31029
30961
60909
30580
31947
23002
26588
30509
49918
20955
59612
49145
20715
22340
23419
60540
23739
51557
22967
63157
10817
19352
18553
51107
21068
62439
20352
49992
21594
21239
62344
54482
23167
49333
51510
22425
23638
20940
53668
20670
32841
57904
23215
62993
57696
11039
58502
21286
49306
26164
55694
49133
26355
60330
21227
9889
49304
22769
30322
51085
20830
50893
23257
23230
29908
30450
21284
18897
57788
62509
19043
25101
56217
56118
60644
61497
46081
9691
19146
49132
49917
58830
23173
54950
49289
22340
51102
26472
30480
58033
32664
62231
62414
22330
61561
48896
21073
60528
41375
61511
57800
20557
22961
59148
62396
46831
21299
48891
29946
21227
18639
60873
56004
24405
63329
23089
32545
20561
51116
26101
52723
61562
23375
22569
57737
23837
23944
50919
21366
50951
61432
30400
49365
58468
48897
24732
25640
23414
36201
10799
30999
20422
18729
21305
23028
58328
21403
43365
60963
10788
26983
59454
61145
51531
22673
55494
21259
9861
39526
33155
25821
20328
60948
58810
63132
60582
49130
63136
58943
62237
60632
31681
63085
49147
9544
63124
49140
51545
58849
23094
43691
23270
22290
44631
9915
49319
50992
6807
20777
62232
24003
27018
20526
22982
49132
29570
10808
63328
21593
11058
57878
20476
43690
49130
58534
54672
61544
24450
10762
26986
55585
23311
23952
61353
50896
59626
30417
62630
22214
60504
23843
49278
60657
60936
20426
22839
60964
31892
62919
32642
23333
61550
58749
24102
30860
30945
21389
49170
30325
57980
62223
21592
22993
10706
23338
63117
56578
48912
58513
26988
31961
25148
54811
61239
52155
22258
59434
55830
30775
50889
46236
60797
31027
20547
24871
60773
23019
23224
20345
63109
31927
62222
52304
57914
19564
58699
49305
9905
60635
31871
62921
21078
30667
20529
58710
61202
58572
61504
55234
62432
52792
30668
26249
22727
22978
20484
21400
62316
21399
51524
48896
21275
62599
49907
30715
18538
61167
23204
9609
62961
51289
22471
27098
20712
59431
60974
46299
55329
29387
23020
62982
9949
51063
47425
32225
10814
35281
23266
30302
9791
61375
20725
21277
21066
22319
49140
19448
24158
50871
24027
57872
20476
21246
50003
31042
51560
42602
31822
10789
62260
57027
51087
58736
31011
57641
23318
22505
23393
46609
52180
63205
29892
50021
10744
62569
19502
52575
23901
29843
24160
31896
58635
50911
51058
61315
20958
59632
30606
31915
23048
49980
60762
29940
29865
23024
56166
61369
31003
54922
57783
10617
19618
9926
21346
62393
11153
51063
62407
60615
32216
60640
21289
19948
53936
61424
32583
58850
46290
53930
21126
25742
52346
43690
63195
49187
10946
50925
20485
31873
31638
51465
31840
10885
20876
54056
22591
30929
20561
19395
27307
57869
9589
58721
49168
49381
27225
23199
62648
41373
32717
24478
57878
55346
62220
20548
60666
63317
30293
35432
23432
23251
60507
60511
61361
55703
49860
23292
21412
62317
59211
62622
47420
19423
25861
24237
62993
30898
25904
49121
60858
63338
23200
32042
54676
21286
49297
30820
22487
62975
21276
20568
30420
30765
54169
29873
22707
18918
62318
58538
36328
19666
9674
23318
30926
25478
48837
10798
30306
37964
51743
62245
61379
58775
51082
55669
62999
10525
49182
56170
63000
49169
25390
59311
31969
20326
63297
48832
58136
63157
61185
63103
51395
11217
56202
61345
50922
24665
55115
60329
23335
18625
61135
51064
21276
60511
51011
19951
62250
49181
30821
63100
18848
51012
61090
19486
43606
20524
49294
19278
49986
20478
20570
30853
35129
60894
23051
32087
58707
32339
19260
55836
60552
49987
22335
20503
60955
18851
30774
44877
27034
29786
30795
50821
61241
51545
24175
57896
51070
10984
50007
25945
48837
30279
26068
20789
21195
19224
49293
61210
23357
63089
60550
9511
60980
55894
31995
61343
63114
9792
31665
49369
24661
63008
20546
32078
48832
62580
32070
63016
24839
59515
34336
51066
21040
51455
23272
60579
49279
24261
24972
22754
9631
41313
51117
55595
30372
49187
22443
55575
19567
60533
22574
21057
23901
51556
62477
18787
22832
49905
58610
23170
61432
32769
29954
58352
58130
30966
49186
51524
24875
49281
20877
32695
61030
10549
20617
41315
51104
33986
21260
60959
32684
30979
20499
10390
55912
30934
31031
61496
61376
19413
30788
51011
58574
23085
63021
56559
43433
22512
49367
31008
20474
51006
62456
58547
21346
55756
51491
60788
9615
10713
49298
21164
9749
63113
10706
56653
22343
62518
9910
48911
27613
25351
51065
52447
50015
51011
26985
49980
30292
23116
58465
62432
31931
30344
63020
30992
62585
38261
56107
63011
31650
10978
9898
24368
46122
51083
62398
54582
21402
60527
46227
23573
30848
60893
58755
32025
10710
57674
20314
57964
60529
60856
51540
50919
21008
61361
58227
55432
36338
19023
49982
49983
55841
49980
62404
20371
51575
62527
20978
55061
20769
61406
20561
49986
21387
20688
23964
25903
32665
58698
61495
31907
62634
59196
29923
19260
9832
60678
29775
49297
23336
30805
51131
30785
24228
61164
51541
6832
30932
22406
21190
32021
22697
62236
51118
26287
43609
62975
49371
50919
30478
20476
61556
20887
51084
63017
58594
23854
19005
25933
9928
60848
58728
50961
22480
21394
31906
61106
49121
61509
51523
24170
55369
18643
30808
20760
54858
51007
9901
32058
20531
10901
10779
60884
43690
38314
20445
31683
41358
27034
49144
49364
24107
55864
55224
61111
51556
55204
23706
11217
54929
54978
22835
22503
60923
32686
30988
19428
10763
18889
30448
61425
55989
30758
54523
62371
48912
9848
43690
61123
62535
43690
62973
21398
29581
61300
57906
30904
61346
60944
60663
50883
62318
19357
51003
49181
22283
22671
23096
23088
49321
20365
21291
20306
58775
25921
23760
27931
58048
9761
31927
49279
60630
29831
23395
20680
22969
51103
60518
54626
29090
21404
49995
10990
6832
19228
24829
20556
63297
29950
22393
20571
60742
57666
57762
22426
23081
39609
19673
30347
11235
30452
49894
30990
23104
61203
60880
31797
31025
23038
56282
63186
49130
43690
53856
25922
29892
55559
30845
54889
25900
23199
19385
51058
18861
58866
59619
32153
49366
54850
61408
22681
33964
50864
22988
44453
62320
24862
60611
63115
53448
49907
20455
23747
19708
43690
49292
25483
58097
62989
22831
60726
48371
61240
61342
49167
54770
36173
55619
22806
58371
32813
51002
60505
26247
20403
22964
30747
22300
23389
61290
30432
11126
22478
24401
49179
50998
55493
24036
58486
51128
19635
62396
55185
29990
20475
10598
30468
25544
31041
30995
34424
49168
49897
63307
43690
53310
48836
62570
55093
61559
49134
30316
21302
30462
20261
32851
30997
23301
61487
25509
31913
19424
29688
29903
62384
10805
30411
21239
23248
22657
60887
55670
18930
50975
57969
9824
24487
39594
41287
49907
49987
21282
62352
9859
19211
32246
51106
21005
20261
63098
49903
23424
18798
30854
56575
30385
54712
63104
18795
58721
55578
57706
22565
26988
21295
23212
25138
24156
57880
49146
22280
60530
63126
59151
19429
31920
34846
43690
31640
35729
60761
23891
63321
20624
19466
22958
26977
54450
31846
60599
22807
58759
54800
63126
20313
56068
48916
60633
9773
20684
36342
23993
50011
30898
60927
31888
51535
30308
60620
21395
24261
61060
55617
54842
22260
46498
57794
23090
60811
49280
49981
55421
10594
26187
20568
49365
54852
9905
61172
59434
22265
19596
60827
10429
21596
57921
59151
58819
49888
23298
25687
18857
9849
51104
58583
50950
20586
49143
61556
18545
19482
59479
42409
49133
23267
19434
10532
63025
24192
30421
21152
21000
25359
24238
61140
50934
27066
22413
24702
51065
59292
19224
51537
20546
59416
32259
30732
49310
61285
31678
31883
23970
21275
22914
57671
59243
50012
51069
22459
19635
48890
20782
20265
26918
62965
48896
62568
19210
57926
30565
19523
19726
42410
25396
22920
24776
23420
61118
26953
31040
30087
30866
25894
62420
50974
21365
61390
62314
55485
58550
48896
60621
49294
51065
58941
11108
19272
18892
11219
55099
24058
32620
61248
46461
23449
49292
31006
23286
18887
30735
24406
22460
23156
31041
20373
50908
59411
49145
54968
10799
26970
62438
23499
60823
30793
55158
61199
25680
29100
61094
61334
20901
58481
37974
29384
59508
20927
55489
20553
49279
30466
24459
62220
30303
23961
60699
48910
63116
42602
23050
48897
32789
58727
21262
22836
62913
49890
62238
60539
10758
48897
63108
6820
22727
38510
30305
25937
55723
26220
23215
51539
22604
50890
20822
18877
49288
23428
22297
48892
57916
30940
33958
51083
23063
22501
55540
49979
51117
19381
34812
61540
22945
54866
48892
49191
10488
26934
62629
23410
23964
30320
30335
59432
24807
60923
19225
51073
63087
18574
10513
59625
24866
60504
10727
49982
23443
30830
49367
30515
32254
22910
51082
19645
57932
11100
49919
61131
46116
27448
29771
51102
31890
54887
63334
23742
62551
54946
55027
56033
22497
21353
49179
46239
43690
11219
19664
46245
42507
9887
63382
60970
58562
30991
21277
34483
49916
10838
30344
20557
21275
20495
62551
30339
30594
23238
50909
10729
20504
32723
55915
23907
22413
58761
35372
22722
60512
49134
20783
23163
63316
51540
54836
30747
19515
10976
38921
56113
61260
22323
32037
26054
25505
25518
20609
59369
61153
30432
9563
22287
31804
51547
11063
54691
61364
23789
23370
63104
31924
49192
20758
30931
62340
18865
55374
20553
24143
60638
22533
20485
44471
43689
29856
30289
52666
21404
62319
32072
51587
6805
30432
30971
23529
26302
55958
20720
60732
32626
51148
60780
43981
22819
43690
25753
59400
50876
61374
61425
62410
49098
61491
21412
21296
30938
21393
54944
20539
56165
58646
50909
61180
50895
30824
29488
55980
31670
60941
20381
58895
10994
61491
24078
30747
30809
41404
19627
24187
51057
49171
49863
49146
61517
23327
54429
61379
61392
32391
25375
47483
49167
61351
46896
63029
49903
31009
51089
61154
30737
21461
61495
23861
58427
58822
49143
11076
49193
50955
58009
30646
31784
61414
50015
23147
23877
30465
55823
22381
19584
30836
55803
20552
54895
27075
48832
20919
57898
21000
34995
31038
30911
54829
62239
60658
19475
48912
23309
60833
20298
61559
22445
10869
31829
50015
30457
51535
31991
51014
59273
61357
10573
9961
9945
62528
25934
31683
29461
48915
21412
57957
62533
11247
30348
30557
50879
30791
62605
51118
62599
10371
20509
62217
30822
30717
27008
60695
58458
19029
29733
50015
59226
62984
63140
31947
21277
31897
61039
56076
20686
32600
58394
60458
23524
55219
22657
18762
23520
59481
58753
31026
30803
61385
57988
21275
31933
61159
30468
32002
58316
49918
20467
59194
63157
59252
23011
31889
58771
19576
56030
18502
19729
58826
19457
60845
60904
48915
61299
30365
49980
54690
22794
20861
11011
10979
49140
59511
32681
48896
49146
44682
22263
59519
58409
31886
21106
11250
63334
18503
22345
9810
23269
30942
10535
61319
20320
9685
55650
59181
48917
20838
30494
25368
30335
26659
57990
21013
20819
51161
20418
20559
55687
51103
26970
61394
63308
22588
49991
54901
57984
22620
24185
55041
63140
58095
51644
59244
41398
52848
22922
60532
62643
22824
20836
10915
10870
31054
51474
62925
63326
23358
31831
61118
23343
55849
20537
10384
31042
50891
30812
62987
26278
31657
49889
49141
10728
60635
31809
62618
24376
34513
39532
20781
63088
30463
25854
49167
51014
24562
20450
54731
51364
30723
49133
10810
63115
23680
50981
30409
50864
9719
51514
10624
57983
41326
49279
10658
51896
50987
30475
23847
49280
51011
23839
23757
20489
24420
24254
63128
25482
30461
63002
50874
48892
19276
20461
57698
19468
61213
63159
58760
62534
30517
46312
43690
10578
24012
51522
18995
49143
24105
23585
30764
22699
55072
18724
30355
63186
61009
20324
20263
50873
32540
61130
61535
49134
30672
49092
22642
55646
63311
23784
30903
51542
24004
26944
51152
29871
28074
23267
30296
11251
21257
22843
60457
20545
62590
49180
49307
60928
11224
26986
63339
61264
42486
22287
21363
10489
49144
30745
30878
20639
49309
50994
32659
43690
59404
49132
19655
32012
20996
23153
32604
23587
30739
61147
49195
23223
9519
26277
30832
19616
23208
48916
25778
25920
49996
20260
9583
49306
33278
24959
49188
11048
22840
55238
30570
55605
30837
24846
20925
24682
31005
62236
10982
19286
21604
49282
23562
50909
32029
26130
62884
24265
21233
26988
54406
60552
9645
30860
11094
23730
56098
60741
24956
23504
10418
61356
56279
62371
11232
30903
61329
38297
9898
22419
22643
30710
30880
9954
61221
18840
18709
48890
62606
30980
47410
19472
9799
23299
30364
23439
60547
50012
55901
62441
11101
39526
59478
23914
32666
30931
58816
34433
32794
58079
63077
23363
58748
43695
27101
49900
60941
21585
46790
59630
49987
50889
23449
20573
49191
55814
27208
11114
10623
54384
11251
9881
22282
30911
19225
22665
43690
49182
10797
9952
23275
25945
19512
30905
49979
49180
56045
22212
21406
55522
9847
20532
55807
54856
59264
20938
21583
30436
22460
61375
26115
43690
57884
63132
51057
49189
30850
49180
9520
55910
18975
31855
21390
62958
62401
62886
55945
30484
61357
31993
32010
51538
30799
20349
49145
19333
49168
58638
30959
57960
18527
58725
21284
22548
48836
38532
32230
20911
60863
50925
55804
49182
24311
19947
60745
61536
58531
23251
49987
57938
19722
50941
31043
25945
20395
9620
49916
50975
20873
18944
24379
49994
58598
48891
23569
63049
58042
63341
61247
36122
31793
55984
51153
24254
51544
34512
23414
49292
48911
51112
43690
9796
10988
50923
30710
38310
49309
50946
24881
61487
50916
48917
10882
10976
30821
21605
30857
21413
33624
23922
18598
30657
20546
59160
61432
18503
24264
61425
6806
43690
19305
50871
62645
43130
62632
49292
59236
30375
21308
63120
56340
22731
49195
9521
46110
26326
31039
59393
62565
20536
61500
30697
61387
18727
49917
49142
22659
62515
63005
23180
61362
30879
30080
29792
6812
59245
19583
61420
26970
60904
46613
9886
54723
50933
30339
57682
31934
54938
25777
32035
55716
19315
19344
9513
25839
21379
31038
23040
25017
30411
49131
62648
29892
30244
50021
23070
60784
58659
61545
23164
55795
55767
49291
55091
31852
60586
20612
61216
57839
60685
49889
49680
49980
61375
60459
23317
34514
49291
49188
49146
30782
49991
26363
48912
26128
59167
61397
30397
27029
60619
10557
62251
21398
50979
57987
62540
60632
43673
27086
9983
62331
30300
44387
49906
26264
55994
22598
19438
61330
26056
23195
63306
30998
55896
21264
32538
35428
21262
51549
58411
48897
62259
51511
51542
29657
60458
29351
22961
21216
51103
31946
61331
10576
51504
61293
10374
48895
30342
60870
10792
20729
22917
61250
31054
56122
56299
49918
21286
61133
50921
62614
24503
61558
48837
25661
56134
50010
19372
21199
26985
20526
21125
25853
60658
20425
62261
24906
43369
60723
56033
20582
60911
9639
38250
19584
25485
39317
50916
21209
62607
62403
26979
61445
30834
23110
30798
20306
48836
58910
32565
63191
32025
19281
21591
62992
58726
23736
25649
23278
10688
49683
9655
9626
11105
21298
58588
11132
55852
9607
21101
62562
22611
11233
30788
51156
25567
38567
25469
51459
10540
32045
61193
61042
23429
62365
31981
11078
23203
63314
30849
39337
60627
10759
30871
10545
24929
60597
22390
23446
60613
48916
19615
20531
32769
11069
60587
31998
26969
61345
51135
49306
50894
30333
58407
49829
52957
9656
55595
51512
58845
43690
55943
49320
51066
58512
61209
61509
20964
22425
30902
61160
30878
22922
19585
50968
60572
30802
22811
60598
31897
6823
30322
60798
23565
55745
31210
62443
27187
18841
24411
43690
48910
58544
61445
59472
55507
20525
62637
32678
24494
55020
32054
21378
20915
21407
56236
20375
56563
21352
59197
34565
59294
58105
62555
55913
43690
60689
55148
63184
54822
19747
22266
58122
63002
20471
61288
59325
30718
22624
59427
49321
10779
19683
19159
48830
52226
10648
36130
42601
61550
39594
61377
57995
31647
21266
26970
30498
38489
23310
23174
9649
51529
22803
31840
25642
19437
61406
55563
9509
63103
62729
58833
23314
10812
30945
49094
56296
11154
11029
50003
30061
27290
60677
10983
23217
49865
63054
21228
10862
26174
26877
60791
60639
49121
58398
49130
57691
23794
61410
59444
26066
51056
49179
62422
29934
24885
30620
29328
24872
20718
39337
49133
10595
18836
31936
9558
63123
63124
19600
50868
24264
19264
23235
11050
58453
58874
62419
59461
38246
51075
54974
42329
10738
58002
55588
26986
21597
19436
30305
50912
63380
55909
25804
62408
25424
20763
51112
60910
18930
51011
62356
63123
31903
43690
25701
60871
60657
61279
49918
60978
29945
30765
50897
24305
31821
58711
26176
60877
50012
25049
21147
25384
62962
48917
59347
60551
20449
19491
56891
26269
62564
26960
30410
19647
42661
49686
30580
61497
20920
11253
26135
30399
63004
63023
49283
31680
20481
10979
23334
32642
43605
59274
23447
58036
48916
63335
54848
20465
58557
21258
6806
58902
20736
53988
63047
49895
32255
49899
59306
20522
60633
46294
9940
10855
51007
23043
61096
50021
62564
49297
47461
19639
61220
51519
11039
61350
29982
36314
10431
30904
63135
59291
59230
43250
26164
58941
49292
58461
18539
19484
29434
63030
42326
30845
54995
29821
30460
52607
63324
43690
23262
57954
30431
61268
23779
32124
48835
21026
61385
32243
49978
58864
21586
54622
29841
63021
32717
10464
61320
19370
62607
49918
61356
50895
49142
10990
30345
10605
23873
51107
32792
52149
61434
51117
48911
57976
31813
27030
61378
62346
49182
22282
49304
58833
49294
62585
61299
20436
50015
49987
21108
32023
35119
59155
54823
47884
26984
55216
63149
24850
63336
26183
61317
30867
61269
23394
30914
50863
59491
20568
60717
30999
47270
10603
30318
21101
31976
30297
30316
61563
31643
10847
53979
21392
18819
10630
59620
23054
63034
30787
62600
22791
49131
48912
31981
32118
20518
58048
58887
19639
29807
63323
58483
30817
24167
59415
25473
30419
61061
51070
10523
23837
59611
51228
24861
22296
52793
21384
56162
38501
63136
51646
22610
29901
9799
19942
50922
51534
49193
60694
18786
58419
44451
21283
32665
31005
49170
21590
61427
20569
20586
30611
56510
25536
61358
21376
59610
61488
57943
43690
54741
24110
62433
18844
22914
51083
61404
20709
48892
61367
43690
50011
62590
32081
10532
31670
18988
37899
10948
62998
61514
23939
59508
51543
22436
61318
25725
23171
50014
38295
29451
49991
58657
56349
20674
10972
23666
24674
21289
55140
63329
63014
20473
42661
6832
24394
61313
25771
10697
10558
62930
11092
21264
21358
48912
59142
61173
10749
63032
61437
50877
20483
22424
38245
30382
55561
55621
50993
22254
19235
62541
19708
31003
49170
30537
22425
30663
61040
30457
22529
11121
49983
23257
23191
49365
31654
38298
31786
63139
50922
19550
27028
20540
62390
31838
29735
18947
51122
54870
51012
49169
61528
63100
49306
62987
56257
50914
22393
23009
20516
54792
9923
49304
22789
55631
9863
23964
9761
49891
31882
18556
22311
60891
44650
49904
20528
61076
48812
26072
60664
25456
51014
62554
10584
11138
51004
47426
61501
20914
63336
49134
61415
60539
51539
22736
19398
51522
61285
19676
30167
21317
24113
18640
30462
23051
20772
20800
22822
58890
22913
62459
60524
61508
60761
25483
30429
29264
21355
62592
62944
41370
23305
51319
59304
54668
61339
44711
30978
50890
53500
48912
19237
23063
56033
62582
31676
59253
46112
56009
9654
50015
20528
49188
43690
24320
20966
62336
19291
20977
43690
55264
48895
31901
9945
60567
29448
63326
34468
61068
25501
20424
50863
22425
61539
62356
23133
18811
20615
29885
49170
19304
20587
9547
50021
39514
51567
30964
63018
61183
59206
59202
47409
19716
51122
55562
50862
30868
32584
50871
22728
61503
51501
20589
30616
44581
23178
34436
61490
60969
10908
32799
58763
23418
62615
26095
23056
11021
49179
20945
43369
59436
60714
24023
19725
19493
50863
24862
62945
22816
20317
63144
55843
59278
22807
62980
50896
59478
61407
21354
20774
33775
22420
20485
55829
31948
34424
49092
21250
48896
30636
38246
32561
50021
43692
49365
36417
18549
56272
22971
44494
56065
54363
63118
62928
60967
63387
62337
20366
55870
20515
10694
30419
61487
27242
54786
24773
60629
25778
58719
59147
55698
60641
61353
48835
63131
20405
19015
21300
20490
62571
9622
9699
59382
18927
61145
54976
22831
26306
54663
30822
23319
22335
10442
32785
32077
11065
21277
20991
20683
41281
30314
20629
62320
51074
48832
61445
42394
10844
24202
39334
55536
19038
18577
20986
58090
30369
49309
24676
61307
58000
30381
25551
49979
32032
54902
34465
38314
60770
20829
23379
21316
62635
54487
56663
58462
30464
50997
61175
54703
62249
63009
63340
51089
29934
58687
59606
50908
30820
10923
50012
22389
59619
59426
61134
50922
57804
60583
31876
31797
63192
9660
61429
27024
49979
19620
23675
56020
51491
48895
22619
43690
51121
54991
50981
50011
63119
50947
57775
62440
26965
21462
49168
23330
51107
33717
23180
30382
20858
51711
51065
35360
60536
61042
51066
19680
20932
48916
42344
32589
55736
26136
58300
33903
10769
9661
62570
20944
31000
57766
49365
23796
31903
57367
23367
61275
18968
46289
26218
62457
54691
51151
10562
19670
6846
9786
23688
27050
26981
39516
61328
42324
60914
20751
19937
49168
54605
24016
30304
41365
30079
32757
61196
9934
51104
57497
19396
30830
51059
31954
58369
58816
26985
22985
60628
54871
21186
55736
50939
38309
42601
26108
9861
21242
60328
30320
55047
50867
23488
18520
30337
29825
19406
45396
49187
29898
43690
35051
24842
19319
30999
59288
34485
18563
20960
60514
30959
61256
20401
31885
10593
22553
61059
49134
55629
24063
60938
25623
9761
42585
18805
21332
49174
31824
22472
20538
58350
51694
22213
55477
36314
21376
23060
59264
51125
34379
58338
58812
32061
58450
19001
19439
18814
56028
10958
47445
51013
30348
31758
61272
31769
50914
19427
20269
24049
22399
21384
31044
23358
60878
22410
54839
59486
43690
60639
58009
26278
30849
9811
31812
21322
51655
10407
33036
30592
6831
50928
58346
30867
61349
11036
60809
20265
63105
51550
56091
21068
19768
55971
22416
51103
30932
24716
22423
47416
55635
49143
6808
9873
25572
31662
22488
32743
9561
20579
10802
55396
58081
30223
23437
62459
59508
50894
61030
23083
26106
21309
31765
9817
63011
60822
23481
48891
26957
62576
62391
19559
20981
50868
60717
19276
47460
63385
21390
6809
31817
18504
31672
60566
60899
26753
51544
49894
62546
26982
21287
55786
32663
61426
40274
49308
50996
19630
61589
49904
57994
55146
55064
57851
20667
55996
25913
58126
31826
19308
19513
61379
23514
62233
49981
30279
22457
51063
23284
61226
49292
49280
22299
18626
29732
41571
34643
62215
56013
22431
20443
29947
30914
26981
44431
31662
30833
23312
9844
49192
23149
58053
55641
21054
50012
56306
30394
24048
23471
60836
23598
55305
20656
32034
21014
24073
57894
22990
63027
9580
25763
24304
21583
50971
50891
25673
10567
43690
43429
51005
49898
61541
50908
55924
20957
57996
58540
36319
60971
27116
62578
22679
51072
42601
19504
49306
43690
49093
57749
57778
61190
51014
59198
10696
49995
55975
22655
20485
51250
61491
18609
43690
63143
62356
62507
61005
23365
24205
10754
20511
50010
22722
49127
63078
54855
30935
32298
51117
31001
21390
60331
62571
60641
31760
38246
51528
22582
62493
59249
32629
49129
30901
51212
62656
59161
34896
49121
20486
23068
22656
60564
30865
49134
23487
10675
49191
48911
61495
29796
24081
59506
30388
26267
20544
20711
49131
31765
34013
54959
26758
55444
61216
20465
51155
51554
41841
23885
23485
51516
61032
20543
23094
19541
30419
34414
31750
23056
49992
55966
20429
23161
20574
23131
25697
43622
30570
59456
9958
49280
21340
30690
25476
21016
18869
57688
30813
23056
47270
11073
55877
60545
30407
60558
43621
30966
10938
55485
49991
49188
22380
54985
20704
60934
21583
18997
30059
31038
51705
21371
29475
57975
57944
50908
19416
51457
38846
32587
59219
25718
60527
49288
23204
9574
25756
30940
21144
55007
60963
10578
49119
61424
30757
23062
61077
61426
55684
59413
32235
58825
30994
21595
61301
9820
10653
62529
60606
23280
60636
20866
20978
60861
20573
57999
49305
63143
31780
19718
22387
54890
61497
30408
18553
51085
52197
59483
57973
22478
25671
51494
32050
52596
50014
23137
22423
56047
50021
23169
62537
20449
22476
22386
55766
56254
50937
51072
58459
30677
58058
51134
10375
30621
61490
51069
22415
51089
58403
42598
30807
11026
63015
20903
31001
59339
18598
23122
51559
21135
20819
60929
54690
63315
49373
61143
25645
59432
23680
62255
59150
24213
10432
49999
62253
26982
61360
57661
55782
22729
36139
18503
23109
49995
31643
20741
63325
31043
25667
60782
25862
26966
58853
21584
62956
63150
19445
48830
23317
60702
30188
48832
22407
55948
28082
22616
21211
57909
11074
9930
59630
49130
54545
59182
25805
49915
23214
32131
57697
63002
25939
9747
6823
51115
63307
51714
59488
10558
63187
59315
52253
63109
20351
61015
10737
30367
59375
20792
51015
27426
22541
55865
18860
58684
62446
42405
49309
62574
48916
29469
57908
49140
60788
10895
22922
25934
46838
63297
20735
30195
59280
43354
61220
20573
25361
55457
6816
50861
61401
21594
10778
22719
21378
30448
63106
50864
59152
49191
22613
48897
56309
10520
19252
60662
10751
19729
56060
31753
49195
25512
51058
31662
57520
32559
61559
21584
58630
21180
62345
61330
31834
60459
23073
59487
42646
30298
61352
26996
24396
19703
30351
10417
56013
60668
59322
56264
51115
60975
49139
31872
20320
20415
63110
51534
49282
50020
50943
29463
21126
23581
49313
51057
18884
23348
49992
22314
60804
63333
19465
9796
61072
59188
61351
29916
31973
10821
20786
48915
23751
49365
49169
20501
61279
22591
30439
51541
23997
20621
20724
60672
23772
27045
43418
58672
63121
