255 137 
107 138 
121 104 
177 11 
0 194 
57 237 
15 227 
5 207 
27 181 
227 76 
96 149 
49 237 
7 210 
110 124 
214 57 
93 236 
230 77 
53 253 
255 137 
49 239 
142 55 
54 170 
76 226 
74 234 
131 55 
18 195 
33 169 
24 193 
248 126 
248 117 
96 141 
199 39 
96 200 
132 111 
138 81 
97 151 
40 190 
76 154 
75 237 
172 21 
58 229 
189 37 
107 121 
19 191 
92 250 
50 246 
80 151 
81 239 
61 176 
136 107 
35 227 
182 210 
132 128 
66 172 
96 190 
157 61 
45 175 
51 200 
51 251 
138 49 
63 251 
193 12 
128 137 
8 218 
231 81 
213 59 
137 91 
37 195 
75 155 
143 123 
162 43 
196 86 
134 104 
83 196 
85 157 
239 99 
19 196 
235 88 
218 64 
248 121 
144 58 
7 206 
56 175 
157 70 
153 103 
102 116 
234 87 
81 154 
51 169 
205 33 
138 48 
43 181 
105 147 
143 76 
30 211 
208 46 
255 150 
42 247 
254 134 
211 45 
181 23 
94 189 
60 164 
123 61 
89 165 
135 99 
29 202 
35 180 
123 111 
163 50 
231 86 
215 58 
157 17 
101 119 
181 30 
141 44 
61 165 
143 85 
110 107 
230 81 
88 245 
24 212 
113 141 
48 244 
213 49 
92 138 
193 178 
7 216 
244 112 
72 167 
67 249 
25 237 
115 106 
173 15 
141 73 
215 65 
228 89 
87 168 
110 137 
234 90 
92 143 
98 155 
24 224 
173 73 
77 221 
161 63 
251 125 
77 234 
222 63 
94 161 
174 7 
190 1 
179 8 
155 86 
161 177 
73 156 
109 109 
73 163 
147 86 
255 143 
172 10 
130 135 
234 216 
98 147 
185 12 
226 69 
42 206 
152 83 
41 250 
88 193 
161 27 
61 241 
225 67 
39 246 
49 244 
123 99 
155 164 
25 176 
231 79 
46 166 
37 204 
86 161 
181 32 
64 255 
218 186 
97 139 
157 234 
248 122 
188 25 
47 252 
167 15 
157 21 
230 88 
118 139 
100 152 
149 82 
102 143 
252 127 
18 229 
189 1 
15 219 
123 126 
55 206 
255 134 
181 1 
60 226 
224 71 
8 211 
93 142 
197 9 
155 76 
94 197 
181 172 
71 166 
20 208 
149 49 
105 104 
177 3 
171 15 
143 57 
230 92 
94 140 
255 142 
183 22 
82 235 
69 160 
186 33 
238 96 
158 37 
30 210 
97 139 
230 77 
126 59 
60 225 
225 67 
209 39 
173 9 
11 191 
160 28 
42 215 
25 216 
68 177 
33 169 
144 163 
125 103 
238 96 
69 164 
183 37 
57 248 
115 112 
28 173 
141 64 
154 29 
92 142 
10 207 
35 192 
161 14 
210 40 
15 228 
16 221 
238 97 
127 114 
111 133 
140 117 
162 19 
31 227 
124 130 
212 60 
248 122 
255 162 
158 70 
164 43 
59 173 
146 255 
202 34 
254 133 
131 129 
46 233 
96 167 
236 94 
199 13 
244 113 
150 26 
231 255 
131 62 
239 101 
163 10 
205 32 
152 255 
200 14 
228 73 
166 11 
73 157 
197 25 
53 251 
135 59 
146 79 
184 1 
84 147 
56 229 
197 11 
87 245 
75 159 
90 255 
14 179 
247 117 
240 102 
248 121 
129 64 
43 183 
35 235 
95 154 
251 126 
68 200 
242 106 
168 13 
159 24 
227 84 
58 215 
10 217 
160 77 
204 44 
94 141 
104 251 
52 203 
106 116 
255 139 
126 115 
187 152 
22 212 
173 18 
118 80 
109 146 
44 218 
191 4 
133 51 
142 106 
179 20 
138 56 
233 82 
242 106 
194 22 
123 79 
72 218 
125 60 
8 202 
254 135 
83 201 
104 145 
204 45 
200 157 
150 165 
255 136 
141 66 
177 25 
106 108 
112 187 
215 63 
150 50 
246 117 
175 50 
111 116 
146 46 
186 5 
197 14 
217 188 
203 31 
134 95 
237 96 
161 84 
228 78 
139 52 
98 216 
133 71 
194 10 
61 185 
21 199 
210 43 
224 70 
118 105 
2 194 
88 146 
199 16 
72 158 
62 182 
106 104 
140 66 
216 52 
33 191 
235 92 
195 6 
180 0 
128 101 
32 175 
242 104 
122 93 
99 145 
55 210 
224 77 
159 66 
240 101 
74 166 
192 149 
97 151 
86 252 
17 178 
156 32 
73 155 
57 173 
185 9 
125 90 
182 13 
54 212 
0 200 
96 144 
63 171 
240 103 
223 73 
61 172 
130 87 
178 46 
5 203 
25 223 
119 100 
199 159 
207 33 
178 4 
28 242 
104 140 
248 122 
215 67 
13 224 
50 227 
169 29 
42 171 
255 149 
159 43 
255 140 
142 65 
86 152 
67 242 
197 250 
33 169 
220 63 
92 153 
145 70 
166 23 
255 255 
253 131 
136 117 
157 60 
159 38 
255 136 
87 144 
234 85 
152 57 
42 185 
75 179 
137 74 
116 119 
244 110 
238 255 
60 230 
114 119 
25 231 
205 42 
134 66 
91 156 
117 108 
67 208 
202 55 
156 46 
124 125 
116 122 
180 3 
108 145 
210 44 
75 164 
178 10 
237 95 
99 129 
78 163 
223 73 
135 105 
186 2 
208 40 
183 11 
4 196 
120 139 
102 147 
84 251 
97 148 
132 63 
255 255 
123 87 
205 34 
172 27 
106 167 
95 202 
40 183 
139 232 
66 228 
225 70 
32 196 
241 103 
134 80 
4 206 
225 74 
103 111 
250 125 
174 2 
134 73 
241 105 
148 31 
161 12 
88 171 
86 154 
68 165 
235 95 
126 112 
214 48 
193 164 
11 223 
20 215 
37 205 
235 87 
159 22 
26 236 
209 42 
182 174 
245 118 
195 13 
255 150 
49 238 
8 215 
76 159 
108 147 
144 81 
218 190 
233 89 
135 78 
207 33 
224 80 
103 255 
22 223 
184 28 
100 155 
16 231 
242 107 
63 254 
150 81 
24 205 
7 214 
62 244 
59 254 
51 245 
229 82 
18 220 
129 67 
131 74 
146 53 
255 255 
250 123 
16 227 
206 111 
226 72 
1 198 
176 28 
69 160 
145 52 
224 67 
15 225 
43 239 
146 105 
48 215 
181 16 
19 185 
213 56 
138 141 
236 90 
26 221 
191 27 
73 185 
92 138 
23 204 
205 255 
162 28 
17 231 
255 147 
56 175 
37 247 
61 172 
108 113 
114 114 
255 142 
73 156 
60 250 
150 190 
23 174 
232 95 
216 255 
170 22 
255 136 
255 146 
75 216 
77 233 
3 200 
200 19 
14 213 
196 10 
165 35 
243 110 
185 3 
123 140 
154 45 
146 88 
195 6 
224 68 
255 136 
163 131 
81 222 
208 125 
161 73 
109 101 
168 33 
48 199 
115 127 
82 187 
153 49 
150 28 
29 204 
159 114 
18 184 
22 225 
163 21 
204 41 
252 130 
24 200 
57 249 
202 21 
234 232 
176 163 
122 118 
142 95 
168 148 
108 128 
20 201 
118 124 
8 220 
208 255 
5 214 
31 213 
74 221 
171 29 
65 255 
91 186 
26 241 
229 255 
166 48 
165 64 
140 115 
97 186 
254 131 
248 230 
187 1 
17 226 
72 157 
176 5 
150 88 
164 49 
49 166 
255 156 
34 201 
74 238 
195 26 
17 177 
48 168 
195 19 
229 80 
113 127 
79 240 
121 99 
192 3 
172 20 
76 156 
107 134 
213 61 
75 155 
135 73 
208 39 
186 37 
21 174 
210 177 
247 121 
140 54 
78 239 
113 124 
209 46 
98 253 
115 100 
30 233 
77 229 
182 35 
71 211 
32 199 
50 206 
120 91 
231 87 
159 26 
213 48 
27 220 
219 69 
254 132 
168 27 
8 214 
139 78 
100 244 
62 248 
167 31 
49 177 
163 18 
190 4 
176 33 
66 161 
252 129 
191 157 
109 113 
31 193 
58 236 
101 213 
230 76 
5 197 
221 60 
70 247 
36 221 
229 83 
222 66 
55 230 
225 75 
253 131 
148 34 
255 154 
110 107 
80 151 
20 202 
202 160 
188 0 
119 106 
33 236 
199 16 
175 142 
237 93 
24 181 
156 246 
252 131 
107 149 
221 193 
214 65 
230 255 
31 222 
3 191 
57 173 
52 237 
120 97 
232 83 
140 55 
46 226 
167 6 
238 96 
0 199 
156 94 
165 49 
155 40 
73 167 
142 78 
252 127 
162 34 
204 36 
198 14 
38 216 
128 107 
5 190 
216 60 
192 4 
61 169 
31 186 
45 233 
112 223 
199 20 
95 163 
33 235 
47 250 
209 42 
157 175 
242 108 
211 180 
47 233 
146 34 
222 72 
137 103 
226 255 
92 176 
33 222 
247 117 
187 25 
32 193 
90 201 
32 175 
147 70 
107 102 
248 127 
85 146 
227 255 
99 143 
133 79 
49 166 
62 251 
89 174 
204 35 
42 234 
143 54 
126 98 
74 239 
223 65 
116 128 
255 138 
72 189 
247 117 
11 223 
229 74 
83 252 
56 172 
76 243 
213 55 
68 168 
248 123 
48 234 
39 229 
203 32 
12 225 
251 126 
5 213 
18 230 
78 174 
122 72 
33 240 
189 35 
190 13 
17 221 
113 136 
36 246 
126 88 
82 155 
252 127 
240 101 
255 153 
240 103 
133 133 
177 1 
164 142 
76 158 
140 56 
255 154 
140 103 
7 216 
191 5 
228 76 
233 84 
158 26 
36 192 
51 241 
46 232 
110 141 
201 19 
4 182 
138 59 
33 235 
0 196 
168 17 
186 1 
36 218 
198 26 
197 170 
227 72 
69 160 
188 0 
197 16 
186 156 
244 118 
152 48 
170 50 
206 48 
173 3 
66 169 
15 182 
105 147 
139 85 
156 21 
166 21 
29 191 
95 134 
76 193 
89 218 
68 169 
211 61 
66 174 
9 214 
199 12 
111 132 
215 50 
151 63 
223 64 
11 198 
179 30 
98 137 
208 64 
239 98 
169 14 
16 228 
183 3 
210 41 
112 82 
139 97 
51 238 
14 223 
235 89 
243 111 
173 5 
172 38 
210 83 
92 160 
64 171 
204 41 
33 242 
194 12 
131 107 
3 206 
170 35 
148 99 
25 207 
253 133 
235 88 
108 138 
106 142 
44 187 
53 231 
129 59 
81 158 
163 44 
151 24 
32 244 
214 55 
111 137 
246 119 
188 16 
12 223 
219 56 
230 77 
19 228 
18 219 
59 227 
30 183 
109 106 
171 43 
14 220 
172 3 
149 59 
226 69 
232 94 
121 82 
74 158 
37 173 
255 134 
40 248 
183 0 
103 118 
30 208 
58 246 
189 32 
84 176 
26 223 
6 214 
176 21 
58 239 
189 20 
99 144 
88 182 
53 211 
131 98 
250 125 
192 255 
200 247 
123 88 
76 163 
192 3 
33 183 
102 132 
31 207 
10 181 
85 156 
75 156 
64 254 
65 164 
176 20 
42 250 
64 246 
20 224 
228 73 
110 109 
171 22 
134 88 
33 233 
52 226 
245 115 
190 171 
112 93 
141 49 
2 197 
102 115 
161 41 
80 188 
188 253 
67 170 
14 178 
133 76 
195 44 
248 125 
89 143 
255 144 
37 189 
255 255 
209 47 
140 100 
33 206 
83 153 
255 151 
112 143 
149 53 
89 150 
153 37 
85 160 
148 96 
47 222 
153 93 
168 11 
72 216 
52 176 
75 223 
117 98 
216 62 
11 221 
228 81 
145 253 
136 96 
178 181 
249 120 
38 234 
91 152 
245 120 
112 128 
224 72 
254 133 
156 25 
133 111 
194 14 
15 216 
243 112 
60 246 
202 168 
163 45 
28 199 
255 151 
81 250 
150 28 
207 177 
97 130 
13 222 
152 73 
46 236 
64 242 
110 103 
39 177 
155 55 
186 6 
102 217 
44 251 
15 179 
44 223 
105 128 
23 217 
5 199 
218 62 
162 55 
213 47 
225 71 
186 148 
136 82 
100 134 
193 4 
62 234 
64 253 
93 168 
63 236 
255 255 
246 120 
158 43 
129 148 
195 36 
169 47 
133 74 
32 188 
205 111 
69 218 
67 247 
102 113 
109 139 
185 34 
217 55 
6 209 
17 181 
54 228 
118 109 
146 54 
19 192 
237 96 
79 162 
21 204 
105 255 
45 237 
213 48 
67 167 
252 129 
104 144 
90 202 
63 240 
193 32 
4 212 
235 87 
13 202 
34 197 
168 58 
140 82 
141 77 
6 187 
174 26 
49 219 
135 130 
56 242 
142 53 
90 198 
67 248 
147 53 
238 98 
82 155 
127 67 
185 8 
162 51 
138 94 
128 115 
197 16 
142 105 
84 203 
144 110 
25 212 
14 178 
190 4 
105 255 
68 168 
68 165 
172 33 
87 202 
120 72 
179 14 
239 99 
249 123 
157 162 
107 157 
181 40 
4 211 
122 125 
1 205 
18 224 
171 40 
40 249 
124 85 
145 82 
211 69 
113 145 
72 160 
45 183 
129 96 
90 158 
143 37 
97 130 
162 35 
151 36 
99 135 
56 241 
30 180 
157 50 
154 35 
181 27 
127 62 
132 70 
172 10 
124 106 
93 155 
97 255 
177 42 
14 214 
205 35 
254 133 
55 209 
124 137 
254 131 
245 116 
184 13 
70 215 
14 189 
201 27 
148 30 
197 15 
32 193 
164 41 
30 240 
161 22 
40 182 
120 96 
172 37 
175 142 
135 92 
211 45 
96 147 
255 255 
236 91 
211 184 
68 212 
109 244 
170 4 
196 9 
122 84 
219 64 
239 108 
101 133 
179 25 
20 212 
155 51 
26 197 
144 38 
57 243 
65 204 
117 136 
217 54 
211 49 
27 194 
144 57 
48 252 
253 128 
45 182 
222 65 
26 208 
106 252 
96 243 
121 164 
167 7 
251 127 
198 34 
117 116 
127 77 
205 44 
123 108 
198 27 
69 166 
17 216 
172 18 
206 36 
31 244 
66 232 
126 67 
161 44 
145 76 
47 251 
77 243 
88 162 
73 209 
63 240 
224 70 
144 125 
210 44 
77 231 
25 229 
222 65 
204 43 
153 147 
244 114 
27 234 
22 209 
133 51 
212 83 
36 223 
248 118 
222 130 
94 162 
255 255 
65 170 
180 0 
251 127 
44 239 
217 58 
35 202 
255 134 
103 114 
194 40 
197 24 
135 124 
171 18 
242 106 
137 94 
9 219 
44 234 
163 255 
46 213 
164 12 
71 163 
144 64 
10 211 
253 129 
21 226 
176 14 
89 193 
186 0 
115 248 
152 37 
90 178 
43 226 
156 29 
175 136 
40 183 
80 159 
110 120 
250 124 
54 248 
198 18 
24 174 
209 56 
51 239 
39 222 
149 33 
130 90 
231 80 
111 93 
205 53 
112 139 
41 238 
113 125 
115 102 
164 8 
184 18 
3 184 
212 49 
185 16 
26 239 
27 180 
38 176 
83 160 
252 129 
33 205 
119 137 
208 255 
245 117 
140 85 
227 71 
23 236 
204 36 
237 93 
151 38 
100 152 
220 70 
227 79 
249 120 
225 78 
72 163 
9 188 
81 152 
205 42 
56 165 
187 1 
40 177 
64 174 
48 170 
70 165 
81 150 
200 161 
184 38 
255 255 
132 98 
207 69 
65 253 
168 33 
214 66 
207 52 
241 103 
204 39 
35 193 
101 153 
144 52 
13 196 
198 98 
154 61 
8 186 
144 87 
133 52 
220 61 
28 176 
217 63 
180 34 
236 90 
202 31 
181 12 
130 55 
235 91 
57 168 
27 239 
143 83 
126 110 
107 105 
219 58 
229 87 
87 182 
45 216 
207 42 
2 193 
80 191 
54 242 
115 136 
77 237 
218 62 
65 169 
136 61 
198 17 
75 156 
82 159 
170 17 
85 171 
101 140 
40 244 
91 229 
85 166 
239 97 
20 201 
149 27 
252 129 
9 192 
23 237 
55 234 
168 6 
50 215 
219 64 
45 250 
220 59 
121 112 
37 177 
36 169 
237 92 
27 209 
198 29 
8 184 
242 106 
15 227 
18 221 
197 21 
149 121 
55 248 
243 116 
221 75 
16 229 
62 208 
22 204 
179 97 
15 201 
138 131 
172 40 
63 252 
212 49 
187 35 
107 124 
148 54 
8 218 
244 112 
83 245 
133 87 
254 133 
92 241 
159 15 
16 217 
124 93 
245 113 
32 237 
69 169 
234 89 
28 194 
226 73 
56 245 
63 249 
86 184 
78 162 
9 219 
54 171 
177 39 
198 37 
61 180 
81 210 
154 79 
146 68 
163 9 
193 4 
222 191 
116 73 
52 188 
255 133 
238 97 
136 50 
59 248 
128 98 
244 117 
23 237 
236 90 
81 233 
84 160 
160 37 
113 133 
201 30 
194 24 
27 239 
196 9 
255 143 
28 209 
171 7 
220 203 
194 9 
178 42 
1 202 
47 250 
147 33 
193 23 
207 164 
12 217 
255 146 
80 188 
16 217 
44 167 
173 20 
138 64 
48 207 
211 42 
50 247 
122 139 
1 204 
237 95 
76 243 
209 108 
196 8 
52 239 
38 231 
180 37 
45 218 
37 213 
230 77 
11 213 
226 81 
189 1 
72 160 
247 120 
155 49 
255 142 
75 205 
70 230 
53 235 
153 160 
119 116 
78 153 
4 190 
54 167 
14 219 
44 242 
165 57 
4 209 
228 255 
181 20 
116 118 
101 254 
158 24 
184 21 
221 68 
44 233 
145 91 
12 221 
120 91 
181 255 
137 152 
69 234 
14 182 
182 16 
135 51 
219 61 
175 13 
255 135 
220 60 
136 47 
202 29 
165 9 
94 135 
214 61 
253 128 
122 66 
216 62 
253 131 
221 64 
141 52 
50 244 
255 254 
56 242 
30 234 
225 206 
120 93 
242 113 
231 83 
126 57 
22 199 
201 29 
41 208 
107 251 
4 198 
46 244 
255 133 
105 185 
117 113 
211 43 
15 226 
109 121 
168 46 
1 191 
255 255 
255 135 
146 48 
131 119 
198 14 
57 201 
115 115 
103 255 
138 91 
63 236 
35 215 
176 1 
228 72 
151 31 
73 164 
207 45 
30 244 
174 2 
43 218 
248 118 
160 13 
178 18 
4 188 
34 245 
182 20 
110 136 
206 53 
118 134 
59 232 
198 12 
134 57 
42 200 
86 148 
84 157 
6 213 
250 126 
68 171 
169 39 
204 31 
14 226 
43 246 
118 106 
56 232 
217 58 
161 81 
255 139 
150 51 
103 253 
101 136 
86 208 
140 105 
186 13 
200 93 
29 241 
152 24 
142 72 
93 154 
226 75 
212 178 
166 25 
73 156 
1 200 
85 198 
164 31 
41 240 
61 249 
9 180 
219 56 
106 141 
205 31 
192 108 
175 43 
18 184 
132 61 
245 112 
122 95 
164 9 
104 135 
205 52 
31 209 
92 165 
2 199 
128 62 
190 10 
147 57 
192 8 
158 102 
196 28 
213 113 
92 166 
91 250 
37 238 
46 246 
0 194 
5 209 
200 18 
6 209 
221 71 
255 143 
9 220 
201 42 
238 99 
95 162 
39 175 
187 16 
60 254 
122 75 
205 48 
208 93 
26 225 
104 244 
9 193 
153 26 
180 22 
214 187 
155 90 
99 170 
42 240 
209 51 
117 90 
234 85 
198 159 
107 146 
119 113 
182 171 
58 242 
67 173 
119 80 
183 0 
12 195 
10 221 
27 211 
24 235 
253 131 
33 189 
35 205 
226 69 
43 214 
171 47 
1 191 
16 222 
240 109 
70 158 
217 65 
215 255 
106 128 
116 119 
204 26 
191 86 
235 88 
132 56 
75 154 
184 41 
62 232 
30 231 
51 234 
206 171 
199 89 
216 51 
80 186 
244 111 
114 110 
207 38 
25 187 
220 99 
34 221 
87 178 
35 203 
110 138 
141 60 
228 75 
234 86 
183 6 
21 203 
147 31 
88 170 
110 143 
50 242 
240 102 
163 31 
83 189 
81 176 
44 240 
149 79 
182 3 
76 153 
132 100 
178 37 
121 100 
18 178 
116 94 
10 210 
195 22 
102 115 
234 85 
193 26 
165 14 
105 149 
163 11 
8 217 
21 175 
160 100 
191 3 
118 141 
141 53 
213 185 
160 96 
25 219 
74 232 
196 104 
255 255 
217 52 
250 123 
118 126 
229 78 
0 195 
105 136 
89 143 
221 76 
108 132 
120 123 
27 201 
166 118 
39 224 
84 153 
1 204 
32 185 
127 254 
173 46 
123 68 
131 58 
251 127 
247 124 
114 255 
59 252 
201 45 
221 202 
121 130 
58 204 
168 46 
157 89 
204 30 
2 200 
163 15 
208 47 
64 175 
190 182 
53 229 
58 247 
174 3 
172 3 
181 0 
129 86 
234 96 
63 241 
3 209 
201 18 
146 43 
204 42 
201 159 
36 187 
64 243 
34 193 
212 49 
81 149 
67 247 
253 132 
172 24 
208 40 
60 252 
103 151 
129 119 
8 218 
246 115 
91 145 
25 230 
207 48 
10 220 
2 206 
72 166 
90 153 
175 122 
80 181 
43 238 
50 168 
201 19 
144 48 
150 174 
25 181 
116 76 
62 232 
82 152 
68 214 
255 148 
118 116 
66 170 
139 225 
203 76 
200 27 
185 0 
129 54 
235 91 
132 91 
214 49 
114 101 
251 125 
151 79 
214 50 
251 126 
75 217 
159 44 
98 139 
15 181 
214 47 
255 151 
162 54 
220 59 
191 14 
215 56 
217 80 
100 121 
155 75 
179 2 
231 79 
66 207 
146 107 
158 15 
58 233 
46 167 
188 23 
233 85 
10 220 
172 3 
232 81 
20 175 
200 24 
250 125 
91 144 
214 56 
60 172 
232 82 
189 29 
29 187 
241 255 
5 199 
247 117 
47 181 
241 105 
0 190 
3 207 
84 151 
180 161 
171 21 
51 242 
97 158 
130 63 
112 157 
47 185 
140 74 
170 10 
241 104 
24 239 
6 193 
182 19 
61 172 
93 155 
241 202 
107 255 
92 176 
93 148 
228 71 
187 14 
221 64 
35 200 
169 41 
233 87 
113 121 
241 110 
66 255 
255 148 
70 173 
73 247 
20 195 
21 220 
41 189 
246 117 
188 8 
57 238 
215 58 
169 11 
117 70 
179 21 
128 78 
98 143 
179 4 
219 59 
120 80 
95 138 
247 122 
64 207 
212 52 
1 201 
96 154 
255 151 
203 37 
99 153 
214 54 
82 193 
154 23 
180 148 
232 84 
23 211 
223 80 
57 241 
173 12 
248 119 
43 192 
91 201 
34 234 
124 75 
220 197 
237 94 
136 89 
65 163 
250 123 
17 224 
142 89 
19 184 
171 4 
38 228 
25 208 
34 221 
219 65 
193 34 
61 164 
35 247 
239 98 
146 62 
57 249 
189 1 
128 129 
78 190 
160 60 
161 53 
82 156 
250 122 
221 71 
87 198 
247 118 
26 201 
117 130 
181 31 
116 99 
11 202 
221 196 
236 92 
174 134 
12 222 
180 19 
114 128 
78 159 
5 192 
105 111 
129 73 
87 153 
74 157 
193 5 
184 0 
39 184 
93 151 
232 81 
146 56 
53 246 
213 54 
160 75 
238 255 
31 227 
246 121 
75 155 
3 191 
231 81 
193 29 
145 52 
10 210 
137 83 
218 75 
165 27 
123 72 
117 104 
246 114 
29 223 
112 87 
219 58 
118 106 
161 90 
22 237 
196 34 
122 92 
255 140 
122 229 
78 221 
233 84 
203 100 
243 108 
232 81 
102 255 
240 102 
65 175 
49 251 
154 51 
196 28 
104 141 
69 165 
213 55 
79 155 
201 36 
132 251 
150 71 
213 52 
93 141 
114 122 
127 95 
51 199 
216 184 
235 90 
192 22 
139 125 
4 208 
172 7 
215 178 
56 223 
87 151 
170 21 
135 54 
103 146 
118 104 
188 36 
15 179 
168 34 
170 7 
173 25 
223 65 
230 77 
16 212 
181 0 
171 54 
149 85 
146 174 
59 176 
241 103 
240 103 
138 75 
240 102 
192 26 
13 184 
218 69 
199 32 
17 205 
151 96 
21 196 
186 4 
1 204 
241 105 
5 212 
11 199 
34 212 
68 247 
112 133 
132 60 
194 5 
109 140 
207 47 
144 38 
85 188 
47 185 
126 86 
161 19 
95 180 
246 115 
57 233 
95 144 
232 93 
95 150 
33 195 
186 16 
223 64 
123 63 
86 152 
22 228 
20 222 
103 144 
47 238 
202 28 
236 94 
95 252 
242 255 
207 48 
246 123 
230 77 
82 160 
1 191 
197 11 
30 201 
235 89 
215 54 
149 61 
41 219 
54 177 
65 250 
117 93 
175 27 
129 57 
225 84 
24 228 
6 210 
109 141 
190 26 
253 132 
195 8 
222 71 
32 200 
156 85 
42 167 
93 145 
18 198 
132 108 
231 80 
125 94 
96 148 
3 198 
127 120 
115 118 
169 23 
255 255 
143 255 
5 186 
95 134 
218 200 
107 255 
253 129 
246 120 
40 201 
138 78 
157 105 
189 26 
219 65 
156 110 
52 208 
100 121 
131 102 
137 97 
35 246 
29 230 
175 18 
115 129 
78 156 
38 188 
114 115 
52 173 
79 163 
191 2 
132 67 
88 154 
144 125 
195 18 
255 139 
121 85 
255 255 
191 22 
201 34 
255 255 
206 49 
6 208 
106 185 
180 10 
173 41 
82 150 
178 2 
180 16 
162 13 
224 73 
201 19 
37 178 
229 80 
250 125 
29 236 
43 232 
49 245 
51 247 
241 112 
10 185 
9 216 
13 177 
129 54 
64 249 
52 216 
108 217 
160 40 
117 84 
106 141 
248 119 
166 8 
85 182 
50 235 
13 197 
44 249 
236 91 
175 5 
130 122 
114 162 
4 210 
242 107 
113 123 
123 63 
42 188 
78 193 
1 203 
214 47 
81 191 
22 235 
3 206 
163 25 
190 38 
178 34 
16 228 
55 246 
188 249 
26 183 
68 165 
101 124 
77 163 
237 103 
79 157 
48 248 
191 10 
171 23 
100 131 
72 157 
46 240 
152 68 
218 54 
255 135 
255 255 
171 99 
65 249 
80 186 
141 94 
89 150 
128 105 
69 247 
59 252 
35 182 
234 86 
61 174 
142 50 
149 28 
106 159 
247 121 
134 110 
188 4 
47 234 
175 141 
224 68 
44 246 
224 211 
200 20 
82 196 
166 15 
218 59 
186 114 
238 99 
2 185 
48 217 
30 176 
255 255 
246 116 
69 212 
162 47 
210 49 
36 247 
162 20 
225 140 
186 14 
179 5 
252 127 
142 114 
158 165 
135 94 
39 241 
159 62 
134 133 
228 80 
175 2 
90 249 
11 190 
45 251 
89 156 
28 234 
50 237 
176 8 
76 164 
107 117 
24 226 
49 204 
249 124 
228 82 
144 91 
44 214 
155 53 
233 93 
20 177 
193 23 
153 108 
74 184 
2 191 
127 101 
80 162 
66 218 
70 159 
79 154 
185 149 
251 127 
238 103 
212 45 
255 255 
184 126 
255 149 
207 39 
147 100 
197 10 
254 132 
66 168 
13 219 
79 161 
4 183 
141 128 
79 152 
60 239 
196 7 
67 208 
111 142 
36 188 
98 190 
83 184 
192 20 
116 115 
74 163 
18 221 
59 247 
41 232 
169 22 
133 91 
49 173 
227 84 
168 37 
124 84 
61 206 
191 255 
217 194 
238 99 
241 104 
10 218 
199 19 
120 89 
44 189 
109 147 
237 93 
17 210 
4 183 
212 56 
239 100 
55 231 
60 166 
84 150 
160 79 
69 160 
134 114 
216 56 
62 167 
131 58 
140 88 
184 32 
36 231 
103 253 
11 216 
63 253 
86 210 
34 204 
169 45 
252 128 
29 237 
170 6 
217 63 
147 32 
39 188 
107 143 
164 162 
255 255 
90 142 
166 179 
162 31 
34 223 
208 45 
8 204 
28 188 
46 252 
101 252 
145 117 
111 133 
170 13 
38 241 
134 53 
143 107 
217 63 
15 178 
144 66 
255 137 
165 8 
118 85 
12 198 
146 172 
38 211 
243 110 
81 149 
175 16 
108 136 
223 68 
65 171 
166 12 
7 210 
43 192 
186 24 
134 95 
139 111 
28 242 
194 178 
177 41 
50 246 
170 27 
247 119 
241 102 
153 86 
125 101 
82 251 
2 206 
247 120 
135 109 
122 95 
188 18 
152 24 
30 243 
20 182 
171 30 
110 105 
13 227 
175 38 
147 32 
137 48 
236 100 
62 238 
78 225 
63 174 
121 84 
236 92 
150 57 
227 81 
7 207 
253 130 
197 11 
39 170 
28 184 
158 17 
206 255 
254 133 
58 243 
39 191 
116 102 
210 55 
39 199 
72 167 
28 220 
18 210 
76 223 
35 193 
185 23 
226 76 
108 248 
21 230 
71 201 
233 84 
155 45 
41 189 
222 67 
1 201 
153 29 
112 145 
92 158 
245 115 
176 11 
95 137 
107 138 
34 210 
9 220 
41 249 
189 38 
151 46 
243 109 
233 86 
23 226 
20 177 
255 147 
22 196 
6 183 
103 245 
204 51 
255 143 
206 38 
44 188 
172 38 
84 175 
23 190 
29 175 
207 255 
76 218 
42 250 
77 197 
55 233 
191 25 
99 250 
71 159 
70 181 
86 146 
71 245 
198 24 
226 84 
11 212 
184 2 
200 16 
145 86 
147 53 
255 143 
166 13 
247 117 
233 84 
137 46 
107 113 
45 181 
54 172 
101 120 
144 101 
44 208 
114 136 
183 15 
198 185 
48 229 
246 116 
77 155 
61 243 
53 174 
92 159 
49 207 
23 225 
53 251 
70 159 
15 184 
229 75 
154 31 
252 129 
134 98 
119 116 
99 255 
199 29 
58 227 
169 30 
92 149 
148 106 
191 12 
76 224 
112 162 
189 31 
176 6 
31 204 
152 53 
143 225 
98 170 
154 20 
24 207 
145 88 
3 202 
248 119 
81 161 
58 203 
204 30 
67 172 
32 213 
166 19 
255 141 
217 59 
215 255 
51 243 
255 142 
128 135 
129 58 
13 223 
35 245 
206 55 
237 101 
203 29 
168 5 
115 113 
255 142 
218 56 
126 60 
37 238 
150 252 
67 170 
65 252 
129 80 
87 253 
63 252 
223 66 
43 225 
227 75 
31 193 
57 174 
245 117 
55 229 
29 232 
255 145 
175 41 
85 155 
173 143 
235 90 
54 241 
28 231 
147 93 
240 101 
237 94 
35 180 
160 158 
196 14 
45 252 
130 110 
255 145 
249 122 
110 98 
98 244 
207 44 
53 233 
34 212 
68 168 
71 168 
153 25 
73 194 
175 18 
40 189 
233 88 
215 60 
40 170 
113 100 
151 30 
85 197 
174 2 
114 105 
241 103 
50 231 
89 147 
246 121 
83 166 
110 144 
39 249 
235 91 
22 177 
174 36 
108 114 
239 96 
188 21 
217 187 
122 238 
93 180 
236 90 
109 137 
129 106 
208 42 
48 214 
206 33 
130 98 
142 99 
141 68 
29 228 
9 208 
249 124 
212 179 
255 255 
101 120 
24 180 
211 176 
211 242 
124 91 
208 38 
183 23 
145 57 
79 156 
10 221 
187 158 
238 96 
127 113 
69 165 
1 202 
9 220 
3 192 
206 33 
71 166 
89 169 
62 244 
229 74 
113 104 
6 194 
120 133 
129 72 
34 219 
21 230 
133 52 
183 181 
38 238 
172 4 
254 132 
23 196 
53 248 
209 47 
223 65 
138 108 
89 156 
26 191 
115 123 
163 226 
146 71 
180 14 
25 236 
103 148 
78 244 
66 211 
65 211 
8 201 
152 33 
187 18 
76 164 
126 67 
31 236 
102 128 
220 65 
109 122 
130 115 
180 2 
53 222 
52 236 
216 56 
107 141 
249 121 
17 199 
85 152 
197 23 
58 175 
159 85 
3 202 
36 207 
165 11 
35 224 
0 195 
229 210 
254 255 
83 179 
67 174 
216 108 
4 210 
200 19 
98 154 
214 71 
127 56 
76 164 
80 157 
62 231 
95 249 
128 70 
12 192 
160 22 
117 137 
230 92 
167 29 
249 226 
37 244 
255 255 
79 234 
157 29 
225 71 
182 0 
191 2 
195 27 
251 131 
195 6 
3 209 
12 216 
87 155 
6 211 
131 99 
0 197 
148 79 
142 56 
229 74 
191 17 
227 72 
89 145 
103 179 
130 64 
92 138 
178 17 
13 186 
143 44 
113 125 
195 6 
47 205 
89 156 
93 144 
216 206 
17 176 
39 202 
234 87 
250 127 
234 97 
252 128 
193 10 
60 235 
149 114 
185 0 
184 4 
122 153 
75 220 
199 154 
252 127 
177 2 
211 167 
211 52 
239 100 
74 155 
236 89 
186 18 
91 158 
7 216 
194 5 
43 220 
159 58 
139 49 
253 130 
109 119 
248 121 
226 83 
165 32 
92 170 
102 134 
189 7 
243 108 
55 254 
39 220 
81 160 
143 76 
18 233 
23 183 
90 148 
141 80 
2 202 
131 104 
111 246 
255 151 
26 205 
168 40 
18 210 
174 171 
72 158 
80 151 
137 106 
203 28 
161 13 
31 186 
255 139 
62 237 
173 28 
11 179 
197 10 
18 225 
123 116 
111 128 
243 108 
76 161 
223 68 
98 141 
233 83 
155 42 
178 1 
122 97 
113 88 
117 88 
200 32 
64 250 
95 134 
96 183 
255 138 
3 209 
171 32 
200 35 
100 127 
68 166 
82 173 
224 71 
93 150 
202 41 
236 94 
201 42 
105 104 
5 194 
205 28 
90 144 
94 161 
104 248 
166 17 
156 48 
63 176 
88 187 
243 108 
147 47 
210 50 
220 62 
101 140 
10 221 
111 138 
183 28 
147 65 
13 199 
113 141 
152 60 
167 7 
60 230 
158 107 
41 232 
59 163 
60 228 
157 16 
134 55 
73 157 
95 146 
187 2 
165 39 
9 220 
105 142 
185 18 
80 162 
97 145 
166 60 
239 97 
1 188 
144 36 
220 59 
149 43 
42 243 
108 137 
130 55 
22 186 
138 68 
35 169 
27 174 
139 51 
31 190 
174 29 
169 17 
255 138 
180 9 
66 165 
240 102 
130 114 
35 243 
25 198 
111 126 
115 122 
253 131 
154 21 
112 129 
255 143 
252 128 
228 196 
29 242 
152 23 
152 57 
106 136 
26 214 
98 126 
208 42 
34 169 
21 236 
125 81 
56 243 
84 154 
117 102 
182 5 
12 180 
119 72 
130 90 
149 38 
255 136 
31 197 
84 162 
73 221 
71 168 
100 229 
164 38 
16 215 
29 192 
229 88 
6 190 
0 203 
134 85 
236 91 
99 255 
185 5 
212 46 
38 224 
242 105 
132 107 
167 39 
45 227 
38 203 
145 96 
220 62 
164 47 
209 71 
151 45 
218 204 
219 119 
43 251 
171 5 
203 46 
38 246 
30 196 
125 124 
122 116 
69 159 
218 78 
205 54 
211 45 
56 238 
110 129 
191 25 
56 235 
137 72 
1 196 
104 108 
70 158 
227 74 
92 146 
211 50 
93 255 
94 143 
237 100 
252 131 
113 105 
164 9 
105 128 
207 43 
49 197 
182 155 
183 253 
22 197 
215 59 
79 160 
64 238 
252 127 
233 83 
61 193 
2 186 
138 115 
209 83 
95 158 
254 133 
116 112 
218 59 
55 215 
228 87 
75 162 
224 68 
114 77 
223 75 
120 104 
168 39 
220 198 
248 119 
125 109 
194 70 
231 86 
83 162 
42 217 
247 119 
232 81 
44 219 
50 217 
2 195 
52 206 
38 192 
218 62 
68 212 
78 161 
215 51 
227 71 
255 145 
46 180 
1 186 
186 34 
30 188 
189 10 
221 58 
133 53 
201 35 
83 164 
214 190 
255 255 
125 97 
41 211 
222 70 
54 179 
253 130 
41 200 
59 218 
90 152 
46 239 
148 100 
52 166 
66 167 
218 54 
177 28 
14 180 
5 182 
227 70 
124 138 
188 20 
195 12 
254 132 
91 167 
250 128 
42 230 
131 93 
212 47 
54 222 
82 149 
222 64 
42 208 
96 248 
231 91 
80 179 
96 208 
58 243 
65 173 
99 126 
13 220 
32 245 
166 7 
0 201 
201 39 
250 124 
244 113 
176 16 
102 122 
103 255 
209 40 
179 15 
205 243 
31 236 
9 212 
110 99 
253 129 
88 157 
85 147 
11 204 
245 114 
230 82 
114 135 
255 255 
156 30 
255 133 
26 177 
99 145 
18 208 
55 250 
114 140 
58 219 
90 159 
185 20 
249 120 
61 250 
119 68 
92 255 
88 148 
19 179 
62 254 
255 137 
74 238 
64 248 
241 107 
4 182 
124 71 
244 112 
142 144 
88 199 
249 123 
105 121 
33 245 
158 100 
87 175 
139 92 
91 148 
80 194 
25 206 
71 207 
77 154 
202 28 
114 120 
46 176 
14 228 
246 118 
60 220 
229 74 
101 146 
85 241 
204 62 
43 194 
16 221 
103 253 
148 118 
170 10 
125 78 
86 148 
110 112 
49 213 
149 69 
163 24 
88 198 
56 228 
110 106 
178 0 
153 70 
195 18 
100 124 
82 149 
179 6 
138 255 
127 95 
18 231 
43 230 
93 163 
83 147 
114 90 
187 8 
62 170 
48 167 
255 147 
202 40 
77 159 
201 157 
31 187 
121 82 
62 239 
66 164 
52 231 
168 9 
243 109 
130 77 
199 30 
109 114 
181 255 
158 16 
32 216 
112 132 
85 152 
136 48 
185 152 
131 135 
164 43 
212 63 
55 238 
135 57 
255 252 
106 245 
239 101 
178 17 
12 225 
203 161 
148 30 
241 104 
226 75 
48 229 
2 205 
249 122 
140 78 
114 250 
104 112 
120 103 
152 116 
99 126 
127 90 
28 236 
80 151 
40 189 
42 235 
255 255 
251 125 
118 117 
115 91 
57 240 
66 255 
26 190 
83 150 
240 101 
250 124 
142 69 
31 245 
5 211 
149 93 
122 85 
3 197 
143 80 
133 109 
152 40 
20 204 
11 224 
76 166 
23 225 
183 0 
80 241 
255 255 
170 44 
219 61 
234 87 
248 123 
86 150 
250 124 
119 67 
128 74 
51 180 
108 135 
7 213 
203 49 
193 24 
205 63 
133 68 
86 160 
178 1 
99 142 
99 147 
222 66 
95 148 
9 182 
252 129 
36 183 
251 127 
143 61 
84 159 
169 33 
35 172 
128 59 
9 219 
32 230 
255 149 
154 248 
104 146 
28 207 
175 24 
229 78 
142 80 
251 125 
45 194 
22 175 
163 26 
196 12 
147 50 
58 247 
241 104 
174 34 
28 172 
225 78 
71 158 
66 255 
14 191 
126 72 
238 96 
227 84 
26 203 
48 176 
48 197 
243 107 
151 61 
255 146 
59 222 
211 58 
163 39 
210 41 
184 15 
152 172 
103 130 
132 64 
230 91 
38 192 
221 65 
183 155 
53 235 
246 116 
255 140 
238 94 
255 255 
120 82 
112 122 
230 79 
93 163 
141 255 
245 114 
225 81 
87 194 
196 7 
230 76 
255 136 
121 121 
115 123 
91 144 
15 228 
84 149 
3 208 
145 141 
37 217 
45 175 
94 167 
1 201 
150 34 
189 1 
34 169 
42 194 
191 2 
127 57 
255 255 
41 176 
226 69 
203 44 
232 228 
206 46 
246 116 
148 46 
65 162 
15 217 
216 60 
160 70 
37 236 
249 120 
119 66 
219 189 
88 246 
72 159 
158 31 
207 36 
1 197 
192 6 
88 161 
186 3 
53 166 
238 97 
252 130 
40 233 
198 35 
213 50 
57 251 
181 1 
84 147 
71 183 
91 179 
125 59 
150 45 
23 184 
191 5 
99 255 
169 17 
207 168 
124 90 
137 112 
227 76 
71 166 
190 34 
105 143 
128 100 
74 239 
101 148 
129 83 
41 180 
39 179 
118 71 
64 235 
6 215 
72 158 
48 240 
89 204 
74 163 
255 134 
201 45 
80 186 
75 169 
244 111 
52 242 
167 27 
139 58 
198 15 
54 248 
142 83 
137 86 
245 116 
147 102 
109 135 
175 15 
10 200 
187 11 
180 47 
162 17 
237 100 
239 107 
240 102 
183 0 
167 6 
63 232 
182 154 
245 116 
249 123 
252 128 
94 152 
242 105 
95 242 
255 139 
84 240 
148 35 
184 7 
70 161 
104 255 
165 12 
118 97 
201 24 
6 208 
228 85 
166 39 
203 33 
165 9 
250 255 
109 247 
112 95 
202 23 
66 172 
226 219 
238 98 
90 254 
135 67 
41 227 
36 190 
178 6 
77 245 
59 254 
212 44 
78 152 
129 77 
11 223 
124 136 
190 180 
13 223 
221 66 
153 56 
255 142 
204 25 
221 74 
222 64 
101 184 
167 7 
98 161 
47 250 
19 219 
236 91 
100 140 
178 7 
124 96 
220 72 
178 9 
107 105 
255 144 
70 164 
174 20 
118 118 
14 195 
43 248 
182 14 
69 159 
144 68 
153 64 
239 97 
8 218 
189 22 
231 78 
207 41 
61 202 
196 10 
255 148 
70 225 
147 73 
243 111 
32 178 
23 220 
102 255 
4 198 
24 219 
65 238 
161 13 
4 189 
204 27 
91 195 
230 255 
163 22 
141 68 
5 207 
171 16 
126 77 
135 255 
23 183 
70 213 
168 255 
230 76 
21 216 
203 40 
192 25 
100 253 
192 3 
89 149 
51 249 
95 149 
13 177 
255 149 
141 43 
123 140 
217 54 
103 146 
46 179 
14 225 
212 48 
128 58 
50 214 
71 226 
59 241 
119 111 
239 106 
122 77 
127 75 
106 115 
13 217 
149 59 
105 119 
136 74 
121 74 
29 214 
205 37 
45 224 
100 125 
93 151 
231 89 
68 219 
157 254 
73 214 
223 78 
119 101 
101 150 
188 13 
182 26 
55 228 
197 18 
97 138 
108 118 
60 253 
210 46 
87 150 
174 255 
167 10 
114 113 
86 145 
119 98 
92 197 
171 12 
21 235 
48 230 
164 15 
255 137 
19 180 
3 198 
128 129 
110 121 
174 15 
96 142 
98 255 
179 2 
232 95 
244 112 
226 72 
70 169 
153 58 
224 99 
213 122 
121 77 
136 89 
222 74 
138 53 
255 255 
134 69 
241 113 
232 84 
151 51 
189 8 
195 8 
19 201 
16 229 
83 149 
185 17 
85 147 
43 251 
22 183 
226 86 
173 11 
94 146 
38 243 
170 12 
111 138 
126 61 
69 169 
167 25 
61 222 
136 81 
79 151 
198 31 
115 246 
63 170 
51 206 
255 255 
255 141 
144 52 
192 3 
159 19 
149 88 
5 198 
205 46 
112 130 
62 204 
143 101 
98 148 
6 214 
27 206 
4 211 
159 77 
14 185 
161 76 
9 209 
145 38 
175 156 
154 44 
161 44 
206 35 
128 73 
255 255 
164 17 
151 109 
219 55 
138 104 
26 171 
31 243 
163 51 
215 51 
2 189 
177 9 
158 41 
94 160 
44 228 
154 27 
241 112 
115 118 
28 181 
54 185 
255 153 
193 97 
126 106 
154 170 
214 255 
198 12 
191 255 
184 1 
165 36 
91 140 
10 222 
99 255 
85 165 
146 255 
63 237 
59 249 
122 79 
220 69 
37 240 
108 132 
71 231 
37 190 
186 4 
141 92 
116 71 
215 56 
194 51 
137 52 
62 234 
118 112 
84 157 
251 129 
153 65 
102 114 
104 127 
240 109 
66 185 
123 255 
160 19 
114 121 
63 250 
235 98 
208 58 
16 218 
124 118 
81 247 
97 238 
165 26 
164 11 
253 132 
155 61 
255 135 
188 33 
50 222 
189 5 
156 26 
74 246 
235 87 
249 124 
199 25 
84 190 
84 195 
91 173 
103 163 
86 198 
11 193 
174 255 
254 133 
125 100 
62 168 
103 143 
127 65 
216 61 
216 62 
19 183 
226 68 
42 194 
47 183 
63 246 
104 120 
159 48 
140 48 
197 24 
156 23 
133 255 
232 89 
134 96 
194 255 
113 109 
166 34 
139 89 
103 255 
13 226 
37 191 
67 170 
228 76 
209 39 
128 75 
70 236 
194 26 
79 211 
19 198 
238 94 
171 17 
49 173 
232 81 
199 17 
216 61 
108 139 
255 255 
79 228 
174 21 
160 13 
179 12 
239 97 
178 22 
81 188 
90 153 
228 73 
47 194 
106 129 
129 62 
80 248 
173 22 
243 109 
85 200 
30 219 
73 217 
205 49 
255 136 
154 39 
169 10 
2 187 
27 186 
176 85 
90 253 
206 36 
96 252 
75 163 
23 176 
220 255 
238 104 
85 171 
193 4 
25 205 
99 124 
86 241 
71 160 
213 51 
212 55 
246 119 
95 135 
1 192 
115 122 
58 232 
118 134 
240 255 
155 43 
49 230 
162 36 
255 137 
209 42 
135 111 
0 189 
145 54 
12 220 
127 57 
142 40 
16 192 
166 108 
210 57 
237 102 
111 144 
239 102 
159 47 
7 199 
165 8 
215 185 
119 89 
126 117 
231 80 
48 241 
190 30 
244 111 
206 36 
246 115 
192 155 
21 178 
187 9 
223 72 
107 124 
176 2 
77 187 
151 171 
111 104 
82 150 
219 60 
155 46 
146 44 
225 237 
83 245 
137 46 
246 116 
157 50 
39 174 
28 186 
96 172 
210 52 
193 255 
89 150 
136 101 
89 182 
78 160 
216 103 
210 44 
255 255 
59 245 
170 34 
75 164 
177 15 
53 220 
102 152 
255 150 
21 213 
187 2 
108 145 
240 100 
143 51 
13 225 
131 125 
86 179 
213 54 
121 130 
107 99 
181 5 
32 176 
203 40 
239 97 
178 0 
227 72 
252 130 
113 123 
69 164 
125 102 
38 223 
237 92 
130 134 
203 92 
188 0 
237 94 
255 140 
170 38 
104 131 
105 255 
185 1 
196 20 
251 125 
28 236 
245 113 
137 52 
247 117 
201 36 
180 9 
7 185 
243 108 
241 104 
27 213 
102 145 
183 164 
149 32 
138 105 
211 129 
102 254 
159 107 
222 61 
81 197 
209 41 
82 249 
183 4 
87 146 
176 15 
50 234 
81 153 
224 67 
155 18 
2 206 
165 22 
78 153 
210 144 
126 103 
67 169 
29 214 
97 137 
64 173 
66 168 
197 8 
91 142 
124 115 
166 107 
7 211 
56 169 
121 107 
150 28 
50 240 
208 52 
94 151 
202 42 
33 242 
255 134 
255 139 
97 138 
100 154 
7 197 
160 40 
141 46 
21 178 
88 179 
209 44 
153 52 
90 147 
33 202 
153 30 
71 214 
72 165 
187 24 
233 87 
115 102 
45 218 
150 27 
220 90 
82 197 
29 233 
212 113 
5 213 
149 77 
148 255 
220 60 
208 70 
45 225 
82 185 
121 82 
23 173 
231 79 
223 69 
248 121 
167 17 
61 165 
156 57 
226 211 
10 219 
112 133 
77 154 
250 126 
15 225 
190 3 
2 207 
7 207 
88 173 
169 79 
64 216 
179 1 
7 215 
151 27 
195 7 
174 33 
255 255 
136 119 
41 203 
196 29 
61 171 
41 249 
235 90 
187 5 
8 195 
255 145 
181 2 
255 255 
243 110 
201 39 
97 156 
116 102 
92 138 
55 181 
130 227 
117 127 
215 49 
195 11 
39 214 
154 20 
222 65 
17 227 
182 4 
73 230 
57 248 
242 108 
137 254 
98 179 
242 105 
138 59 
162 69 
14 198 
116 122 
57 213 
69 205 
8 217 
148 110 
211 42 
215 53 
3 190 
220 255 
123 63 
51 203 
182 7 
78 239 
116 109 
119 97 
202 54 
111 113 
11 223 
9 211 
255 139 
145 35 
188 19 
113 110 
209 53 
190 1 
225 70 
0 193 
17 229 
132 255 
67 161 
140 93 
135 92 
231 82 
27 241 
42 187 
202 33 
30 176 
76 153 
250 126 
83 170 
16 229 
94 165 
183 27 
76 161 
32 225 
104 117 
240 103 
56 245 
57 254 
247 120 
93 143 
139 255 
103 135 
220 61 
231 79 
19 189 
104 254 
0 198 
195 21 
108 130 
89 186 
49 176 
234 94 
128 110 
232 82 
251 126 
194 14 
214 56 
244 112 
211 50 
158 71 
229 77 
22 235 
43 242 
6 196 
141 109 
118 95 
245 113 
32 243 
132 95 
121 90 
34 212 
117 84 
236 101 
107 139 
38 168 
26 233 
169 20 
224 200 
239 99 
3 199 
184 30 
255 157 
73 245 
162 14 
72 212 
233 83 
207 35 
126 98 
102 118 
230 80 
198 158 
193 6 
26 206 
209 41 
254 132 
189 6 
168 5 
223 66 
39 235 
33 187 
222 70 
176 11 
27 181 
73 182 
12 215 
40 205 
43 167 
79 161 
51 242 
20 198 
24 192 
39 245 
140 44 
40 249 
192 29 
173 7 
194 8 
162 31 
69 212 
74 165 
111 163 
8 209 
200 40 
203 51 
223 203 
60 237 
213 90 
158 46 
132 118 
177 4 
225 194 
78 158 
227 75 
190 112 
255 139 
40 187 
54 241 
141 68 
202 36 
94 136 
148 43 
219 187 
139 66 
122 76 
243 108 
3 199 
249 123 
255 255 
48 192 
18 200 
199 23 
44 177 
16 205 
255 255 
155 99 
255 144 
109 138 
117 88 
174 9 
98 178 
211 45 
190 156 
185 27 
69 210 
5 189 
224 67 
16 229 
196 13 
199 17 
50 253 
56 165 
10 201 
81 182 
250 126 
41 177 
7 206 
123 66 
244 111 
179 255 
216 67 
83 157 
215 55 
191 16 
147 41 
145 41 
200 157 
31 173 
234 94 
140 92 
225 67 
87 145 
117 141 
226 69 
37 237 
192 7 
218 73 
6 205 
90 174 
235 200 
59 251 
184 154 
194 6 
183 22 
125 123 
131 132 
132 53 
55 235 
206 41 
75 240 
52 240 
109 126 
249 124 
22 203 
230 255 
154 24 
167 23 
41 214 
29 174 
27 184 
224 67 
82 196 
203 50 
36 244 
13 178 
222 62 
139 74 
152 42 
38 241 
208 50 
228 72 
158 16 
187 4 
8 208 
21 199 
159 132 
17 231 
0 195 
143 72 
102 140 
185 149 
250 128 
14 222 
255 143 
95 173 
133 255 
120 141 
244 111 
255 253 
247 120 
143 166 
36 171 
155 71 
45 248 
232 210 
145 64 
156 113 
216 58 
203 55 
182 21 
209 36 
199 22 
10 184 
136 78 
5 196 
116 110 
72 165 
196 7 
119 255 
142 110 
79 196 
167 8 
74 238 
131 60 
147 34 
130 86 
162 11 
176 1 
255 150 
219 62 
11 188 
57 178 
12 218 
3 195 
206 39 
127 73 
115 74 
157 35 
48 171 
184 21 
136 96 
36 247 
94 246 
134 117 
90 144 
62 233 
24 239 
108 100 
129 132 
97 154 
110 123 
10 221 
16 207 
12 197 
217 192 
64 168 
8 207 
200 20 
233 89 
255 151 
192 3 
203 255 
125 115 
36 196 
173 255 
147 95 
60 178 
41 172 
19 207 
167 47 
67 162 
245 114 
68 206 
183 10 
167 35 
66 161 
67 216 
240 101 
100 148 
133 107 
188 157 
143 255 
165 29 
29 194 
50 239 
13 215 
206 47 
150 121 
161 94 
157 51 
80 160 
228 83 
189 18 
131 112 
200 25 
212 53 
210 40 
236 89 
84 190 
136 63 
151 25 
229 75 
91 145 
126 127 
243 109 
20 235 
149 28 
154 26 
189 23 
231 79 
179 41 
174 13 
104 138 
100 131 
217 53 
120 78 
188 3 
104 252 
240 101 
17 179 
58 215 
136 70 
218 75 
255 144 
46 227 
255 255 
234 95 
136 99 
228 87 
243 110 
216 59 
225 80 
176 35 
198 30 
96 255 
7 217 
251 127 
58 234 
237 92 
148 131 
57 251 
67 161 
24 196 
208 79 
233 84 
180 180 
169 5 
182 26 
232 84 
28 180 
21 207 
255 137 
198 254 
117 142 
134 82 
86 242 
168 62 
167 140 
113 116 
121 78 
207 39 
23 203 
77 153 
178 32 
247 120 
51 221 
108 139 
190 57 
54 237 
177 12 
50 182 
212 185 
87 255 
193 28 
130 115 
231 92 
121 97 
25 183 
121 63 
116 80 
53 213 
111 255 
100 255 
179 253 
179 7 
192 254 
173 17 
16 195 
20 173 
251 127 
133 126 
40 212 
67 171 
223 200 
71 184 
124 131 
190 12 
119 93 
236 92 
176 53 
32 186 
89 147 
235 86 
102 138 
158 63 
136 48 
102 255 
45 244 
167 9 
129 110 
22 222 
134 82 
224 77 
140 255 
214 255 
79 241 
120 91 
19 223 
158 14 
68 168 
145 98 
225 68 
56 224 
34 174 
70 167 
87 182 
34 184 
255 161 
250 123 
83 187 
255 255 
169 160 
83 195 
42 181 
78 153 
154 46 
187 156 
41 168 
19 203 
173 5 
84 159 
181 13 
10 191 
106 137 
124 101 
34 231 
185 24 
254 132 
133 94 
47 208 
179 19 
65 230 
117 84 
210 255 
59 164 
15 209 
248 126 
108 128 
26 226 
0 196 
161 59 
212 78 
31 244 
147 84 
151 171 
7 215 
54 240 
152 40 
235 92 
187 146 
162 58 
135 49 
97 150 
158 50 
52 177 
36 191 
57 167 
139 69 
119 125 
192 159 
232 83 
68 166 
96 130 
177 13 
98 135 
229 77 
37 188 
6 181 
47 210 
23 232 
5 213 
71 157 
56 238 
173 23 
20 228 
138 109 
157 19 
255 255 
164 11 
165 32 
93 255 
87 150 
125 80 
104 130 
12 212 
209 74 
109 110 
131 145 
88 168 
124 63 
227 79 
160 56 
87 146 
176 3 
106 124 
171 26 
6 183 
216 57 
221 67 
150 67 
27 209 
30 170 
130 67 
19 231 
236 91 
86 152 
73 203 
17 230 
202 158 
130 95 
253 130 
126 58 
124 89 
70 220 
94 140 
26 230 
125 134 
127 66 
4 205 
118 114 
155 81 
164 45 
79 172 
53 230 
192 29 
154 20 
226 72 
181 31 
54 247 
79 243 
14 217 
96 135 
127 82 
213 52 
169 31 
54 227 
255 146 
97 250 
203 39 
194 21 
17 186 
19 204 
226 68 
165 22 
46 180 
193 155 
208 37 
7 213 
127 58 
106 131 
34 170 
93 137 
175 9 
170 19 
105 232 
221 65 
237 103 
205 33 
101 255 
9 218 
143 87 
113 134 
190 2 
162 222 
244 114 
229 83 
19 177 
200 15 
239 99 
164 36 
151 111 
150 98 
176 45 
13 200 
135 65 
65 244 
160 50 
109 129 
40 178 
27 190 
185 0 
59 231 
200 29 
241 102 
70 173 
22 227 
234 85 
60 242 
184 8 
246 116 
247 119 
28 233 
46 166 
89 187 
221 212 
175 146 
206 29 
137 66 
19 228 
4 185 
80 189 
81 153 
100 255 
228 215 
94 140 
88 149 
63 235 
123 85 
249 121 
54 253 
160 43 
128 93 
23 209 
243 109 
157 65 
71 163 
47 211 
51 224 
172 30 
59 217 
157 92 
15 203 
101 149 
17 215 
44 205 
168 42 
45 247 
211 54 
125 71 
77 236 
47 195 
11 224 
227 86 
227 74 
74 227 
121 98 
255 255 
236 255 
230 81 
239 103 
196 15 
229 75 
132 74 
21 202 
166 36 
144 50 
148 171 
182 23 
106 240 
202 38 
46 233 
232 88 
214 255 
24 188 
244 112 
255 255 
251 128 
183 32 
177 37 
188 14 
233 83 
145 39 
117 109 
242 107 
129 66 
40 231 
0 195 
217 93 
195 6 
47 170 
255 255 
221 62 
199 17 
199 38 
177 26 
55 236 
37 198 
113 113 
4 195 
243 111 
38 238 
253 134 
213 63 
134 109 
86 153 
119 151 
237 94 
77 152 
7 213 
159 14 
206 39 
162 11 
96 132 
133 255 
221 69 
36 226 
194 37 
151 42 
116 139 
254 135 
83 148 
222 92 
199 47 
151 34 
160 172 
253 132 
1 195 
53 243 
40 232 
174 8 
86 147 
254 132 
55 224 
123 110 
249 122 
255 140 
194 5 
91 177 
46 203 
153 21 
68 162 
91 254 
0 200 
9 194 
255 134 
96 135 
170 133 
131 96 
105 235 
151 81 
187 11 
0 189 
231 90 
218 66 
200 213 
37 222 
54 225 
223 73 
182 30 
0 199 
50 244 
16 191 
72 165 
188 150 
99 129 
52 240 
242 106 
131 69 
6 189 
52 249 
2 204 
51 254 
76 229 
245 255 
87 175 
159 23 
114 88 
247 119 
12 210 
90 162 
69 215 
18 214 
59 172 
189 33 
93 146 
52 240 
210 144 
111 118 
135 76 
169 8 
74 161 
170 8 
244 255 
82 156 
120 124 
145 86 
242 105 
249 123 
18 232 
139 98 
11 195 
177 19 
11 224 
52 179 
65 184 
72 158 
209 76 
10 215 
100 181 
170 37 
173 33 
229 75 
38 186 
222 79 
150 224 
116 141 
144 45 
74 228 
172 7 
245 117 
60 254 
127 69 
77 235 
85 155 
30 218 
139 100 
181 20 
125 97 
251 132 
191 3 
88 155 
55 241 
184 31 
190 2 
135 85 
152 31 
105 144 
139 50 
78 154 
14 227 
180 11 
125 83 
125 106 
201 32 
169 15 
60 240 
164 10 
25 201 
17 205 
174 25 
2 205 
167 36 
245 112 
221 62 
100 134 
30 172 
20 233 
128 104 
193 4 
74 162 
36 169 
234 89 
195 88 
156 17 
171 36 
24 226 
73 226 
216 74 
98 150 
219 101 
242 108 
53 252 
17 230 
143 68 
244 111 
56 249 
202 35 
2 187 
25 227 
21 233 
137 87 
159 73 
225 76 
232 88 
156 49 
88 167 
163 43 
233 95 
106 105 
90 173 
194 6 
233 86 
20 231 
236 89 
154 59 
213 255 
94 145 
106 126 
214 53 
30 205 
77 152 
156 37 
45 175 
49 253 
218 65 
27 216 
29 192 
177 16 
130 114 
210 47 
245 122 
185 22 
70 229 
153 25 
55 215 
203 24 
146 32 
32 199 
111 103 
240 107 
202 25 
101 255 
180 0 
190 41 
141 87 
36 237 
153 168 
34 169 
51 248 
242 107 
91 142 
19 192 
210 45 
71 158 
72 225 
166 28 
65 243 
97 255 
140 55 
12 224 
202 48 
222 60 
35 188 
255 153 
63 232 
164 18 
79 181 
255 151 
22 229 
132 70 
101 209 
46 226 
20 217 
172 43 
110 118 
116 92 
148 30 
255 135 
142 123 
148 38 
70 237 
237 96 
62 252 
105 152 
186 35 
215 51 
64 253 
112 85 
126 61 
238 95 
212 45 
206 78 
155 19 
119 97 
218 55 
158 43 
197 98 
219 56 
8 183 
177 30 
112 109 
67 164 
155 32 
21 193 
233 82 
122 234 
33 226 
139 78 
61 175 
137 63 
196 30 
204 255 
245 114 
204 38 
255 137 
98 181 
172 42 
253 131 
165 27 
123 120 
43 251 
64 250 
204 162 
214 47 
15 192 
78 179 
152 44 
227 255 
187 9 
2 205 
75 222 
146 83 
124 60 
225 66 
186 7 
15 227 
115 119 
40 239 
6 214 
79 163 
217 57 
224 68 
148 32 
249 122 
47 224 
255 142 
156 67 
114 102 
44 186 
163 13 
112 111 
27 174 
142 64 
99 130 
249 120 
65 209 
234 86 
94 140 
180 48 
120 139 
197 10 
12 224 
140 62 
24 222 
196 21 
178 6 
111 131 
167 6 
52 245 
156 19 
217 255 
64 172 
177 1 
101 251 
49 203 
29 178 
68 167 
111 106 
137 66 
161 15 
156 40 
157 69 
238 95 
180 23 
254 131 
104 136 
12 180 
8 191 
219 57 
223 69 
246 118 
244 110 
224 79 
97 182 
25 219 
58 221 
242 115 
234 87 
53 175 
58 236 
242 106 
24 232 
170 24 
208 43 
28 189 
120 82 
184 28 
147 37 
177 2 
85 187 
99 136 
120 115 
22 194 
255 138 
49 218 
247 120 
251 126 
7 192 
179 12 
39 224 
77 166 
223 64 
38 209 
9 202 
12 194 
160 16 
53 219 
108 255 
235 255 
136 60 
217 60 
