2 256
0 0.020294
0.020294 0.025567
0.025567 0.0296245
0.0296245 0.0367997
0.0367997 0.0410892
0.0410892 0.0448252
0.0448252 0.0476918
0.0476918 0.0514868
0.0514868 0.0550401
0.0550401 0.0576001
0.0576001 0.0610316
0.0610316 0.0632341
0.0632341 0.0649178
0.0649178 0.0681917
0.0681917 0.0695238
0.0695238 0.0714617
0.0714617 0.0732236
0.0732236 0.0754359
0.0754359 0.0775856
0.0775856 0.0792219
0.0792219 0.0807014
0.0807014 0.082148
0.082148 0.083817
0.083817 0.0857221
0.0857221 0.0874648
0.0874648 0.0887637
0.0887637 0.0909562
0.0909562 0.0925044
0.0925044 0.0938334
0.0938334 0.094737
0.094737 0.0961486
0.0961486 0.0974954
0.0974954 0.0981845
0.0981845 0.0991063
0.0991063 0.0999159
0.0999159 0.100988
0.100988 0.101847
0.101847 0.103124
0.103124 0.103786
0.103786 0.10454
0.10454 0.105226
0.105226 0.106295
0.106295 0.106948
0.106948 0.108115
0.108115 0.109213
0.109213 0.110309
0.110309 0.111161
0.111161 0.112011
0.112011 0.112994
0.112994 0.114049
0.114049 0.114986
0.114986 0.115845
0.115845 0.117166
0.117166 0.118311
0.118311 0.119213
0.119213 0.120117
0.120117 0.121341
0.121341 0.122597
0.122597 0.12355
0.12355 0.124723
0.124723 0.126277
0.126277 0.127623
0.127623 0.128545
0.128545 0.129598
0.129598 0.131194
0.131194 0.133471
0.133471 0.135845
0.135845 0.139345
0.139345 0.14325
0.14325 0.146379
0.146379 0.149788
0.149788 0.154404
0.154404 0.157874
0.157874 0.162302
0.162302 0.165391
0.165391 0.168975
0.168975 0.171979
0.171979 0.177032
0.177032 0.181184
0.181184 0.183551
0.183551 0.188314
0.188314 0.190863
0.190863 0.193134
0.193134 0.197439
0.197439 0.200879
0.200879 0.203289
0.203289 0.206678
0.206678 0.209673
0.209673 0.212562
0.212562 0.21552
0.21552 0.21968
0.21968 0.223919
0.223919 0.227215
0.227215 0.230263
0.230263 0.234481
0.234481 0.238336
0.238336 0.242317
0.242317 0.245308
0.245308 0.248338
0.248338 0.251783
0.251783 0.256204
0.256204 0.259546
0.259546 0.263445
0.263445 0.267127
0.267127 0.270423
0.270423 0.275215
0.275215 0.278392
0.278392 0.281339
0.281339 0.284439
0.284439 0.289514
0.289514 0.292268
0.292268 0.295524
0.295524 0.298449
0.298449 0.301586
0.301586 0.304852
0.304852 0.308076
0.308076 0.311429
0.311429 0.313859
0.313859 0.316209
0.316209 0.318651
0.318651 0.320639
0.320639 0.322212
0.322212 0.324184
0.324184 0.326093
0.326093 0.327742
0.327742 0.329958
0.329958 0.331739
0.331739 0.33303
0.33303 0.334819
0.334819 0.336556
0.336556 0.338492
0.338492 0.34003
0.34003 0.341854
0.341854 0.343675
0.343675 0.345659
0.345659 0.34735
0.34735 0.349387
0.349387 0.350918
0.350918 0.353293
0.353293 0.355785
0.355785 0.358111
0.358111 0.360369
0.360369 0.36236
0.36236 0.365001
0.365001 0.366716
0.366716 0.369464
0.369464 0.371409
0.371409 0.373032
0.373032 0.375286
0.375286 0.376972
0.376972 0.379433
0.379433 0.381524
0.381524 0.384304
0.384304 0.386669
0.386669 0.388493
0.388493 0.390697
0.390697 0.392747
0.392747 0.394258
0.394258 0.395615
0.395615 0.39735
0.39735 0.398498
0.398498 0.40051
0.40051 0.402153
0.402153 0.404072
0.404072 0.405577
0.405577 0.407316
0.407316 0.408834
0.408834 0.410578
0.410578 0.412241
0.412241 0.414522
0.414522 0.416097
0.416097 0.418028
0.418028 0.419884
0.419884 0.421723
0.421723 0.423008
0.423008 0.424873
0.424873 0.427868
0.427868 0.429932
0.429932 0.431969
0.431969 0.434446
0.434446 0.436097
0.436097 0.438551
0.438551 0.440162
0.440162 0.441425
0.441425 0.44337
0.44337 0.445816
0.445816 0.448134
0.448134 0.450475
0.450475 0.452587
0.452587 0.455749
0.455749 0.458294
0.458294 0.46212
0.46212 0.46506
0.46506 0.467879
0.467879 0.471397
0.471397 0.47541
0.47541 0.477988
0.477988 0.482359
0.482359 0.48438
0.48438 0.488033
0.488033 0.492016
0.492016 0.496424
0.496424 0.500064
0.500064 0.503056
0.503056 0.506349
0.506349 0.508955
0.508955 0.511463
0.511463 0.514502
0.514502 0.517288
0.517288 0.520982
0.520982 0.52488
0.52488 0.528914
0.528914 0.532382
0.532382 0.534787
0.534787 0.53816
0.53816 0.541568
0.541568 0.544233
0.544233 0.546337
0.546337 0.549467
0.549467 0.551554
0.551554 0.555044
0.555044 0.557605
0.557605 0.560212
0.560212 0.563359
0.563359 0.565944
0.565944 0.568987
0.568987 0.571986
0.571986 0.573976
0.573976 0.576544
0.576544 0.578319
0.578319 0.580435
0.580435 0.583292
0.583292 0.585535
0.585535 0.58738
0.58738 0.589775
0.589775 0.592808
0.592808 0.595978
0.595978 0.5988
0.5988 0.601742
0.601742 0.605405
0.605405 0.607866
0.607866 0.610935
0.610935 0.613787
0.613787 0.616594
0.616594 0.619878
0.619878 0.622803
0.622803 0.62523
0.62523 0.626821
0.626821 0.628438
0.628438 0.630516
0.630516 0.633325
0.633325 0.635983
0.635983 0.638362
0.638362 0.642321
0.642321 0.646941
0.646941 1.79769e+308
0 0.0123393
0.0123393 0.0178021
0.0178021 0.0220851
0.0220851 0.0252287
0.0252287 0.028929
0.028929 0.0312842
0.0312842 0.0338988
0.0338988 0.0355777
0.0355777 0.0373466
0.0373466 0.0391442
0.0391442 0.0407404
0.0407404 0.041712
0.041712 0.0437644
0.0437644 0.045076
0.045076 0.0466693
0.0466693 0.0480219
0.0480219 0.0497764
0.0497764 0.0512563
0.0512563 0.0529914
0.0529914 0.0544458
0.0544458 0.0557193
0.0557193 0.0570276
0.0570276 0.0581827
0.0581827 0.0599843
0.0599843 0.061342
0.061342 0.062853
0.062853 0.0643539
0.0643539 0.0653728
0.0653728 0.0666011
0.0666011 0.0680546
0.0680546 0.0690298
0.0690298 0.0700168
0.0700168 0.0713236
0.0713236 0.0723866
0.0723866 0.0734651
0.0734651 0.0746351
0.0746351 0.0757076
0.0757076 0.0773189
0.0773189 0.0787866
0.0787866 0.0799112
0.0799112 0.0809303
0.0809303 0.0832574
0.0832574 0.0850161
0.0850161 0.0870119
0.0870119 0.088931
0.088931 0.0912508
0.0912508 0.0929246
0.0929246 0.0945925
0.0945925 0.0961934
0.0961934 0.0981312
0.0981312 0.100519
0.100519 0.101857
0.101857 0.103732
0.103732 0.105337
0.105337 0.106902
0.106902 0.108605
0.108605 0.110371
0.110371 0.111663
0.111663 0.113555
0.113555 0.115209
0.115209 0.116387
0.116387 0.117913
0.117913 0.119159
0.119159 0.120776
0.120776 0.122305
0.122305 0.124101
0.124101 0.125396
0.125396 0.127046
0.127046 0.128292
0.128292 0.129823
0.129823 0.130927
0.130927 0.132179
0.132179 0.13321
0.13321 0.134278
0.134278 0.135646
0.135646 0.136667
0.136667 0.137601
0.137601 0.138441
0.138441 0.139906
0.139906 0.141009
0.141009 0.14232
0.14232 0.143394
0.143394 0.144308
0.144308 0.1452
0.1452 0.146073
0.146073 0.14741
0.14741 0.148479
0.148479 0.149822
0.149822 0.150738
0.150738 0.151693
0.151693 0.152899
0.152899 0.153965
0.153965 0.155124
0.155124 0.156306
0.156306 0.157963
0.157963 0.159168
0.159168 0.160293
0.160293 0.161428
0.161428 0.162265
0.162265 0.163319
0.163319 0.164426
0.164426 0.165715
0.165715 0.166957
0.166957 0.168377
0.168377 0.169622
0.169622 0.170686
0.170686 0.171559
0.171559 0.172674
0.172674 0.173561
0.173561 0.175007
0.175007 0.176282
0.176282 0.177582
0.177582 0.178558
0.178558 0.179702
0.179702 0.181431
0.181431 0.182809
0.182809 0.183705
0.183705 0.185206
0.185206 0.185747
0.185747 0.186933
0.186933 0.18826
0.18826 0.189267
0.189267 0.190037
0.190037 0.191021
0.191021 0.192095
0.192095 0.192892
0.192892 0.194606
0.194606 0.196062
0.196062 0.197763
0.197763 0.199336
0.199336 0.200553
0.200553 0.202667
0.202667 0.204549
0.204549 0.20595
0.20595 0.208482
0.208482 0.21071
0.21071 0.212864
0.212864 0.215373
0.215373 0.217517
0.217517 0.219892
0.219892 0.222369
0.222369 0.224628
0.224628 0.227332
0.227332 0.230954
0.230954 0.234141
0.234141 0.238485
0.238485 0.242567
0.242567 0.247257
0.247257 0.250345
0.250345 0.254279
0.254279 0.258984
0.258984 0.262375
0.262375 0.267898
0.267898 0.273315
0.273315 0.277177
0.277177 0.282694
0.282694 0.288064
0.288064 0.291173
0.291173 0.295611
0.295611 0.299427
0.299427 0.304601
0.304601 0.308928
0.308928 0.313401
0.313401 0.318341
0.318341 0.321543
0.321543 0.327881
0.327881 0.331993
0.331993 0.336051
0.336051 0.340588
0.340588 0.345249
0.345249 0.349937
0.349937 0.356313
0.356313 0.35897
0.35897 0.363095
0.363095 0.36659
0.36659 0.371201
0.371201 0.37518
0.37518 0.378793
0.378793 0.384285
0.384285 0.390907
0.390907 0.396994
0.396994 0.401449
0.401449 0.406774
0.406774 0.411308
0.411308 0.414554
0.414554 0.417582
0.417582 0.4213
0.4213 0.42367
0.42367 0.426248
0.426248 0.430398
0.430398 0.43316
0.43316 0.436421
0.436421 0.439273
0.439273 0.441041
0.441041 0.44312
0.44312 0.445362
0.445362 0.447375
0.447375 0.449595
0.449595 0.451255
0.451255 0.453303
0.453303 0.45591
0.45591 0.458166
0.458166 0.461043
0.461043 0.463619
0.463619 0.466171
0.466171 0.467796
0.467796 0.470025
0.470025 0.472476
0.472476 0.474693
0.474693 0.47692
0.47692 0.478993
0.478993 0.480876
0.480876 0.482511
0.482511 0.484326
0.484326 0.486455
0.486455 0.488534
0.488534 0.490493
0.490493 0.492145
0.492145 0.494666
0.494666 0.496363
0.496363 0.497671
0.497671 0.500026
0.500026 0.501501
0.501501 0.503219
0.503219 0.504593
0.504593 0.506701
0.506701 0.508611
0.508611 0.509854
0.509854 0.511437
0.511437 0.512928
0.512928 0.514358
0.514358 0.515384
0.515384 0.517406
0.517406 0.518959
0.518959 0.520712
0.520712 0.523163
0.523163 0.524472
0.524472 0.526039
0.526039 0.527683
0.527683 0.529518
0.529518 0.531336
0.531336 0.533152
0.533152 0.535329
0.535329 0.537075
0.537075 0.538659
0.538659 0.54041
0.54041 0.541729
0.541729 0.543665
0.543665 0.544869
0.544869 0.546301
0.546301 0.548343
0.548343 0.550884
0.550884 0.553286
0.553286 0.555617
0.555617 0.558749
0.558749 1.79769e+308
