61676
16576
11263
8421
40745
43767
43149
41525
35557
60772
32388
42747
41597
31677
7480
42021
59600
43626
61676
43722
15579
30621
41985
42139
15548
41152
29158
41156
62328
61387
31215
2492
37112
10940
10325
16827
41212
18173
42840
8381
42901
14684
31267
41190
42709
43695
18211
42837
35678
10884
43919
35780
32816
34906
28704
10473
29535
40567
43610
15561
43690
2484
33638
41640
59598
7654
11119
41259
18117
54536
8776
14611
10979
37106
33129
60985
41237
59472
59325
61506
11849
41529
35730
10506
54720
17254
59525
32157
36581
7677
12958
35457
16860
10358
44420
7694
65010
43683
61930
6272
9173
28703
29246
15809
18465
16318
41379
35545
31824
10181
59700
6267
14550
17269
9294
12980
29137
10407
31386
59676
42528
40000
16580
43400
59007
18334
30719
41679
61193
36134
43410
43494
31491
14629
11552
7455
57779
18616
32578
59667
16951
16816
43109
15284
39968
10495
61444
42142
59631
19815
13606
2705
8227
10644
30344
18752
17784
36476
10698
61642
13604
32917
46677
32307
13992
59419
44478
10627
43673
36803
14487
43715
59620
43679
43698
16329
17085
28805
59515
29126
44631
36207
9287
43625
36261
30895
40042
62362
14679
43670
14827
14191
57772
32955
16824
10722
16867
61389
43165
2722
44352
32732
40451
61666
13933
43986
58024
41584
31197
7322
10536
37101
31065
36296
41562
11928
17467
14009
14821
11912
59045
16901
61658
9180
42114
30363
9431
60675
8521
44421
31223
59586
15780
43983
59638
6278
14625
40969
13530
44306
44321
29450
29153
17035
11234
60667
36540
14804
43692
16393
36008
11838
13414
18016
41543
41246
14202
6532
43139
43074
59486
16383
31910
54598
14474
43920
32791
7667
62353
64511
10549
15251
35753
43690
6724
61254
32815
42802
18477
59600
8029
60550
14353
43690
12815
60664
14577
6598
43690
7352
59586
14164
18695
6974
43610
13177
10423
13926
18388
43815
7955
42531
29072
43690
36647
61347
60673
61534
13139
35481
43541
16972
61342
40554
60529
14614
13459
57950
44237
44381
10595
2808
31198
42530
40501
17814
61196
32689
17362
44417
14811
12474
33244
44282
2635
15728
54677
9072
13100
59469
60625
2443
12365
39969
15857
41469
61252
37244
32453
2808
17682
17072
61714
11726
9078
17617
29547
7482
11879
61415
10049
31536
13289
2410
7955
36253
8014
11128
59466
54936
60778
13116
40386
15464
7213
36831
40484
6546
6484
16368
40764
31190
7086
18697
28698
17306
11712
59088
41230
59522
8063
13729
11045
36086
60564
11366
32311
44513
6447
10509
60575
36141
16010
33094
43351
35774
13352
18773
35751
8279
11372
9114
44523
41036
16841
36111
60686
6469
35753
11399
10071
41471
43098
11330
17899
6324
13693
43641
32243
61531
7453
43052
43907
14509
36352
65060
15262
61831
11726
17008
42695
41484
28957
6430
33103
15403
13555
44011
61388
54615
10474
8562
61679
18311
59471
11618
46408
29456
11746
31862
61230
44570
43812
31764
43868
7996
13231
33179
16389
40444
2482
8786
32736
16413
13982
16870
58982
36416
14663
59509
17572
36286
57986
16320
8191
7653
13996
40768
32951
33085
42675
32464
13173
43690
12145
6595
8702
18489
37155
35480
40094
42094
59730
41257
60619
11452
41480
6485
17194
62357
13869
11790
60614
14327
14090
18892
17004
36393
61033
11007
6435
17931
43018
44411
44624
59472
13461
43550
7460
31042
60906
2629
65021
43765
41628
29022
33224
10400
36215
60845
15460
6225
6434
43354
43107
9265
16815
43212
61299
43622
10724
40805
41630
43384
43690
43695
59716
43086
15506
12096
11935
45075
61384
42774
13854
59720
41032
9031
29297
11937
59733
43133
43318
54687
44227
14666
35489
7456
16601
60702
43092
2392
28701
18351
40795
43068
13545
43189
61923
35695
43612
35754
16509
31708
61766
30479
43431
28805
36007
59059
44298
8467
61679
61729
40068
42113
41103
8004
41940
2764
15206
60528
2453
33625
8600
10697
7978
59390
61234
16242
39971
14170
15593
17633
14501
41367
16409
28702
8789
14323
40788
15466
35513
43112
13445
7999
61605
41424
43691
7424
46570
18311
32675
10802
16488
31627
41402
16401
42949
44360
41693
44326
39945
14508
43690
28797
43569
44264
10180
10555
54602
28779
61452
46189
2466
43120
30701
13695
10633
10182
29240
64556
41372
42512
2441
36061
28934
7128
59696
16613
42510
16373
8173
14819
29349
31938
7654
31040
11779
6582
9422
28873
32377
62365
13097
42510
31957
7651
42677
12223
43853
42016
14804
40111
40572
44480
12167
59698
13441
59024
41743
6270
61666
8677
41617
15456
42155
43692
8671
35700
14518
2478
8969
30498
62300
17527
16507
41233
43762
40542
59604
40768
59709
43381
43944
59725
59383
43810
6481
62291
14274
62117
16453
31050
40463
17793
2669
16369
43277
7989
16182
60675
35556
41959
62295
33219
34876
7661
43690
43943
40650
36095
43764
16330
60792
15581
43906
14076
60673
40840
54904
10183
8527
36134
10336
61472
8572
8001
7967
44306
11015
40632
59277
2677
36343
36775
43837
40434
2762
19806
43264
43609
6555
18789
61252
32428
43826
14401
57988
10966
43690
30286
42066
61366
9226
41246
37150
28838
10284
17461
62264
18389
44613
32036
11437
29150
43690
30294
7695
43838
15580
16322
42514
59372
32623
61462
36802
61391
42990
59587
43347
36091
42717
7480
36297
62365
43835
43890
7997
43036
61553
41603
43164
30267
12784
43734
14691
7229
43074
16586
43612
16262
17063
61448
60572
64973
59472
32877
13937
16144
29083
13265
64894
10865
41632
2480
59717
59522
14483
41227
43713
43824
32511
7359
35778
15572
43542
40837
14827
2469
44303
2605
31205
59445
29299
2653
2770
17491
62424
8598
10029
7949
13874
36326
36765
33063
11158
14209
13559
41207
18327
37107
40113
30218
8015
35687
41629
8010
31907
59038
10297
59630
41138
8978
31177
2769
60620
14825
43148
13972
6628
16095
10781
43722
43130
59534
60612
13771
8928
2698
19817
36108
7943
43648
7195
10996
41810
14502
15450
44450
61260
59466
16579
16662
46392
43809
15542
36516
8824
14366
43662
6267
16584
60594
9155
42954
59057
59442
43159
44348
42082
36740
16454
8900
43070
13865
11631
59422
57752
12410
29266
36017
61456
43674
13717
17588
44470
43696
9440
30148
42916
41707
14808
42745
2392
32200
29483
44514
16316
61556
42947
41128
16260
36423
2674
36741
31232
44468
36758
33113
18673
43622
28971
8351
43674
43696
42886
59677
16453
14830
11182
43842
43907
60560
31073
16145
15605
40824
17481
8632
36848
41697
36108
36055
12117
2395
60910
18290
61709
41200
43710
58948
10797
44462
17053
65051
33257
11868
16966
13363
36269
10837
43955
54883
13822
40064
35694
39938
12211
6214
43014
57958
42855
11074
29392
61390
43840
32392
62422
31884
6476
61937
14229
10936
2626
44405
60689
43695
31214
8845
41351
64683
42672
14282
32179
18342
43056
10435
43757
43712
17712
28826
11609
2409
40386
43669
36644
43956
31568
44340
40822
59347
10006
6503
59395
16071
11462
16879
8155
42823
43690
18563
42731
43795
62338
8627
16873
2416
15212
15463
46399
13853
39988
43376
17172
16578
14705
6452
41516
35645
43989
16388
11886
40603
59521
36429
40795
43353
43745
59024
36409
61295
16868
37160
42694
2396
41510
59507
40796
41344
15242
10341
10320
35839
9047
44274
32841
43712
13258
37111
43408
11885
59509
32404
15510
8274
10233
11084
32703
2601
10856
37262
16306
44416
36644
8117
43349
36319
36559
14507
37163
12747
14713
60617
61539
17103
16816
14814
41493
32723
41878
43104
15194
43625
16264
10414
8005
33272
29109
46436
11213
17002
15679
18330
15211
15269
31174
43320
35350
8852
13433
8985
15520
12015
14627
11241
33187
43353
10132
44386
7680
61666
44533
32904
61443
62383
14675
40063
40962
7950
14391
2760
41244
8773
43561
14494
35474
16351
14505
16182
16302
58987
32305
44035
59506
36460
40074
42119
13851
7959
12054
6349
61096
31295
9000
44430
15281
41433
15621
43710
40498
32992
6475
58926
41234
11918
43673
61438
35474
6466
40046
42538
42494
17049
14594
61584
2495
31791
12042
7949
11029
2609
36404
44357
14820
6588
43597
42857
12799
15249
10353
43621
42712
19792
40441
43717
5802
16374
58980
42028
43879
59362
7942
16523
60602
43262
44444
15638
8154
42077
61408
9153
19811
43690
36113
13729
61492
43742
6340
41383
61672
17538
2392
6961
32824
14818
61291
11126
44373
43836
42877
44521
14161
18731
15401
41580
61479
43115
8408
36800
2475
42144
13387
29858
43912
14442
16202
35482
36498
31619
61498
43437
2782
36697
8003
43721
42060
14286
11492
59677
12602
2776
32512
43273
31872
31483
14085
9093
35608
59004
9147
43553
28906
35745
36432
61319
40790
32976
43531
62391
10390
59609
43527
6721
59474
13406
33159
6350
59729
61389
57975
36483
35844
30747
7701
29389
2731
28827
35691
30635
36392
31076
17797
9350
44032
11051
2679
43690
8762
7657
2811
60547
8000
41244
33399
13302
41166
14582
10269
35846
10750
15637
6471
35760
59318
9290
59475
7992
14667
12904
59522
36378
43555
10402
11009
17630
59143
57939
29552
44307
7682
40685
36800
43713
32525
42841
59347
36322
13191
2758
18671
18435
13569
18870
16865
43657
39932
18643
60664
40465
14387
61596
40992
43510
43781
13849
44227
59340
43686
59146
31820
35724
29158
60690
44426
2622
35889
61292
43137
43080
2605
16336
43426
62428
6330
43147
40446
40795
15603
41439
32856
14505
43690
6267
9419
31566
15591
41645
61225
42534
11508
61312
42157
14125
44356
16335
61399
43546
30277
59525
41245
60759
43696
43428
28779
36424
44373
36117
9316
2492
28801
40511
15398
11584
14137
2745
36172
16194
36776
61459
60914
12941
43691
11230
62430
43525
59475
42111
36268
8568
32633
2805
2444
43554
2766
61852
44422
13814
34975
2685
14845
41044
43610
14334
2415
31243
44382
65178
36848
41738
29125
8379
11979
44481
6335
43691
32932
41878
59474
42706
13702
7963
43721
43846
9331
44279
44314
59516
41620
6474
2671
18699
62372
8805
61807
40522
42095
43759
16938
16397
30745
40942
28986
44353
43706
15285
41507
43690
9088
16414
42633
14480
9182
6418
43838
10691
43063
16343
42967
16865
42844
36765
9118
12940
59353
8429
61411
59167
15651
7993
14586
18328
7452
61468
12723
6214
61296
6468
13093
43400
45097
43711
43263
35319
12191
62406
59679
15839
41426
2809
44495
42549
40825
43703
61673
29554
16391
6438
43134
31558
10177
40695
43776
61455
15598
32764
7393
40569
31760
43413
11104
42730
44315
13893
59613
14427
36420
7699
43592
13871
44280
61371
14575
8341
40623
43614
9171
32593
2806
16615
42869
8053
12824
40571
30996
17061
41603
61562
34900
8918
6651
43134
43682
31727
42868
59181
54937
61500
15596
42624
30826
40542
10896
9139
14073
43470
14381
11572
33168
59723
32397
14498
18751
40843
37115
8488
43730
43691
36757
59057
16873
6648
14411
10129
36773
15496
61323
11382
14082
30806
2783
44473
18487
40846
15519
2451
11695
2480
54793
2486
13649
18478
42627
43748
43694
40918
41504
7075
41595
57988
61482
43009
2611
61051
19811
36082
13993
43690
12427
2806
2650
43929
42164
40659
14433
9086
36275
15484
18566
43729
7683
16346
59471
17901
33059
31793
18086
43711
35733
12474
13721
40663
43016
44419
43533
61661
41199
44463
59594
44313
10112
40691
43078
61103
30475
6264
44294
31583
31867
6248
14481
60704
12925
30982
14802
43786
43850
43832
32060
14021
59047
28707
61312
16439
6583
46416
7412
41747
29867
44630
32572
15574
59680
59534
8242
40792
14398
18924
33036
43708
60617
8495
36849
30203
43309
10731
13975
31044
11059
9311
11314
36627
12291
41569
6951
17180
60724
2414
14524
16850
14148
41639
36005
15486
2635
32947
15583
36452
54829
44295
42097
14378
44990
59065
61499
32656
59676
40910
31940
18241
6279
31945
32648
41397
15511
43935
32337
41834
46429
42526
10097
16228
12834
61318
62332
42677
43610
2611
34954
16407
40502
10177
54892
7679
41070
14172
7696
35676
29252
43817
43695
14029
14041
13916
11422
61034
43715
41844
8018
15601
7950
17701
46403
43333
41246
6214
18214
43408
61303
14817
7456
43690
33344
32761
41651
61412
31204
42787
7992
43011
41826
36318
32430
15497
29554
43747
30645
7079
13085
18735
36825
12692
42849
30748
40077
65069
31818
36125
40450
13926
2777
2470
15844
59534
16308
6349
31408
61497
10714
6355
61563
40067
8624
30880
36738
6516
65054
10209
59130
2448
6359
7440
17167
10541
13708
59461
40452
54664
14563
43785
28981
14676
59578
43010
14034
59524
36000
2762
61547
16946
59253
35754
59585
14679
46412
44745
40822
60521
35471
60625
40707
41873
30777
18336
8386
43713
16987
15499
16816
36815
11547
13793
60665
43463
40669
9095
35753
16990
35188
43354
30286
32191
59609
13990
59356
41375
8914
59587
31769
61104
43690
61793
30553
43341
41236
43087
41214
61206
7255
43769
59249
14616
16207
9075
16274
32057
14005
6452
12417
31141
60592
40444
58892
40865
33185
65041
7943
16818
58900
37099
14295
17326
59578
44428
6421
43712
13622
61410
37191
37149
42756
12385
34885
60687
16290
29114
61424
43126
11093
35510
13877
42895
44450
43944
59324
2403
29121
43628
60596
11661
43690
2721
32803
36806
15281
10231
29013
61384
58067
37114
61417
40479
32553
9282
16365
41417
34864
59475
16220
43060
14712
31894
36514
41018
16495
12034
32401
18674
2686
13737
46428
16961
59511
15588
43695
59212
10613
43690
42894
62350
30740
40905
59584
2402
15586
41910
11518
7428
14491
12463
16368
61343
43940
16135
6450
31729
54926
43514
2443
16336
61152
40118
39971
59511
13862
60527
59510
42667
60625
35676
43621
8805
6892
32251
36392
6222
32154
2779
42138
10450
58907
16949
16411
11288
40559
36441
59509
2415
16381
41502
13791
32440
43963
32113
14831
13018
16859
31722
14688
36647
8761
14601
8362
5803
59452
44435
13741
9964
10718
18733
35679
61286
60667
11753
60665
6930
35935
6217
2606
40042
54871
41238
2453
41834
60953
41514
40467
40007
43379
32604
15497
8166
32492
8000
12971
28704
36794
16265
13464
29840
61406
42822
16839
57754
16828
41255
13995
59719
12884
17008
42789
43103
16868
43743
7997
59521
42633
43690
7996
62242
59439
36446
40931
7303
41375
60678
6353
11637
44285
35659
43419
16347
14816
15538
6436
43882
41596
32499
2389
60930
2688
6432
41375
10602
29126
16956
41444
16324
59518
16334
32298
40824
32758
31779
8465
43690
43690
35841
18283
34935
43354
61443
62389
41371
11539
54786
14677
59329
54440
40103
17205
11063
11073
43616
43873
8400
16614
32169
46396
31688
36091
36279
2740
15507
16993
16374
2628
61694
12265
45053
2403
2784
43690
7942
41523
29554
14671
10159
30993
13960
9109
14538
58012
7336
35703
60823
61558
43544
43825
43402
43692
62457
35889
41626
36653
15831
43690
44231
40515
15250
16171
32278
61371
14593
29564
42808
41148
43610
59487
13782
32769
16995
41501
60529
31958
15526
46341
37103
41110
59031
36803
43496
41486
14493
14684
14794
43148
43695
41798
36742
30316
17582
36281
61084
29030
43435
2462
14830
17855
30481
43316
10461
59058
61672
43690
15581
43691
28707
10762
17017
16325
43379
43690
35469
59522
35735
15584
14406
16988
60909
10935
8114
43835
16183
5802
43439
35392
7058
37112
14527
59175
15609
59510
35809
44230
36078
43710
61404
40116
8843
58931
43618
13451
9284
9138
14003
61472
54648
18375
11129
43305
10483
32872
59725
13872
42627
40617
43626
17003
43854
43764
13619
36283
31356
43925
44609
61543
59731
10757
44311
15281
61018
28909
7141
54774
28712
40649
11231
36431
39993
30709
32082
17330
61589
61091
6351
43797
15553
62185
7668
54697
8053
61627
36342
43068
36469
35851
33706
18202
43717
7975
40445
33039
46395
28704
28779
2414
31796
36474
43085
43695
43844
8467
11191
36088
6488
8737
12072
40452
42998
36159
59486
60627
44375
7054
12247
41215
16858
60687
44439
35851
7653
60584
43809
36552
30937
10595
30683
10926
59198
36389
15545
11099
9260
43846
42624
44379
43690
40513
44631
10177
61317
43547
14598
6272
14403
35926
33028
17102
44092
17939
30525
14485
43938
7672
40858
46401
43626
42624
16334
16606
13597
43731
15566
54678
59319
36050
15400
61674
14140
12333
40472
18699
44504
60689
18156
8414
31915
6477
36109
14612
41597
41249
9221
16306
10905
43584
30720
14839
43425
8686
60563
60561
10642
11253
43346
41880
61516
10937
16331
13993
14456
43645
35548
8706
17734
43226
8959
14338
15556
61074
43771
39936
35735
12352
59509
11676
57951
41527
61466
8054
36370
35493
14123
44364
61664
43710
37187
31487
7681
41356
36134
43092
40014
39944
41247
9198
58007
42495
43877
37269
59521
8610
41201
59333
41056
14439
33268
33385
60553
8422
16903
32255
44496
43008
43674
14684
8538
61308
59578
42883
28909
62284
41238
35892
42155
2600
64914
7649
46393
14505
30148
41193
36043
41621
40149
43625
37131
43830
2403
42530
29294
28816
18245
43330
6980
6520
41621
13929
8030
10738
15586
61687
14528
61369
60798
15738
17806
35473
29439
17252
16301
44494
32525
14673
28996
43818
61414
32149
43711
35747
17002
44480
42887
43690
18761
35935
59432
13409
61594
11057
31839
43366
2594
43993
8697
32190
54665
7219
39938
17000
14680
14655
44630
11675
40461
18617
14358
40043
10744
40866
61340
36272
40499
6653
34918
44505
14515
61511
59179
43690
43709
61692
32911
12896
43059
43599
2761
61073
8014
14049
31733
61843
6471
12875
43274
42089
36098
43605
12127
43347
43690
59375
43914
59717
37211
35730
62382
43816
43850
62346
10147
32427
16136
59508
43714
42784
10673
60585
59509
35353
16932
2602
43670
16379
61762
61499
17650
42155
7693
43830
44503
36323
36131
14433
37128
14809
46394
59666
6222
36589
17744
14265
37106
14035
31481
60627
43822
30767
62366
18618
33048
43670
59599
28899
14846
31375
60592
13994
36260
39943
29808
60680
32592
16325
7671
44309
6601
11218
10873
15484
43886
41590
60578
32436
44095
17518
35646
32324
41161
11369
7482
9188
11850
32357
43021
17496
60921
11003
18839
41058
42951
40902
7449
36296
18616
43710
59607
31438
40676
33003
12374
44287
42768
12948
29317
43748
14027
61430
41241
43691
7671
59733
10891
17003
37196
31856
40782
10309
8302
43531
33069
42706
40096
40074
40814
13412
9160
18625
12457
43543
31320
59329
31609
32708
13969
43954
43763
59196
32489
61419
41443
32158
2627
35692
54935
41116
44466
14535
42074
40748
35250
43690
29806
35684
8116
41842
7057
33377
7340
15825
36282
29017
43804
42536
12390
40997
13458
33013
57738
14500
46228
43442
43717
42113
13354
6484
13908
2700
2444
62184
2753
41806
41782
33107
41596
11049
40830
10417
11953
59596
7169
59681
18035
30200
13148
18286
8340
35902
12998
31961
7962
44609
33176
30898
34981
35975
41381
59522
60914
57706
61444
2638
43761
54757
2709
8249
16844
39968
17643
61447
13750
31657
7460
59486
18090
60703
14676
36245
41676
2695
41960
10260
13009
61316
31552
61528
6492
14489
18609
30873
7256
61327
43669
44286
36461
15478
43182
35462
16964
10339
41108
16324
42122
65151
41386
8744
44439
18109
29347
31007
10883
7694
14126
46417
61462
43773
9043
36073
7981
43105
32685
31954
60528
36532
59387
16885
59521
8543
13900
16330
12599
12327
2598
43690
16914
29483
61679
41807
8712
2606
17917
30305
30290
58018
32376
2805
59524
2594
17388
41010
7435
18030
19816
42499
13499
8804
35678
28716
60525
13299
7653
59354
32008
43015
32570
9278
11590
41453
33044
10244
14058
43812
55125
43825
30655
43814
14555
12838
29348
32209
2459
15208
42944
16870
9167
36274
32039
9976
60603
40705
15681
6485
13376
43396
32597
15550
46422
15474
29195
36020
13036
41203
9039
13562
61707
8238
36557
59475
16380
43656
41431
16600
16413
61277
14299
31880
61752
61482
35037
43455
14371
11618
31921
41933
17208
7652
29158
43512
12076
43710
32354
16366
8247
36737
16223
16311
14249
61220
41344
18485
39943
36132
39964
8639
44407
41233
57775
40631
41051
16292
60893
43365
8256
58995
42075
60527
10997
15207
43906
44633
10828
59354
8887
2693
15279
34979
7250
43626
13881
2778
43676
41257
16398
32678
30363
7428
2777
6264
43766
31966
2392
43760
11767
40827
17296
30410
59699
30789
58933
43365
30902
61075
61975
16446
14590
16570
58963
40598
17205
41719
41445
59249
36510
43770
61450
59464
37189
35586
16325
2704
16996
61305
31737
59170
44226
57936
36477
59390
16102
6428
11268
15204
34937
61416
11023
14631
59697
36236
44282
61505
59458
44274
44230
40766
44480
37215
6348
40074
36469
6419
59428
61716
35369
35605
9438
46400
7244
59727
12943
2598
18473
36231
43690
16328
44509
58038
35368
61452
41373
44256
32371
43743
54697
29131
36391
59058
9008
35628
35778
59613
32923
13994
7193
61455
18474
62325
42877
11195
6355
42047
18140
59369
44475
42528
57767
29459
37277
43710
35735
17153
42928
43630
14060
40876
2599
61369
60609
14630
17887
43369
6537
14715
41093
43277
41771
17660
61388
33189
18063
40854
61318
59699
32565
45070
13426
61459
35766
16843
41563
43690
32967
44257
19817
9162
61422
43690
12708
43365
17019
35716
43690
61917
42512
43420
60679
35864
12450
60551
16596
37135
62361
16520
43595
54816
30289
11102
32122
37100
44457
40506
30722
8001
31782
29535
43223
60597
44269
59606
32473
42497
2639
41260
42926
42626
54548
13794
12062
30925
31442
40057
10280
13539
37112
43990
16454
13941
10439
2493
17506
18156
8210
43673
16334
43170
43899
19791
18216
12557
2406
36327
29381
65084
2787
29009
17681
35927
12355
42740
28972
42871
13826
61244
16281
6692
31360
42968
14551
44317
16607
17039
15644
17363
32875
8828
7680
43766
13123
45168
42145
60676
14716
43042
17810
14408
60686
59735
43900
41819
61503
10323
42154
17533
16375
16286
17159
16313
43294
31024
41214
42737
44976
61426
16397
12519
43715
43690
41192
30994
60667
61489
11734
43636
41515
10669
16258
40825
10385
10957
15267
40805
43039
36136
43110
13733
42508
43716
8899
6417
59522
62351
30775
61495
15885
12033
35370
16578
41776
2605
2414
2630
12023
19800
13747
32010
16844
59380
32305
35956
61288
35483
61485
11847
36443
14502
36011
15540
41642
43894
61887
42049
33079
44449
9051
60747
10349
61433
41263
36022
13544
7397
11948
43692
60627
14834
36687
57971
30711
43690
40611
12392
60605
57932
41389
35729
41327
61292
11600
64959
43966
7667
8636
6332
14675
18697
16567
13167
57760
41226
59361
17184
43760
61207
61678
60906
44996
16257
16422
59587
19806
43625
61187
57926
37098
8040
59599
61691
16399
16411
31186
43138
31012
41825
16427
41929
35743
18475
41070
14260
2718
28941
41261
2703
15771
45110
35744
59611
2787
46564
7996
61411
13296
29307
44359
6357
10546
43267
61429
15927
36211
42535
29265
15253
6606
40827
2636
36205
8187
28961
59487
61272
43844
2495
58915
43690
13932
18070
28712
29840
15801
13310
35491
8099
42667
14824
30866
16261
10917
59724
36290
14679
32483
16322
42514
33073
16287
35366
35655
12698
43779
41606
29346
43724
37263
36478
61442
2624
28717
18844
61168
43708
14498
13249
7966
43691
10391
11170
60556
54691
31913
14630
40779
2405
9731
13466
61040
61101
60618
13913
14066
43807
17196
60600
61535
61480
33101
61283
42157
61676
42154
14423
8263
29105
43366
14532
16354
8003
41888
57938
8752
8001
14588
43696
42157
12528
7016
34917
46490
59511
43353
15472
43918
41213
13632
42703
43690
6512
31045
16279
43061
32904
29326
43130
6452
11623
61682
7426
6330
6483
29566
14592
19818
43689
44347
60901
30802
14657
11298
6274
14663
16483
61802
36564
14811
31840
40662
43687
14673
30495
11568
10267
60603
41640
2390
59520
7683
40566
7382
65188
42038
15404
60621
35726
43088
43414
40774
44293
42721
14560
40624
7661
37098
43690
13523
11724
41525
14820
16275
43625
35465
40116
42876
59439
41944
2811
6935
42634
2737
32070
43690
32383
36652
65030
12983
33624
59084
32452
35649
43131
59000
12899
44309
42038
43715
31800
61101
16240
12371
17807
44363
15590
17817
11762
16225
44327
6577
43913
16550
32397
57771
39941
42863
40073
6424
16371
16847
7232
9193
42089
2600
31181
31258
43610
7480
32118
42887
14608
31706
18245
16352
37102
14618
43519
42867
13478
61163
35708
41080
16400
31620
8416
30860
42667
13963
57746
61339
59717
36106
11613
6297
13617
16243
11166
6339
15569
43690
12007
62457
59585
11862
2450
7281
40463
43146
31086
9167
31083
43670
35461
6518
14626
32046
43657
14616
16583
15520
36127
14498
42044
11514
18076
2623
42120
36118
44480
43690
61700
11951
2743
14477
10703
40770
7950
16603
40503
10851
16847
41607
44458
41793
10592
35511
10592
41590
14420
17131
8546
8821
7451
12372
43715
14519
16283
59051
16318
36671
43598
10229
59091
40640
8214
8589
17001
43902
14237
62457
31783
36837
36815
64675
14449
16378
18191
43090
7302
42954
13669
15208
18314
43018
42669
18472
43669
42733
43690
16271
58062
43303
31945
42128
37180
8132
10765
15995
59185
14676
13031
43783
31798
17062
60925
15385
17261
31301
61104
36833
43417
14472
31786
43690
61077
7944
44352
32695
42704
42021
14492
14534
61978
15592
61945
14688
43959
2460
13416
42686
60681
62359
2599
36857
37101
18871
19815
37114
41177
43690
61646
11257
30544
32265
12807
59271
59273
36747
59619
41260
46438
43696
16523
8849
13024
2608
14223
42706
60843
11132
41680
16434
8653
11106
42657
43050
41230
30221
59676
6621
12045
42830
2444
40390
41444
60686
13571
36094
59578
7947
6268
16661
44971
41997
8352
14097
8319
60616
9058
28684
33105
59433
41339
31586
12853
42680
14816
61228
37155
44290
39978
2805
61461
13342
14621
35819
46423
15279
42670
7649
42626
36420
28881
43690
61088
18870
8167
41557
17500
42496
29260
58917
7450
60561
18263
40907
31859
43829
33004
43690
8559
43820
8579
61675
7482
10913
40696
11914
43066
15754
15678
41178
15489
8014
61083
16662
60962
8814
40781
14080
36439
12259
32700
60738
43726
9454
61314
6606
61366
17477
28909
2405
57992
31560
13954
28687
18684
17757
31020
59171
8620
13069
46352
42534
15647
61347
8852
36039
46424
18911
7671
41649
32142
10986
29480
36512
8089
7481
43715
43696
14502
36416
8333
44271
33401
64695
41915
2468
33055
60551
13275
43053
32776
29813
59214
32745
17313
13985
35764
7950
60602
13898
59694
62297
16410
36563
16377
43936
60689
32880
13950
2669
59475
61873
15194
31588
43365
2458
6954
61491
43549
61399
13016
61338
2784
8238
35894
61335
61276
44329
16860
18295
14280
10881
13504
42632
55127
59654
37132
6559
42680
8199
31125
14635
43832
32108
59415
14310
41819
13536
30750
13074
11238
36323
41920
31138
35738
30219
8056
17965
32680
15489
41585
30574
16381
14320
43720
7992
32439
2784
43648
61717
61881
16887
33396
40469
8582
13003
35761
29840
7651
11673
30769
41379
14236
40073
36400
9224
59585
31429
41974
14346
7423
37135
42754
13649
41688
10428
43670
6477
2690
42085
28797
12357
36670
59585
58035
60573
14526
28978
15595
35263
43012
16607
30972
60581
43128
8140
41821
41523
18868
15596
39987
13747
41631
14289
7317
14833
43690
54608
44632
6892
36097
43674
59578
8126
41001
61771
13664
45076
61166
2599
16977
11348
18320
35472
40107
32654
6500
2772
44312
14312
59361
43152
13980
42109
43431
60614
42831
30205
61287
13189
10558
41451
31854
44222
40497
41634
54740
6618
6340
40653
44302
15788
44616
8240
42510
16441
16352
2494
31464
42977
41582
61698
14401
13993
31494
8001
2703
59729
40760
43166
43433
29362
10766
11151
59681
43456
46397
7993
35760
18107
61546
18910
43144
18487
14718
36494
43933
16530
59472
43696
43669
61529
16955
42685
30821
59163
59461
40974
42634
41037
2493
31984
28782
35728
57753
11006
60720
61382
2625
59253
61237
7477
10547
59677
43521
43706
40682
16317
16355
61343
43441
11220
12163
40007
12497
61081
32271
29177
43857
14831
34951
60553
40818
9264
64827
42684
14540
40115
60722
6600
11280
17551
60769
17596
7266
40086
6560
61396
2450
13849
59379
43753
46413
58041
14639
36838
28821
44391
44623
29148
36468
43308
41444
41158
43600
15710
43622
2392
14642
7282
8497
40116
36302
19818
41591
2610
2608
34996
42734
8151
8799
16380
13694
34850
29016
59719
15619
61679
46397
43713
11741
7944
18285
13072
36242
11837
12426
61298
40816
61511
44037
37191
40477
7030
35699
40853
43690
54832
64898
32576
12321
13602
30147
58978
17483
9266
40108
40939
59720
43232
2770
7093
43626
29133
40799
29552
61587
35727
41528
12735
61226
42969
7430
19798
59207
2415
14251
12995
17605
36013
61030
11091
59701
18300
32947
59612
43748
2638
6218
41477
18857
35095
43690
17192
2686
9181
32715
32882
15548
43781
6741
42520
43720
31670
61542
40787
43690
14210
8452
44312
36023
35492
59729
37112
2599
43441
36068
59732
11750
13314
43731
7992
59431
14119
8130
41541
40484
16169
43189
40910
11576
32231
17329
60585
43057
61686
18892
43418
32937
61324
45166
61521
18427
36372
10513
43607
35233
11646
16278
59262
2629
14711
6281
2761
35572
11754
41004
31735
36413
8051
43418
54637
37134
14605
42835
12817
14331
16288
14579
13951
64701
6419
35845
35662
44367
40682
7681
12379
15998
15255
36331
9183
16307
43619
42506
54613
31126
43784
43576
17432
32811
16816
31622
43021
40035
40474
36217
36358
41522
7058
59668
64683
8157
44370
32691
40594
42761
10832
35357
29504
40034
10178
29117
61210
40504
8287
15205
29373
39980
60581
33087
10974
17501
43690
14491
40600
43722
44387
7993
16336
15402
8859
36496
59731
2392
10945
2806
7477
6334
60677
36850
13246
14369
59668
31211
32751
60624
43499
14348
14225
9229
59525
9363
8431
32019
16556
59087
16242
2460
42536
60627
35716
44225
11784
6238
65127
43906
45091
57748
16305
6488
60549
59263
6522
14839
2609
43366
41655
61569
43782
60696
16365
43609
30444
41242
2657
59506
30669
14051
14705
60814
35561
44454
61676
41513
32940
11458
42504
15285
16159
31703
12424
7650
41390
30958
8972
61522
43952
32276
14813
43766
8409
35478
36450
43366
2402
32704
57760
11338
35465
15931
12668
44523
43354
43354
41723
8221
41692
8394
40579
36658
61290
32822
44506
36098
34946
28701
32794
2451
16344
60697
15207
46412
30913
59467
32013
10482
15634
43366
43398
14604
11001
43101
16292
6446
43669
44331
42513
16338
43104
14099
30254
10846
59422
42055
36033
36318
29483
46426
64512
61501
28703
43690
17098
37107
35468
30945
8603
17491
28956
40786
14019
36455
8292
40970
32241
11279
42798
9197
61644
11137
44493
9071
42858
12492
44351
30588
41575
62256
31647
43927
40836
9999
7980
43592
10734
18673
41631
43719
13361
59598
16092
10003
15721
32447
8859
35658
41228
30537
11718
32653
17552
59598
36404
17150
8406
18007
59681
46394
35866
44511
42767
41603
18765
43769
8354
42778
16323
14207
45076
14585
8658
43365
17015
12067
31233
41578
2694
31384
16590
18616
12880
59731
10220
18027
13756
31263
14511
35886
59186
58046
10273
40033
29161
13207
43175
59508
32175
40548
43167
17710
16316
61438
15535
12181
39990
16901
43875
16406
12800
41474
16386
10608
8833
30289
43821
6925
14360
59396
9282
43692
42533
44360
17926
12150
58908
14503
43988
61771
42538
7942
7130
35915
40806
59615
14497
35366
17459
6607
41615
15539
31650
36605
18335
13618
8444
39966
59337
61093
6596
42664
44377
10410
32560
2654
40676
60608
59724
36050
7374
60672
15208
54753
54699
10094
40464
11974
43710
8867
16593
28830
41198
2469
42861
2805
60570
30553
43157
60728
43711
13986
61199
60564
43852
29220
28716
35389
16468
6289
11994
43160
35853
36854
30725
43370
35410
16901
17016
42814
12069
61423
43690
8780
11290
40031
61329
10488
36485
44515
43961
14833
44234
54899
41409
33071
44407
44609
8916
43688
7677
12444
42148
41339
43040
57777
60754
41994
11335
45069
43690
60819
61059
2603
59432
12110
40784
15206
13285
18702
14706
42020
2784
43826
59680
43690
35904
61219
43690
61593
14720
9303
2394
59469
12991
31730
60616
13159
43898
40747
7305
8048
36370
45087
59154
7953
2624
9081
43762
41358
31523
40682
60623
43739
60941
7656
16324
32353
16860
60673
18183
41614
14108
7677
14092
18325
43429
58042
43915
2396
13368
32962
60951
18221
6292
2440
14242
18748
61608
40752
43710
43845
13608
31103
61646
42055
16383
61511
61681
8078
30148
44637
14359
29054
43353
41040
41001
61459
16898
16245
16317
39934
10714
9135
40645
57770
58051
35627
43949
43908
57986
14720
40881
43698
41189
36401
16064
17579
43720
60522
13224
40623
43690
41829
43673
42017
43715
30272
14480
12555
61204
41570
19806
40065
41943
36110
14684
32047
43714
13073
16423
11760
14603
36535
14602
43770
17065
32647
10738
60547
61513
43170
10787
40664
8345
43024
35355
36845
18744
2695
44390
29812
15194
14833
59666
36788
6332
40478
32945
13053
42037
14647
60598
43690
12441
42139
32420
41956
16307
14711
11294
62180
2673
33124
43712
9263
2676
11506
14218
16870
13027
32104
43136
8311
12156
11031
2780
14824
42693
14584
41398
41551
14816
41831
8764
61319
59153
31167
36694
43206
11019
8148
36482
29153
59578
14542
14102
14505
43926
42038
7441
33091
7297
61247
43690
43189
15403
61337
43690
7942
35819
43883
43862
11164
10565
6482
59679
8807
18565
8774
57748
16486
18849
2690
59579
43173
60700
10242
43871
30786
16517
6267
44459
18183
13328
35746
43670
6275
44323
41231
8337
10943
7459
62247
9184
42099
14291
39985
7445
14392
41357
16450
61111
7001
42657
13905
14691
11098
43271
18409
29179
43435
60687
17954
40612
58954
30690
41990
8483
43711
43354
15570
43041
2607
59709
46399
64648
43787
14519
29553
65060
43877
12030
37275
43911
44336
10161
31532
16346
14344
61714
16375
14257
42830
59518
43690
16826
9425
59018
43609
12634
15521
60608
6525
2643
14362
11353
6452
8629
14558
59056
35637
14815
31434
30320
15257
41161
59518
39976
42892
11533
35682
15488
2486
43131
61395
6736
61913
29770
15194
61280
8501
32697
43669
43690
31334
6444
41178
29469
8536
43690
9131
41879
39945
15478
15796
59637
8275
43150
16415
43317
41604
36225
59187
59377
14430
61340
43958
62037
10511
16444
46404
14536
16435
36027
11713
17915
61428
40109
59467
16950
9735
16629
8036
43042
11903
43096
2627
14001
16606
14067
43400
14464
43690
34902
13944
42538
44619
35709
36292
31395
15473
14544
8565
10507
60614
9087
61463
16575
35771
40631
6476
58031
62377
60525
57977
29469
41746
44268
62410
59578
35731
43762
61258
43869
8683
58960
41194
12412
9266
14272
13958
28717
31164
31837
41155
61907
44278
60575
61495
40656
14662
43935
18918
59643
44497
40801
41175
14199
44270
42657
43690
15491
6356
