202 0 
7 143 
96 127 
67 72 
183 198 
253 242 
234 233 
212 211 
179 184 
164 30 
122 152 
223 242 
217 214 
94 137 
94 42 
196 231 
148 24 
247 255 
202 0 
252 244 
9 100 
90 173 
192 225 
206 235 
14 104 
207 199 
119 173 
207 197 
202 22 
186 3 
79 148 
46 56 
142 194 
120 126 
96 111 
13 152 
207 193 
49 158 
209 237 
73 78 
208 231 
28 66 
75 138 
200 194 
216 247 
255 252 
42 155 
208 239 
173 179 
120 122 
244 231 
160 186 
135 131 
163 175 
123 187 
104 97 
108 179 
165 202 
243 255 
13 100 
255 255 
45 59 
144 138 
222 222 
146 24 
87 45 
104 115 
215 198 
52 159 
141 125 
82 90 
26 79 
115 122 
141 193 
134 159 
177 20 
208 199 
159 19 
158 41 
193 9 
76 101 
212 209 
166 178 
115 99 
136 112 
16 138 
148 23 
106 157 
135 172 
81 46 
35 101 
185 184 
10 148 
100 106 
231 213 
77 47 
238 18 
252 253 
208 8 
104 40 
88 71 
124 187 
110 168 
23 110 
36 165 
0 118 
221 204 
181 184 
108 128 
96 91 
138 28 
101 40 
25 87 
20 139 
96 74 
36 98 
116 169 
109 110 
64 132 
140 26 
212 244 
191 215 
5 143 
234 250 
135 40 
37 147 
95 160 
215 220 
188 13 
152 170 
233 253 
232 242 
80 129 
24 75 
91 107 
91 44 
177 36 
45 169 
118 142 
143 26 
18 149 
15 155 
239 228 
11 93 
187 219 
111 96 
192 2 
204 234 
148 31 
26 161 
56 74 
57 60 
68 69 
126 104 
69 165 
56 160 
57 133 
137 167 
116 108 
204 4 
57 75 
143 136 
192 175 
115 150 
33 65 
153 28 
230 208 
120 105 
250 255 
134 191 
17 86 
255 246 
150 28 
251 252 
254 250 
2 123 
30 153 
119 180 
154 23 
113 171 
225 206 
152 163 
98 73 
246 255 
147 160 
80 147 
184 208 
196 16 
30 65 
249 255 
22 79 
44 87 
176 34 
136 141 
13 153 
114 106 
10 147 
185 2 
237 234 
61 61 
231 223 
123 133 
174 207 
202 2 
41 66 
249 229 
161 33 
219 215 
74 149 
80 52 
118 102 
138 193 
64 157 
146 170 
223 211 
69 97 
32 133 
35 70 
23 76 
69 101 
128 35 
16 147 
200 4 
91 69 
201 233 
65 164 
105 70 
160 17 
67 90 
231 212 
77 146 
145 25 
30 108 
248 227 
146 28 
107 41 
27 74 
194 195 
59 87 
238 218 
234 219 
99 179 
116 173 
26 155 
101 125 
162 15 
129 167 
22 72 
255 253 
3 130 
145 177 
78 104 
48 90 
60 148 
217 210 
210 196 
40 84 
120 42 
232 233 
233 225 
157 19 
0 127 
111 141 
134 124 
20 84 
243 231 
129 134 
83 46 
198 19 
255 32 
116 99 
13 88 
161 176 
255 255 
120 50 
182 12 
135 132 
217 237 
37 166 
148 24 
77 50 
169 11 
30 91 
255 255 
47 108 
162 14 
31 82 
116 46 
255 255 
86 50 
145 25 
46 80 
50 161 
110 56 
243 255 
52 105 
109 106 
42 64 
38 152 
250 233 
64 53 
213 244 
119 163 
255 255 
133 182 
178 3 
161 16 
194 12 
48 109 
191 186 
247 240 
17 155 
179 5 
160 200 
170 7 
24 78 
50 87 
173 35 
242 217 
226 221 
125 100 
62 50 
74 148 
213 245 
171 204 
63 137 
190 12 
117 128 
25 133 
230 215 
22 75 
51 119 
138 148 
240 220 
50 59 
27 103 
128 119 
84 72 
53 103 
158 21 
166 11 
42 59 
62 117 
187 218 
16 109 
209 206 
183 13 
152 198 
127 148 
62 50 
49 133 
31 155 
209 5 
82 104 
85 75 
43 134 
110 183 
95 43 
74 97 
189 6 
111 86 
83 135 
56 97 
39 63 
64 53 
149 162 
74 48 
106 118 
156 20 
129 101 
167 31 
48 102 
169 209 
6 110 
89 58 
132 187 
171 201 
125 41 
126 32 
3 127 
176 198 
73 151 
97 51 
51 162 
124 184 
16 132 
80 104 
136 36 
208 194 
150 22 
72 55 
50 67 
104 123 
156 178 
174 8 
80 122 
114 149 
237 212 
119 36 
113 98 
172 11 
154 169 
27 123 
131 153 
225 254 
160 182 
57 89 
63 160 
162 177 
78 65 
82 120 
80 68 
239 214 
193 203 
13 148 
156 175 
162 16 
120 35 
161 176 
86 117 
110 81 
208 207 
239 227 
86 126 
48 137 
109 43 
57 70 
244 249 
108 145 
195 14 
90 45 
231 229 
247 230 
18 81 
143 175 
235 9 
12 90 
217 10 
82 104 
23 155 
222 245 
209 211 
122 173 
114 36 
128 155 
6 103 
62 83 
255 230 
185 3 
129 126 
104 96 
70 90 
203 0 
37 150 
159 20 
90 98 
197 189 
96 180 
85 109 
106 132 
185 11 
236 200 
251 233 
96 134 
242 236 
70 48 
63 108 
139 158 
3 128 
174 208 
46 58 
81 93 
124 132 
2 133 
37 67 
8 146 
128 42 
143 167 
29 70 
155 20 
44 142 
144 166 
166 38 
0 120 
64 63 
87 44 
32 66 
176 200 
138 141 
129 150 
222 251 
123 151 
52 107 
255 255 
74 119 
118 47 
78 80 
33 164 
148 197 
190 186 
181 211 
204 230 
130 30 
214 199 
165 12 
87 113 
210 210 
127 32 
24 136 
199 16 
42 73 
77 111 
164 14 
34 93 
35 83 
54 172 
23 157 
136 169 
182 31 
112 127 
116 37 
50 147 
227 227 
231 218 
227 207 
159 19 
48 87 
244 242 
89 43 
70 158 
168 16 
51 56 
238 17 
252 243 
221 219 
125 163 
141 149 
108 108 
154 165 
174 29 
4 110 
97 44 
117 37 
227 255 
237 228 
98 71 
15 156 
230 236 
180 9 
245 255 
115 105 
180 207 
220 218 
229 249 
255 255 
255 252 
135 29 
234 224 
9 109 
72 112 
68 99 
255 186 
186 2 
222 232 
43 77 
133 29 
194 202 
86 77 
104 165 
66 99 
128 31 
233 230 
226 244 
131 116 
240 217 
28 68 
188 189 
91 43 
5 136 
164 18 
238 224 
34 62 
125 186 
32 147 
179 206 
230 224 
62 87 
235 236 
211 10 
168 179 
243 253 
160 176 
9 134 
90 132 
217 3 
83 160 
237 254 
119 180 
145 178 
132 33 
236 220 
69 80 
203 0 
213 4 
181 215 
201 232 
200 203 
72 50 
198 216 
60 54 
15 85 
171 7 
40 63 
144 141 
74 94 
116 109 
71 55 
158 32 
185 13 
9 117 
186 219 
47 83 
8 97 
43 130 
16 83 
222 201 
2 135 
125 187 
80 95 
33 92 
176 206 
7 111 
185 188 
238 230 
55 84 
71 48 
204 15 
215 203 
255 254 
95 47 
207 183 
37 150 
114 131 
118 114 
14 134 
90 139 
216 204 
1 132 
219 224 
229 221 
213 218 
234 216 
189 220 
18 80 
255 255 
118 185 
242 247 
246 222 
96 90 
117 96 
132 124 
113 184 
195 1 
217 178 
45 61 
235 231 
90 161 
56 71 
122 107 
97 91 
110 170 
250 24 
221 203 
212 240 
43 58 
154 181 
126 172 
102 58 
136 28 
3 136 
210 240 
3 124 
65 58 
21 76 
99 160 
102 142 
87 45 
71 159 
79 110 
122 44 
109 71 
123 178 
116 153 
197 18 
55 102 
210 240 
103 136 
85 44 
220 251 
72 127 
245 238 
196 228 
22 72 
176 211 
167 201 
232 208 
73 122 
137 29 
54 87 
131 39 
204 223 
103 41 
202 2 
72 83 
220 217 
4 108 
206 239 
255 253 
75 84 
170 180 
21 83 
46 60 
92 77 
85 165 
204 18 
37 138 
8 133 
209 196 
253 241 
163 205 
150 24 
176 200 
137 30 
228 251 
241 225 
133 30 
157 34 
250 234 
124 33 
207 18 
38 94 
223 28 
8 131 
68 156 
175 204 
57 136 
54 61 
2 127 
226 241 
68 51 
13 123 
160 17 
179 185 
198 221 
206 17 
143 150 
160 166 
85 46 
255 255 
241 226 
171 195 
159 176 
252 242 
3 123 
165 25 
10 101 
246 230 
32 78 
161 16 
186 202 
134 106 
97 90 
64 91 
152 170 
100 108 
196 4 
70 88 
73 48 
67 52 
238 218 
110 125 
166 194 
153 42 
52 59 
146 173 
142 189 
249 238 
174 210 
60 52 
29 163 
224 240 
242 255 
126 43 
63 164 
183 13 
127 157 
249 237 
22 95 
165 39 
118 120 
255 255 
69 175 
205 225 
181 3 
99 67 
210 196 
146 196 
112 178 
101 103 
35 132 
206 26 
39 152 
231 204 
102 148 
82 113 
116 170 
255 255 
64 174 
76 47 
248 238 
10 100 
1 121 
213 241 
154 32 
115 136 
199 1 
134 190 
184 3 
222 228 
144 25 
224 253 
157 176 
218 245 
94 42 
146 171 
197 18 
250 239 
245 233 
70 49 
227 229 
199 10 
216 217 
237 235 
74 175 
47 115 
248 246 
27 66 
89 62 
233 225 
4 140 
243 253 
4 118 
29 158 
194 2 
173 11 
233 18 
159 19 
141 134 
40 69 
11 127 
116 161 
59 102 
230 24 
122 119 
220 220 
47 59 
135 28 
150 22 
18 87 
210 195 
254 247 
248 236 
127 144 
87 48 
161 185 
9 103 
247 241 
187 200 
22 79 
44 63 
239 220 
53 54 
76 151 
156 27 
105 164 
50 61 
58 54 
32 141 
198 26 
73 95 
106 89 
65 50 
45 73 
151 173 
141 186 
134 149 
102 112 
41 88 
61 82 
205 194 
38 145 
140 193 
176 213 
76 172 
75 48 
170 177 
221 218 
75 51 
109 140 
131 37 
97 100 
148 30 
206 202 
94 74 
75 146 
59 54 
166 12 
23 78 
235 233 
39 65 
115 41 
20 123 
114 117 
252 244 
232 228 
151 21 
165 15 
51 74 
91 83 
59 59 
25 160 
156 174 
66 49 
248 248 
92 57 
114 124 
206 210 
16 82 
3 111 
226 210 
180 14 
156 20 
6 143 
7 145 
202 190 
250 235 
12 106 
131 161 
85 89 
29 91 
248 250 
101 40 
5 141 
170 14 
89 64 
219 227 
133 32 
157 25 
238 233 
233 223 
205 229 
136 186 
9 131 
95 85 
231 225 
40 73 
88 99 
155 29 
181 33 
59 119 
110 162 
149 176 
196 0 
251 255 
55 64 
45 139 
229 211 
255 251 
107 67 
74 176 
209 227 
208 217 
22 74 
222 243 
34 62 
109 149 
103 182 
237 213 
1 119 
197 11 
217 224 
206 206 
5 119 
141 166 
54 58 
136 187 
79 143 
228 210 
143 185 
130 159 
45 160 
245 255 
121 168 
76 75 
251 255 
255 251 
214 228 
141 26 
8 131 
20 78 
97 115 
246 238 
247 230 
172 8 
67 154 
11 126 
12 99 
181 201 
35 138 
77 89 
128 188 
210 219 
156 174 
153 182 
79 112 
35 62 
171 17 
41 149 
209 2 
204 192 
255 249 
135 45 
118 117 
227 209 
26 157 
236 9 
136 145 
76 98 
19 153 
57 92 
145 162 
127 112 
244 225 
130 107 
49 79 
183 215 
169 179 
190 222 
75 126 
99 41 
227 225 
170 32 
209 234 
110 118 
100 168 
184 2 
247 239 
122 154 
199 25 
107 137 
123 33 
208 13 
47 88 
121 125 
49 57 
228 219 
164 17 
255 252 
78 148 
89 90 
217 202 
240 17 
223 251 
36 92 
110 155 
34 144 
231 227 
111 102 
250 241 
255 247 
55 131 
112 180 
93 96 
38 63 
169 209 
248 255 
132 182 
244 226 
80 140 
234 220 
180 202 
154 39 
104 94 
126 37 
159 30 
21 126 
91 113 
11 144 
68 57 
214 237 
255 255 
41 168 
217 240 
255 234 
198 22 
78 91 
8 145 
39 59 
13 87 
5 110 
200 191 
42 77 
188 218 
231 251 
31 137 
6 142 
24 69 
117 35 
215 213 
174 185 
248 231 
2 128 
73 99 
161 196 
151 22 
142 165 
179 206 
226 255 
251 242 
131 39 
142 171 
179 8 
9 147 
150 198 
222 244 
35 61 
213 215 
153 20 
179 205 
216 200 
11 91 
100 111 
96 108 
160 191 
81 78 
242 222 
138 131 
255 247 
60 100 
141 194 
232 252 
73 98 
155 20 
120 158 
9 111 
77 65 
97 92 
110 116 
119 128 
55 54 
126 118 
154 200 
1 117 
231 215 
132 182 
75 60 
224 255 
148 171 
131 168 
17 80 
151 198 
42 115 
27 70 
164 13 
196 13 
28 151 
15 155 
20 74 
208 215 
120 133 
198 208 
236 228 
15 83 
246 255 
5 117 
110 108 
72 51 
142 146 
115 164 
193 187 
98 121 
23 159 
23 96 
36 144 
14 87 
15 92 
75 145 
225 245 
177 183 
88 94 
54 91 
93 72 
12 108 
68 111 
26 75 
103 126 
140 157 
226 255 
103 81 
226 218 
79 47 
202 2 
236 211 
138 138 
192 1 
192 19 
31 66 
184 215 
193 193 
64 50 
26 93 
61 53 
211 197 
83 88 
247 246 
19 85 
189 185 
4 123 
16 81 
13 123 
1 115 
129 40 
114 151 
255 222 
153 21 
136 162 
180 212 
201 234 
41 76 
65 54 
65 119 
109 38 
190 30 
72 143 
89 73 
229 215 
10 95 
213 200 
19 96 
255 249 
169 205 
131 139 
123 34 
137 43 
209 197 
71 101 
250 255 
191 1 
189 185 
121 33 
185 211 
215 247 
206 240 
26 159 
30 78 
200 12 
47 56 
103 132 
67 115 
65 50 
104 127 
50 55 
140 170 
231 220 
22 76 
120 46 
241 250 
208 233 
47 112 
12 89 
103 106 
244 255 
217 245 
31 163 
172 209 
255 244 
127 31 
2 124 
129 43 
199 229 
241 234 
154 34 
67 49 
11 138 
168 12 
224 238 
226 212 
17 103 
68 56 
205 226 
188 4 
88 65 
27 162 
255 255 
155 174 
50 67 
195 5 
251 245 
111 37 
222 205 
201 1 
41 137 
34 62 
109 56 
133 129 
21 77 
177 8 
107 117 
224 223 
249 239 
214 233 
238 215 
44 81 
55 166 
7 102 
221 215 
198 5 
238 231 
69 73 
135 191 
47 62 
204 236 
52 93 
82 178 
245 229 
16 88 
12 116 
191 187 
134 162 
89 136 
192 4 
238 253 
59 53 
143 178 
72 49 
253 244 
203 225 
39 93 
92 118 
141 26 
43 127 
57 53 
127 143 
226 243 
104 136 
77 128 
35 80 
87 68 
169 189 
135 41 
87 66 
244 245 
127 183 
162 179 
143 163 
182 5 
177 207 
135 139 
243 242 
194 21 
105 111 
151 26 
241 242 
121 48 
158 18 
51 93 
138 153 
109 39 
131 30 
185 2 
170 37 
134 167 
157 191 
89 156 
72 47 
98 169 
63 62 
113 180 
168 177 
95 174 
137 169 
65 155 
56 139 
107 73 
255 223 
105 120 
53 58 
255 255 
80 84 
87 46 
63 50 
168 9 
72 48 
211 197 
149 154 
61 99 
205 199 
28 82 
101 98 
156 190 
112 110 
16 103 
121 34 
160 180 
156 42 
99 75 
159 18 
69 49 
29 68 
33 105 
150 22 
136 172 
245 244 
109 109 
110 127 
43 133 
145 34 
175 34 
107 183 
239 218 
78 46 
174 197 
135 191 
254 247 
126 141 
208 237 
154 39 
149 173 
58 105 
62 52 
43 160 
32 161 
62 79 
58 172 
11 146 
251 250 
190 224 
42 167 
162 14 
174 203 
25 92 
203 13 
196 196 
237 243 
252 239 
40 77 
240 217 
156 38 
253 255 
147 35 
107 129 
166 180 
119 173 
165 17 
228 212 
49 55 
152 189 
178 8 
233 232 
234 226 
53 54 
4 120 
237 253 
197 27 
108 40 
235 234 
175 209 
179 206 
12 97 
212 203 
142 130 
16 81 
255 255 
101 40 
108 69 
80 138 
9 98 
221 222 
185 8 
215 245 
93 115 
183 7 
205 238 
38 85 
231 221 
3 120 
185 6 
247 243 
71 172 
148 23 
210 197 
161 30 
255 251 
236 254 
113 184 
141 165 
224 223 
152 175 
100 78 
46 56 
118 183 
168 207 
7 101 
95 103 
36 81 
60 57 
158 164 
14 118 
142 190 
197 0 
173 17 
37 102 
255 254 
100 122 
196 26 
240 243 
159 18 
200 231 
144 162 
69 89 
118 139 
60 51 
41 59 
245 245 
61 55 
221 11 
230 212 
50 76 
171 172 
54 57 
17 78 
192 206 
243 255 
32 94 
39 60 
77 140 
227 221 
224 4 
128 188 
204 220 
112 171 
72 77 
67 106 
232 209 
111 40 
255 254 
142 140 
198 208 
158 18 
218 246 
52 70 
67 54 
253 244 
246 236 
102 75 
242 221 
236 216 
153 23 
222 216 
123 35 
55 60 
50 163 
195 17 
84 95 
220 7 
164 204 
204 231 
251 240 
23 151 
1 130 
88 157 
187 193 
127 171 
230 223 
252 248 
11 92 
212 213 
255 255 
87 71 
2 132 
219 250 
19 87 
90 68 
113 37 
248 238 
118 111 
229 226 
6 121 
217 230 
11 146 
210 236 
141 186 
83 69 
36 102 
152 37 
65 74 
188 5 
148 35 
20 101 
68 49 
28 80 
37 145 
90 44 
197 3 
36 113 
99 41 
180 8 
120 34 
55 100 
234 250 
249 184 
255 248 
224 239 
178 173 
76 123 
193 27 
140 27 
20 107 
214 202 
62 51 
232 211 
211 244 
180 201 
253 250 
200 1 
106 182 
2 129 
117 39 
233 231 
83 137 
97 88 
173 194 
255 239 
195 0 
11 97 
126 128 
93 52 
166 203 
96 132 
232 255 
107 115 
216 240 
236 217 
44 71 
149 26 
17 92 
141 167 
74 47 
242 250 
43 72 
241 221 
183 2 
31 84 
79 72 
163 192 
242 252 
88 69 
115 142 
61 51 
2 137 
212 235 
75 52 
45 105 
167 202 
79 153 
28 159 
216 217 
196 8 
160 174 
88 86 
114 47 
233 231 
253 253 
91 128 
212 234 
149 38 
128 101 
192 6 
10 96 
216 248 
88 144 
163 205 
124 120 
84 65 
33 76 
237 247 
25 90 
92 106 
136 156 
132 29 
121 154 
18 82 
55 160 
186 203 
143 194 
70 86 
250 246 
255 254 
143 184 
133 32 
8 145 
114 46 
20 93 
102 83 
143 188 
10 106 
180 5 
85 123 
33 81 
94 144 
59 52 
230 211 
34 165 
184 202 
11 108 
40 61 
80 99 
47 59 
140 109 
44 58 
62 67 
36 166 
217 248 
249 243 
254 252 
184 198 
212 212 
99 50 
216 213 
165 39 
199 7 
224 225 
51 54 
181 24 
27 162 
158 178 
33 64 
255 255 
53 116 
61 51 
51 63 
240 229 
203 237 
168 197 
19 90 
86 72 
145 164 
6 104 
43 169 
251 246 
79 46 
7 123 
159 20 
49 138 
133 148 
103 130 
63 157 
255 248 
167 176 
51 119 
53 64 
169 198 
226 226 
231 214 
242 241 
202 5 
203 192 
227 208 
147 27 
237 216 
103 87 
174 195 
233 227 
191 28 
83 162 
101 41 
236 222 
83 140 
104 133 
102 46 
19 86 
164 20 
38 105 
76 158 
21 73 
252 236 
244 236 
250 238 
96 150 
32 75 
129 34 
123 186 
183 7 
5 130 
122 45 
195 191 
93 51 
202 223 
80 177 
224 206 
121 143 
8 102 
139 27 
151 21 
70 66 
178 206 
24 94 
48 170 
131 145 
254 248 
164 13 
68 87 
128 189 
77 176 
229 246 
112 105 
38 65 
71 157 
108 121 
99 76 
89 125 
128 181 
63 126 
220 213 
105 58 
28 138 
163 21 
38 60 
23 81 
10 150 
40 82 
222 221 
144 179 
7 105 
50 59 
139 142 
11 100 
139 161 
137 106 
237 222 
202 231 
24 88 
255 201 
134 35 
192 5 
115 135 
140 26 
189 199 
101 143 
47 150 
106 41 
100 141 
117 133 
219 204 
9 110 
243 228 
113 156 
200 208 
194 189 
212 242 
104 85 
11 113 
42 106 
182 4 
201 23 
220 251 
243 255 
51 54 
171 171 
1 134 
171 205 
97 88 
130 104 
80 47 
198 204 
45 83 
75 47 
172 178 
109 167 
249 232 
255 252 
34 73 
39 74 
44 66 
83 117 
183 31 
255 246 
202 212 
77 49 
13 96 
64 50 
52 135 
199 190 
227 248 
210 196 
99 41 
40 154 
232 252 
181 10 
20 77 
91 43 
255 255 
144 152 
124 129 
219 222 
188 6 
76 150 
219 234 
69 49 
225 224 
202 210 
148 170 
126 156 
11 106 
106 182 
250 243 
92 171 
98 49 
53 98 
55 164 
133 184 
33 119 
211 234 
90 156 
182 213 
233 10 
107 131 
154 173 
174 206 
42 64 
56 53 
45 63 
19 105 
151 21 
2 116 
109 38 
68 128 
193 4 
116 104 
106 39 
197 8 
182 215 
79 91 
83 147 
137 185 
123 37 
237 11 
100 93 
140 32 
40 60 
105 38 
91 47 
31 140 
118 101 
54 68 
156 23 
173 207 
133 117 
28 85 
252 237 
124 171 
31 65 
147 23 
225 225 
37 73 
149 23 
147 179 
60 52 
199 14 
18 150 
148 43 
160 176 
145 24 
30 65 
196 190 
235 194 
180 202 
175 6 
187 184 
166 11 
176 193 
198 211 
94 155 
35 147 
70 78 
254 247 
19 158 
10 107 
15 155 
135 188 
89 108 
52 77 
163 14 
238 245 
170 197 
86 69 
161 176 
18 156 
187 165 
227 255 
69 175 
111 152 
151 26 
34 64 
154 36 
220 203 
90 86 
144 25 
98 135 
191 27 
255 255 
220 5 
82 175 
225 250 
208 198 
235 224 
206 192 
190 8 
81 62 
254 243 
151 42 
25 77 
15 116 
84 73 
6 114 
97 148 
35 68 
117 35 
55 118 
64 147 
171 15 
174 208 
142 44 
189 204 
141 156 
238 11 
66 49 
14 154 
143 41 
137 192 
38 89 
19 129 
147 23 
228 214 
112 39 
255 247 
61 75 
189 5 
153 194 
146 197 
221 239 
58 115 
163 168 
163 16 
2 114 
115 167 
191 3 
234 228 
111 112 
186 188 
44 75 
212 231 
226 210 
241 225 
158 40 
36 61 
113 168 
247 253 
171 13 
86 101 
255 255 
61 60 
132 133 
132 190 
10 95 
98 93 
127 160 
186 2 
165 40 
143 195 
190 7 
172 203 
121 136 
97 73 
5 126 
212 205 
163 167 
159 18 
12 114 
229 227 
26 70 
111 137 
130 162 
192 196 
12 135 
65 113 
121 156 
45 161 
55 57 
49 64 
194 188 
16 153 
154 21 
9 99 
255 252 
145 43 
123 100 
255 255 
213 231 
199 21 
89 159 
189 196 
144 24 
37 61 
10 98 
195 213 
95 113 
95 45 
17 84 
48 115 
3 127 
179 4 
241 227 
14 125 
118 34 
93 128 
133 103 
239 243 
42 59 
4 120 
187 19 
179 213 
186 219 
154 21 
40 74 
172 7 
155 21 
223 254 
166 11 
172 178 
244 255 
84 95 
112 58 
111 146 
137 169 
96 42 
107 159 
57 52 
207 235 
106 102 
140 41 
19 148 
3 134 
93 121 
163 200 
141 160 
155 20 
39 60 
1 126 
210 212 
52 75 
125 153 
247 226 
103 154 
20 79 
43 103 
9 148 
88 128 
27 67 
133 182 
81 84 
29 76 
79 79 
126 31 
159 25 
226 215 
49 66 
112 90 
117 107 
54 165 
172 179 
176 10 
162 15 
87 110 
163 14 
106 62 
147 188 
99 42 
52 54 
184 208 
129 110 
209 199 
40 63 
200 208 
183 18 
215 215 
175 202 
189 214 
230 251 
114 140 
11 106 
66 56 
122 144 
72 48 
33 96 
123 187 
136 188 
4 117 
49 85 
87 179 
186 4 
214 236 
14 149 
180 32 
14 152 
213 198 
32 65 
134 29 
33 111 
23 155 
219 232 
236 227 
9 147 
251 244 
70 49 
151 22 
219 250 
255 255 
70 48 
202 26 
155 24 
141 163 
186 195 
86 53 
220 203 
161 19 
107 38 
91 100 
241 222 
173 180 
235 254 
6 123 
20 76 
14 106 
116 38 
240 232 
216 214 
124 145 
32 63 
177 17 
56 56 
116 36 
220 203 
127 103 
113 171 
16 150 
211 201 
0 122 
152 22 
2 120 
119 151 
181 201 
124 130 
100 133 
68 81 
255 255 
255 255 
159 190 
40 145 
165 170 
227 255 
192 1 
195 20 
222 203 
90 111 
142 110 
31 64 
158 39 
145 113 
178 209 
27 140 
109 122 
111 118 
244 252 
243 234 
71 75 
2 136 
110 159 
201 191 
93 133 
157 176 
146 165 
61 59 
8 109 
21 156 
2 124 
50 56 
206 0 
65 120 
254 193 
36 61 
59 51 
255 255 
67 49 
214 211 
106 182 
31 68 
96 83 
78 155 
37 69 
80 71 
27 83 
164 34 
81 49 
170 181 
169 30 
196 10 
246 242 
248 237 
235 251 
255 253 
193 28 
152 189 
223 219 
134 181 
22 105 
255 255 
241 218 
167 206 
13 89 
9 120 
119 145 
183 2 
30 79 
104 182 
218 238 
206 200 
243 255 
156 19 
55 73 
128 129 
20 157 
210 213 
170 7 
102 136 
13 111 
204 191 
139 192 
201 207 
129 38 
134 191 
233 241 
208 210 
18 85 
28 66 
19 75 
235 233 
255 252 
204 214 
137 187 
66 168 
46 140 
147 166 
187 29 
122 160 
239 254 
42 60 
20 78 
56 143 
84 161 
227 245 
106 101 
133 33 
201 1 
255 255 
10 101 
255 254 
123 186 
115 115 
20 153 
0 123 
230 251 
255 255 
186 185 
150 22 
166 177 
11 99 
22 92 
19 157 
170 17 
122 125 
74 62 
250 239 
13 122 
127 31 
239 252 
184 176 
102 50 
142 194 
23 80 
150 37 
14 99 
155 21 
164 189 
241 219 
158 180 
255 249 
187 5 
178 212 
90 91 
137 44 
245 253 
52 85 
98 72 
85 65 
33 68 
196 4 
134 122 
33 154 
107 118 
231 246 
108 97 
142 134 
133 30 
44 72 
217 248 
160 193 
247 255 
23 158 
245 239 
252 242 
60 73 
146 167 
71 137 
240 231 
230 207 
197 14 
130 31 
115 112 
238 217 
10 95 
179 31 
126 181 
103 60 
140 114 
121 185 
171 194 
100 123 
143 164 
190 219 
92 163 
97 157 
21 129 
200 15 
188 29 
108 39 
255 232 
14 103 
209 24 
83 45 
128 113 
75 52 
205 8 
146 172 
230 224 
139 164 
157 188 
144 128 
40 156 
255 244 
69 54 
174 209 
131 144 
202 191 
123 187 
113 184 
38 60 
101 131 
139 167 
234 225 
255 252 
247 237 
69 80 
98 117 
157 177 
126 34 
84 85 
70 118 
173 207 
220 226 
159 168 
157 19 
167 10 
225 222 
103 53 
70 121 
207 192 
8 148 
163 16 
225 214 
157 188 
87 44 
174 14 
250 235 
130 170 
87 154 
125 100 
89 164 
124 126 
145 39 
136 171 
12 105 
108 113 
101 71 
246 236 
216 248 
225 220 
255 255 
166 207 
225 206 
97 88 
183 4 
246 243 
30 76 
104 40 
23 94 
144 190 
128 146 
29 151 
255 217 
48 149 
81 166 
16 87 
242 226 
81 45 
187 207 
198 191 
247 255 
216 248 
2 120 
5 139 
58 77 
250 247 
13 103 
128 118 
157 42 
153 181 
6 102 
200 0 
38 80 
58 121 
173 201 
50 163 
234 214 
164 17 
48 154 
69 75 
110 143 
122 33 
157 174 
25 79 
217 214 
213 196 
96 67 
1 117 
127 122 
240 248 
95 159 
18 77 
237 252 
75 81 
173 8 
172 9 
125 105 
99 124 
225 253 
197 209 
193 11 
121 124 
3 122 
33 64 
22 90 
246 249 
180 186 
81 81 
57 131 
228 232 
95 80 
30 94 
15 101 
185 29 
255 242 
191 223 
166 177 
63 119 
155 20 
84 98 
172 35 
213 210 
199 3 
74 52 
138 174 
191 188 
39 86 
228 222 
203 3 
255 249 
152 193 
79 128 
78 47 
219 201 
152 170 
238 224 
191 213 
189 221 
211 196 
94 68 
166 33 
207 240 
240 235 
159 200 
151 22 
77 93 
205 192 
159 36 
196 204 
17 90 
140 146 
150 159 
170 11 
66 72 
17 146 
111 144 
232 212 
224 224 
251 255 
28 66 
67 95 
183 9 
147 23 
215 230 
126 181 
206 20 
209 199 
154 188 
206 239 
54 54 
226 22 
84 45 
203 190 
16 81 
74 176 
200 193 
154 179 
223 216 
183 216 
246 255 
146 195 
251 237 
36 61 
213 245 
105 163 
115 183 
44 151 
225 249 
109 55 
121 37 
223 216 
41 64 
76 50 
113 109 
10 98 
205 2 
24 80 
182 3 
167 25 
24 100 
58 136 
188 185 
96 175 
17 139 
1 114 
232 210 
126 141 
30 67 
125 167 
248 232 
189 7 
104 159 
255 248 
163 178 
23 159 
232 208 
214 229 
255 255 
58 163 
147 188 
153 25 
51 90 
203 15 
109 120 
108 131 
229 255 
53 53 
250 231 
78 83 
111 153 
133 116 
89 60 
190 222 
22 158 
29 65 
31 72 
224 206 
84 97 
174 205 
44 169 
30 88 
184 209 
114 110 
189 205 
178 4 
144 164 
169 204 
113 46 
165 175 
234 215 
20 81 
194 9 
150 39 
255 255 
254 249 
207 1 
139 136 
35 107 
230 227 
240 251 
61 52 
185 28 
74 48 
36 77 
92 131 
221 8 
121 34 
36 109 
227 243 
207 230 
158 174 
240 255 
76 115 
224 253 
255 255 
155 32 
244 228 
135 28 
158 195 
166 178 
193 19 
249 233 
244 236 
196 20 
99 82 
127 158 
13 125 
154 20 
254 246 
219 235 
122 111 
175 14 
155 20 
178 183 
22 148 
55 55 
249 255 
0 125 
217 1 
192 5 
45 129 
206 239 
77 46 
251 237 
233 214 
149 172 
154 171 
19 90 
146 194 
23 74 
203 191 
142 26 
96 42 
133 174 
60 128 
41 92 
141 193 
37 72 
76 129 
167 10 
249 235 
91 152 
197 19 
44 168 
134 146 
249 255 
147 24 
124 181 
17 79 
68 135 
171 15 
32 64 
147 161 
190 221 
88 180 
162 18 
115 143 
0 123 
82 45 
239 216 
116 45 
101 121 
121 116 
6 104 
243 233 
218 212 
173 13 
125 155 
255 216 
38 140 
174 184 
114 152 
205 196 
80 121 
95 43 
92 70 
76 100 
116 159 
225 226 
34 142 
174 19 
114 127 
62 169 
197 205 
218 225 
190 196 
88 45 
146 170 
45 169 
255 249 
150 25 
72 130 
172 198 
128 137 
62 112 
240 223 
223 235 
33 103 
100 167 
249 243 
35 74 
188 2 
210 199 
255 254 
82 45 
128 31 
123 122 
23 158 
155 193 
107 135 
176 202 
99 104 
76 70 
243 242 
133 150 
218 246 
179 211 
180 212 
182 204 
49 91 
90 66 
46 167 
49 112 
246 241 
65 141 
158 39 
84 137 
122 128 
38 67 
245 225 
252 241 
144 38 
120 145 
191 6 
211 202 
106 156 
49 56 
168 178 
129 102 
203 205 
229 209 
26 81 
207 227 
181 199 
186 174 
255 255 
89 179 
171 177 
75 61 
201 213 
102 51 
149 156 
82 48 
22 107 
147 167 
125 160 
252 234 
214 246 
58 112 
199 196 
50 86 
131 140 
180 36 
17 83 
215 177 
238 250 
255 244 
201 232 
56 88 
126 32 
47 65 
57 59 
41 59 
209 25 
62 55 
207 213 
205 219 
128 157 
216 214 
104 121 
183 201 
111 106 
64 101 
147 25 
95 62 
138 27 
59 150 
77 177 
51 109 
41 147 
78 72 
152 190 
43 97 
101 136 
67 55 
230 207 
138 158 
81 149 
172 175 
150 181 
223 204 
150 22 
173 17 
184 32 
192 2 
48 58 
253 240 
140 119 
56 63 
68 65 
12 150 
187 219 
41 128 
193 2 
51 69 
94 143 
89 43 
157 19 
63 159 
164 19 
31 65 
151 160 
214 220 
58 57 
198 222 
102 96 
41 100 
183 5 
80 136 
194 14 
125 35 
16 85 
47 170 
85 144 
81 61 
180 7 
248 255 
241 223 
137 162 
4 106 
236 238 
185 187 
18 152 
100 109 
200 206 
0 122 
203 235 
231 8 
223 207 
86 86 
225 214 
57 158 
99 162 
76 155 
120 121 
77 47 
38 84 
195 190 
199 1 
254 241 
82 79 
158 183 
70 53 
236 229 
114 129 
102 138 
171 7 
130 164 
159 34 
12 147 
151 22 
67 92 
46 68 
3 123 
42 125 
57 122 
55 53 
255 255 
21 145 
103 182 
203 0 
207 212 
82 82 
52 54 
49 142 
67 170 
66 174 
162 34 
117 153 
60 51 
149 23 
53 53 
31 133 
194 198 
92 45 
60 150 
25 161 
208 241 
55 82 
84 94 
173 179 
120 186 
173 6 
60 97 
87 44 
152 36 
98 146 
226 225 
123 143 
97 71 
92 102 
209 202 
134 144 
96 98 
39 79 
251 233 
144 111 
248 237 
95 168 
250 232 
27 86 
42 104 
99 161 
107 150 
43 62 
14 86 
216 224 
8 146 
88 67 
145 165 
102 149 
114 94 
168 13 
177 192 
25 96 
127 32 
55 95 
234 248 
112 143 
15 105 
192 190 
6 106 
108 173 
148 178 
47 101 
204 193 
84 79 
60 80 
210 3 
70 68 
130 169 
159 18 
0 126 
250 250 
214 201 
5 137 
2 133 
178 13 
36 89 
106 138 
213 1 
199 7 
170 165 
239 248 
27 90 
90 98 
106 143 
194 217 
26 142 
86 44 
119 173 
238 242 
71 117 
255 249 
117 157 
4 126 
69 66 
137 184 
12 115 
2 117 
47 94 
187 9 
216 200 
35 164 
190 221 
153 171 
186 220 
79 88 
229 218 
209 196 
176 35 
165 194 
195 206 
3 113 
170 21 
228 255 
72 64 
132 41 
206 227 
172 7 
115 124 
14 85 
246 230 
224 205 
123 113 
152 36 
93 90 
59 56 
12 95 
172 173 
82 62 
247 255 
46 75 
56 52 
251 253 
214 199 
0 130 
112 130 
65 164 
95 45 
56 53 
101 41 
253 243 
101 139 
34 62 
252 240 
82 109 
181 200 
19 135 
75 163 
137 28 
92 151 
139 44 
228 255 
83 149 
184 29 
209 22 
7 129 
31 81 
8 140 
130 47 
160 198 
27 140 
210 221 
211 200 
151 42 
133 163 
255 243 
195 3 
157 21 
152 195 
174 190 
0 123 
56 60 
20 158 
182 11 
94 131 
149 37 
241 217 
175 35 
137 166 
158 32 
18 120 
115 37 
93 127 
14 84 
164 169 
190 6 
108 127 
25 74 
136 29 
150 164 
240 220 
192 9 
158 22 
242 222 
241 219 
177 199 
232 208 
156 195 
108 38 
180 212 
139 164 
112 37 
153 27 
208 6 
182 183 
168 191 
107 69 
199 191 
84 62 
132 31 
36 103 
55 53 
39 166 
149 166 
255 255 
2 122 
234 213 
163 37 
182 182 
195 1 
221 202 
244 220 
118 155 
251 244 
128 113 
115 170 
137 170 
133 33 
88 76 
170 184 
161 185 
149 26 
142 139 
32 64 
93 56 
195 0 
39 167 
203 20 
214 233 
98 119 
106 39 
199 224 
52 154 
152 33 
231 210 
212 244 
178 33 
96 181 
157 202 
255 249 
166 177 
31 142 
212 224 
246 252 
37 79 
191 205 
54 53 
182 3 
167 14 
24 74 
52 139 
230 255 
122 43 
26 71 
203 200 
226 241 
201 216 
47 129 
185 3 
140 159 
59 152 
185 207 
182 4 
137 28 
123 140 
255 189 
53 89 
197 0 
163 181 
12 149 
222 211 
255 255 
133 142 
244 221 
25 160 
91 67 
190 4 
255 255 
33 115 
228 255 
21 152 
165 183 
255 255 
213 10 
212 240 
235 253 
161 18 
157 185 
50 114 
169 10 
7 137 
144 195 
197 16 
10 138 
242 251 
139 107 
67 174 
109 115 
100 152 
138 192 
224 209 
171 207 
94 158 
73 48 
101 135 
108 179 
230 233 
171 12 
245 222 
151 25 
120 149 
209 240 
48 59 
215 197 
211 225 
217 249 
143 121 
53 77 
66 116 
82 153 
73 133 
187 214 
102 102 
60 85 
142 194 
249 231 
9 131 
43 68 
110 101 
46 57 
37 141 
48 154 
65 69 
250 255 
2 120 
237 237 
247 234 
31 164 
41 153 
46 125 
37 63 
150 173 
96 171 
233 15 
58 51 
126 163 
49 132 
145 190 
62 119 
220 242 
122 168 
213 234 
46 78 
185 15 
5 112 
116 54 
71 135 
218 230 
25 86 
237 218 
4 139 
24 155 
19 101 
24 133 
142 135 
86 88 
79 47 
253 243 
49 104 
244 184 
204 237 
160 18 
25 71 
229 229 
61 137 
21 93 
162 16 
129 30 
247 233 
204 209 
192 7 
96 109 
207 239 
38 137 
2 125 
5 115 
29 142 
3 118 
228 242 
72 156 
206 192 
221 240 
255 203 
190 2 
1 130 
54 125 
255 246 
255 255 
201 193 
78 154 
162 15 
194 7 
87 105 
245 251 
215 214 
125 110 
6 118 
180 201 
105 108 
118 125 
13 92 
180 207 
227 228 
153 169 
239 229 
51 64 
211 241 
255 245 
95 86 
113 36 
150 22 
199 20 
93 154 
194 5 
17 114 
64 113 
183 183 
6 142 
204 216 
53 54 
38 60 
51 57 
66 109 
29 161 
49 68 
99 147 
12 150 
156 34 
114 151 
148 186 
177 9 
190 187 
197 6 
77 102 
140 161 
16 82 
145 176 
13 107 
223 223 
245 235 
216 15 
201 224 
130 149 
227 210 
81 76 
162 27 
102 109 
188 1 
215 196 
149 179 
62 86 
92 55 
64 98 
255 253 
167 10 
18 78 
139 176 
169 36 
93 162 
255 255 
162 195 
57 113 
169 14 
174 36 
221 206 
166 179 
220 199 
178 8 
95 99 
231 16 
246 224 
83 46 
78 88 
110 40 
31 66 
51 162 
10 141 
55 108 
179 35 
211 195 
155 34 
27 139 
252 240 
190 9 
203 1 
168 16 
255 197 
7 118 
5 135 
144 25 
29 163 
246 255 
190 15 
172 38 
136 192 
78 54 
147 24 
207 2 
0 131 
3 134 
73 149 
233 233 
75 153 
202 211 
7 134 
194 219 
164 179 
38 167 
198 204 
43 93 
58 60 
125 174 
214 197 
56 59 
30 107 
251 189 
163 179 
150 27 
58 51 
204 182 
70 48 
188 5 
60 96 
106 167 
230 221 
104 39 
118 98 
224 241 
188 3 
21 114 
153 164 
214 245 
110 163 
15 88 
119 45 
181 200 
49 59 
153 162 
66 63 
123 170 
156 19 
177 13 
247 237 
47 56 
139 42 
255 255 
40 66 
63 153 
121 185 
87 179 
25 108 
62 96 
189 188 
77 60 
223 254 
22 78 
86 146 
4 119 
127 124 
132 30 
145 169 
30 65 
122 147 
1 121 
213 241 
130 151 
4 115 
181 183 
173 182 
32 116 
254 239 
217 219 
98 162 
252 246 
155 200 
136 166 
193 1 
48 56 
121 186 
61 171 
188 16 
254 248 
18 82 
62 103 
66 52 
255 254 
105 110 
98 114 
171 9 
130 115 
111 142 
24 74 
178 203 
36 63 
113 80 
48 84 
183 27 
190 29 
164 12 
45 64 
34 78 
252 235 
24 138 
169 13 
195 12 
198 6 
129 154 
178 11 
205 238 
202 0 
207 239 
17 94 
73 66 
112 165 
229 255 
26 80 
5 125 
72 49 
195 211 
174 34 
83 87 
73 48 
30 80 
255 251 
205 238 
51 127 
105 49 
164 175 
192 180 
154 21 
226 255 
7 107 
245 231 
206 193 
63 71 
220 247 
255 255 
123 39 
71 156 
6 113 
228 227 
138 138 
103 165 
232 228 
117 35 
90 97 
205 1 
94 46 
108 40 
125 32 
105 183 
31 79 
24 160 
254 255 
234 223 
168 19 
94 146 
31 70 
90 122 
105 41 
29 70 
13 132 
223 7 
134 168 
22 75 
108 132 
169 199 
253 254 
30 67 
84 163 
92 104 
102 99 
168 13 
222 222 
33 63 
151 23 
79 46 
165 203 
89 55 
225 3 
196 226 
5 103 
166 13 
167 181 
236 224 
233 255 
179 201 
236 223 
219 242 
28 84 
164 192 
85 46 
136 192 
255 255 
56 85 
83 105 
212 211 
22 76 
7 114 
246 255 
186 187 
178 212 
215 233 
155 24 
198 218 
63 50 
105 62 
219 251 
63 58 
99 153 
255 255 
119 152 
135 181 
236 14 
37 98 
145 141 
137 35 
127 149 
175 182 
232 229 
134 42 
34 107 
239 216 
196 226 
255 246 
101 129 
190 29 
8 116 
63 114 
59 136 
228 221 
8 98 
63 138 
82 110 
10 115 
234 217 
122 47 
245 228 
15 141 
121 154 
176 33 
191 220 
211 232 
180 213 
114 38 
3 126 
12 151 
87 63 
94 71 
207 230 
54 54 
73 146 
76 136 
243 255 
94 42 
100 154 
214 229 
27 79 
88 132 
44 151 
4 124 
139 193 
24 76 
239 240 
212 233 
48 82 
185 16 
169 183 
197 201 
0 132 
90 136 
67 75 
86 148 
223 254 
37 68 
182 34 
177 4 
135 28 
156 172 
93 98 
106 47 
61 72 
9 116 
101 115 
111 38 
11 102 
255 255 
70 109 
193 28 
145 24 
78 96 
41 61 
85 56 
175 204 
235 235 
67 153 
88 67 
65 152 
249 255 
184 187 
122 36 
26 74 
100 150 
251 250 
25 77 
5 142 
12 108 
155 172 
18 82 
198 224 
92 112 
61 155 
48 55 
202 234 
152 174 
232 208 
255 255 
210 0 
64 99 
61 58 
21 86 
119 108 
177 201 
64 50 
4 137 
170 205 
125 116 
12 151 
217 218 
224 208 
207 214 
124 100 
186 189 
124 100 
218 212 
17 95 
25 144 
69 93 
84 91 
89 44 
63 113 
255 246 
21 82 
4 113 
129 32 
0 118 
135 176 
240 250 
99 92 
136 37 
168 192 
65 71 
73 90 
22 159 
246 232 
45 90 
193 28 
101 134 
131 184 
135 188 
243 18 
21 88 
0 124 
44 159 
237 225 
86 52 
219 227 
59 64 
14 86 
36 148 
227 227 
222 253 
38 166 
248 255 
218 241 
255 255 
7 116 
162 40 
230 245 
100 141 
204 232 
150 192 
69 63 
113 114 
24 117 
146 39 
31 65 
45 102 
253 238 
100 130 
29 159 
174 17 
7 98 
18 137 
71 140 
191 27 
130 187 
234 255 
21 85 
103 135 
255 255 
184 31 
66 50 
231 223 
117 130 
219 247 
196 231 
18 84 
27 81 
211 23 
9 97 
211 14 
27 67 
245 226 
43 61 
49 89 
223 249 
162 19 
198 17 
54 53 
131 190 
138 193 
58 173 
26 161 
143 195 
200 197 
255 255 
205 7 
97 124 
80 172 
114 147 
45 110 
154 41 
155 42 
139 186 
149 28 
215 197 
192 186 
255 251 
11 138 
89 92 
44 100 
51 55 
43 88 
218 246 
175 30 
105 119 
215 219 
6 130 
77 86 
106 114 
221 252 
231 231 
208 194 
78 173 
140 26 
117 42 
65 114 
213 239 
41 59 
171 209 
211 201 
162 16 
63 78 
159 177 
147 23 
66 51 
102 40 
7 144 
255 206 
193 226 
76 76 
33 84 
72 71 
165 13 
82 74 
126 188 
129 156 
152 25 
216 197 
85 141 
43 108 
221 249 
20 76 
184 10 
148 197 
238 222 
184 216 
60 51 
199 0 
61 91 
26 77 
166 191 
193 190 
12 95 
222 252 
84 45 
217 249 
141 167 
121 180 
255 255 
188 28 
58 172 
66 57 
223 208 
35 141 
208 240 
110 164 
139 40 
88 44 
172 9 
46 145 
188 197 
107 134 
251 236 
128 138 
255 255 
71 92 
248 234 
73 88 
201 0 
95 43 
124 125 
173 193 
68 100 
228 224 
27 107 
23 97 
200 196 
8 105 
74 48 
187 30 
7 145 
181 21 
86 92 
177 202 
32 80 
142 161 
67 122 
119 129 
161 25 
253 247 
107 65 
182 6 
119 45 
181 3 
35 136 
126 181 
36 63 
165 37 
82 138 
38 70 
127 188 
47 161 
61 130 
72 154 
149 36 
79 93 
50 97 
207 187 
215 245 
19 100 
178 3 
88 94 
154 177 
193 189 
52 171 
82 45 
218 223 
104 154 
112 120 
102 182 
131 163 
79 58 
94 43 
255 246 
255 251 
16 82 
143 167 
74 73 
244 223 
148 153 
242 21 
194 215 
44 62 
132 147 
169 10 
57 100 
230 229 
130 130 
91 180 
144 42 
126 135 
19 130 
34 67 
162 180 
64 50 
168 12 
44 68 
137 27 
205 16 
3 135 
133 168 
1 124 
243 227 
164 17 
139 135 
40 70 
54 61 
159 18 
218 15 
15 83 
84 142 
228 255 
43 63 
104 56 
195 6 
245 242 
185 6 
42 102 
176 4 
59 51 
70 68 
155 189 
177 6 
178 12 
233 216 
10 148 
42 149 
37 93 
121 120 
56 80 
218 250 
145 110 
140 30 
145 195 
124 43 
221 249 
66 65 
64 151 
25 72 
250 238 
103 157 
153 30 
34 88 
204 209 
60 84 
91 157 
53 97 
103 125 
149 172 
192 216 
66 146 
164 176 
77 172 
73 53 
54 149 
113 129 
8 105 
218 215 
86 172 
1 126 
32 92 
253 245 
69 49 
125 154 
59 51 
248 248 
208 7 
217 12 
13 146 
149 155 
175 200 
75 89 
42 99 
160 181 
87 179 
85 44 
85 96 
93 152 
221 204 
45 91 
180 213 
140 168 
98 66 
145 24 
75 128 
194 220 
28 92 
95 48 
144 195 
222 238 
62 67 
213 217 
110 104 
249 255 
122 33 
57 57 
207 228 
118 185 
60 119 
135 177 
145 24 
161 36 
173 10 
22 80 
125 169 
9 96 
184 175 
226 224 
4 139 
80 158 
175 12 
233 229 
70 60 
205 210 
214 211 
59 173 
10 96 
188 217 
49 68 
220 219 
38 91 
80 55 
18 79 
255 255 
131 127 
225 205 
112 58 
158 175 
251 255 
147 23 
73 63 
199 198 
219 2 
59 67 
255 185 
187 17 
54 53 
17 156 
81 127 
39 147 
188 184 
176 209 
117 135 
126 36 
57 55 
237 217 
33 89 
155 34 
236 232 
36 66 
201 230 
237 254 
164 14 
212 239 
78 177 
177 10 
59 104 
119 97 
208 201 
108 134 
240 214 
168 205 
221 221 
136 118 
116 40 
111 37 
169 194 
239 221 
29 111 
229 205 
71 67 
210 240 
4 129 
4 124 
47 57 
78 134 
221 228 
220 214 
209 1 
22 95 
33 64 
81 131 
73 48 
56 59 
131 30 
177 197 
236 234 
238 255 
97 165 
112 114 
103 116 
138 27 
239 247 
201 190 
68 49 
160 180 
56 157 
199 15 
53 171 
234 234 
34 165 
24 70 
135 165 
242 229 
13 137 
159 19 
255 251 
248 255 
194 15 
16 149 
222 249 
91 144 
150 35 
156 23 
194 192 
219 251 
193 202 
46 57 
96 140 
115 185 
167 179 
181 32 
112 126 
163 23 
187 1 
48 57 
148 43 
187 12 
92 43 
118 99 
141 26 
241 240 
252 248 
175 199 
1 118 
5 124 
179 4 
239 250 
102 120 
72 121 
189 214 
52 121 
186 31 
115 144 
113 172 
243 238 
20 79 
170 169 
170 11 
182 202 
99 71 
234 31 
222 248 
25 83 
177 212 
162 22 
117 45 
95 123 
40 139 
165 28 
46 136 
82 58 
182 208 
124 44 
184 6 
41 61 
40 77 
156 33 
248 241 
197 190 
163 38 
27 72 
130 184 
112 183 
225 218 
228 207 
117 171 
138 164 
229 247 
211 201 
206 196 
240 252 
28 98 
245 255 
34 62 
29 73 
85 57 
66 87 
178 212 
146 168 
24 160 
218 213 
50 54 
51 55 
173 171 
219 241 
70 57 
83 92 
0 126 
56 70 
165 165 
125 161 
134 29 
17 96 
203 0 
201 190 
254 247 
85 106 
66 50 
41 146 
52 96 
150 162 
78 105 
52 116 
181 9 
183 203 
194 9 
255 220 
153 194 
173 202 
107 53 
169 180 
184 207 
255 255 
136 108 
230 22 
119 143 
59 122 
58 74 
73 176 
130 42 
34 139 
98 70 
176 210 
185 192 
133 29 
227 235 
58 54 
99 52 
247 255 
114 169 
179 204 
107 183 
200 13 
167 180 
213 209 
39 112 
184 8 
218 231 
94 44 
30 160 
146 41 
39 60 
46 95 
41 96 
47 132 
146 177 
181 31 
111 114 
139 28 
41 151 
139 142 
149 27 
249 243 
48 58 
99 43 
211 208 
63 174 
177 166 
255 255 
25 137 
55 57 
90 69 
122 131 
138 134 
14 104 
252 239 
127 48 
214 242 
253 245 
92 138 
197 15 
176 205 
255 255 
41 89 
64 82 
237 217 
149 178 
190 188 
131 30 
142 194 
54 53 
239 250 
156 182 
129 31 
87 109 
62 94 
250 247 
69 49 
153 26 
37 86 
70 62 
216 211 
171 201 
8 121 
235 236 
189 199 
94 106 
105 146 
21 128 
175 14 
231 226 
205 3 
54 172 
235 255 
143 142 
180 6 
243 185 
193 12 
32 157 
137 175 
113 100 
241 254 
188 173 
88 102 
6 112 
151 41 
51 56 
26 69 
107 42 
61 52 
178 188 
87 111 
197 199 
93 130 
142 169 
75 54 
235 255 
130 121 
144 194 
29 78 
210 239 
46 107 
34 95 
3 115 
30 83 
40 71 
241 22 
112 37 
156 191 
175 181 
228 223 
175 199 
78 47 
60 113 
25 119 
14 89 
150 175 
91 68 
1 116 
244 253 
211 243 
128 127 
64 150 
253 237 
241 245 
38 130 
135 134 
15 155 
91 137 
225 226 
187 210 
172 200 
155 166 
142 172 
214 210 
102 50 
143 25 
240 17 
69 58 
226 222 
116 129 
162 198 
220 237 
124 112 
178 181 
104 176 
186 210 
97 89 
113 166 
188 8 
170 206 
76 67 
15 84 
97 166 
186 216 
175 12 
128 151 
117 123 
34 141 
255 255 
17 84 
161 197 
252 244 
226 219 
68 49 
4 120 
7 103 
91 94 
135 163 
130 31 
34 62 
119 126 
61 51 
92 43 
111 41 
160 19 
129 189 
63 105 
26 91 
143 25 
79 150 
127 132 
167 11 
233 240 
30 92 
44 89 
98 65 
148 23 
104 77 
64 75 
101 144 
13 143 
136 35 
9 117 
43 61 
214 246 
167 10 
165 183 
241 216 
77 109 
98 44 
225 10 
246 230 
251 186 
183 33 
0 117 
126 34 
168 11 
151 40 
120 36 
18 77 
50 55 
229 255 
218 221 
200 9 
252 238 
166 18 
5 126 
242 255 
79 165 
211 199 
53 60 
153 21 
93 166 
37 76 
24 69 
168 26 
177 184 
224 210 
202 0 
214 215 
141 143 
89 113 
210 242 
11 92 
11 124 
89 134 
53 117 
85 45 
220 206 
84 158 
94 76 
193 13 
244 224 
118 144 
21 74 
253 243 
69 72 
191 185 
138 162 
229 255 
37 61 
120 128 
179 35 
84 124 
186 187 
21 112 
39 121 
239 214 
227 255 
227 255 
210 223 
66 69 
212 218 
68 76 
167 198 
134 178 
176 8 
132 130 
235 215 
158 174 
169 169 
125 186 
131 135 
40 61 
6 122 
167 18 
14 85 
196 190 
81 152 
157 20 
98 145 
109 97 
17 101 
229 255 
235 249 
28 78 
115 126 
237 226 
3 113 
118 36 
248 255 
232 217 
212 241 
5 121 
236 228 
32 85 
73 171 
124 114 
155 29 
201 226 
152 177 
148 170 
103 182 
192 188 
255 31 
193 6 
124 187 
255 255 
28 148 
140 193 
187 185 
84 157 
75 94 
32 141 
122 172 
177 205 
32 73 
138 161 
78 68 
195 195 
109 144 
95 124 
217 235 
94 69 
204 6 
103 118 
233 210 
83 72 
208 232 
51 121 
232 223 
86 168 
222 213 
204 24 
91 140 
241 230 
186 200 
108 95 
71 53 
242 250 
113 107 
45 160 
220 219 
254 245 
56 93 
146 24 
20 122 
106 95 
31 102 
127 152 
91 94 
172 180 
209 195 
83 170 
81 107 
117 134 
40 140 
146 24 
140 170 
30 144 
70 72 
62 145 
138 27 
203 191 
156 184 
235 212 
223 236 
216 217 
58 161 
254 243 
77 77 
220 232 
0 121 
40 87 
255 185 
28 81 
74 86 
228 255 
21 154 
68 117 
79 142 
223 215 
59 57 
65 133 
7 141 
45 169 
35 111 
130 31 
101 95 
62 151 
49 71 
76 139 
19 80 
153 187 
146 38 
160 38 
100 101 
186 211 
119 174 
57 110 
238 237 
154 20 
111 156 
161 203 
236 235 
54 132 
1 119 
191 1 
15 108 
79 120 
189 219 
16 147 
242 235 
1 135 
47 111 
209 209 
1 129 
123 103 
88 89 
67 174 
249 234 
109 62 
29 89 
159 29 
97 73 
255 253 
215 244 
229 221 
51 145 
74 116 
140 42 
17 82 
248 230 
219 2 
215 247 
67 49 
103 59 
148 189 
181 207 
148 27 
19 82 
181 183 
35 134 
119 44 
219 216 
14 107 
93 141 
129 174 
36 147 
61 73 
65 79 
187 221 
157 36 
188 31 
117 47 
222 254 
224 221 
111 111 
120 140 
50 60 
172 198 
167 15 
132 30 
153 181 
88 50 
160 16 
14 86 
141 116 
129 112 
105 83 
175 203 
65 107 
255 249 
92 93 
6 139 
115 181 
203 193 
44 63 
210 233 
60 51 
175 11 
82 175 
239 232 
161 21 
255 248 
34 66 
191 12 
174 8 
244 238 
105 171 
120 186 
182 177 
14 128 
105 44 
71 107 
238 234 
158 189 
131 189 
95 156 
231 255 
189 177 
16 147 
21 153 
216 238 
68 119 
191 4 
255 255 
81 91 
92 120 
188 211 
179 6 
110 98 
132 167 
236 213 
246 227 
18 79 
243 219 
132 105 
215 206 
132 151 
229 218 
230 207 
89 87 
254 254 
81 46 
52 114 
206 236 
216 197 
228 228 
176 37 
161 29 
195 227 
86 125 
254 189 
255 255 
168 29 
185 24 
54 55 
153 25 
74 112 
176 204 
15 85 
56 99 
48 162 
25 69 
196 230 
59 51 
249 237 
139 27 
255 255 
151 191 
187 10 
255 255 
202 15 
23 71 
97 78 
35 63 
158 21 
39 96 
93 129 
165 13 
53 110 
247 235 
182 199 
85 52 
75 55 
138 174 
252 187 
149 33 
65 52 
48 56 
86 75 
253 241 
218 200 
85 132 
175 199 
167 12 
249 244 
178 17 
86 46 
0 122 
117 156 
10 148 
161 16 
46 157 
218 216 
35 85 
81 46 
33 83 
39 144 
236 255 
163 39 
244 229 
35 61 
58 94 
134 142 
182 17 
42 153 
104 46 
42 58 
45 93 
54 160 
206 14 
179 199 
255 249 
247 236 
57 73 
71 152 
205 7 
201 226 
0 127 
194 9 
205 0 
74 56 
74 176 
226 205 
30 89 
120 166 
226 255 
192 204 
199 198 
197 0 
17 145 
11 116 
1 118 
191 225 
116 104 
83 64 
171 192 
176 32 
160 41 
169 184 
242 225 
247 229 
166 38 
23 71 
191 202 
254 250 
200 195 
141 168 
23 127 
47 142 
253 245 
175 7 
62 110 
163 192 
255 255 
203 208 
250 255 
197 228 
255 246 
71 175 
19 87 
45 124 
191 9 
221 213 
29 163 
183 214 
198 217 
157 175 
28 66 
100 151 
254 246 
52 97 
5 134 
83 111 
28 77 
130 165 
28 76 
255 243 
30 159 
118 133 
113 109 
168 9 
195 10 
237 237 
116 117 
170 198 
79 74 
224 228 
179 182 
129 186 
53 161 
58 57 
224 218 
90 180 
15 83 
18 79 
142 26 
139 189 
110 40 
173 203 
138 143 
46 97 
196 227 
29 74 
170 12 
255 255 
53 112 
206 235 
124 158 
198 220 
1 116 
26 69 
93 123 
211 25 
55 58 
132 158 
255 247 
100 71 
53 59 
94 114 
43 91 
8 146 
44 101 
102 158 
232 232 
74 69 
72 118 
105 126 
58 52 
22 78 
223 244 
29 81 
218 204 
219 208 
20 76 
202 209 
80 86 
182 5 
148 33 
71 144 
143 177 
228 238 
108 125 
71 57 
134 166 
116 173 
147 23 
24 82 
33 87 
16 81 
240 230 
196 226 
91 46 
129 152 
86 55 
184 15 
255 255 
235 236 
6 103 
176 5 
255 255 
67 49 
166 191 
241 232 
240 238 
100 114 
120 99 
125 33 
140 27 
85 94 
43 168 
83 89 
183 33 
15 133 
60 173 
57 57 
146 23 
239 236 
165 19 
97 97 
243 236 
94 150 
8 139 
101 40 
225 208 
46 157 
63 91 
162 178 
249 255 
105 40 
235 218 
208 195 
76 73 
120 127 
90 43 
201 26 
92 68 
203 230 
39 90 
189 216 
88 47 
26 94 
218 201 
9 129 
189 26 
109 48 
221 252 
46 67 
27 66 
108 112 
225 242 
39 158 
112 173 
239 254 
163 16 
53 149 
161 195 
132 44 
90 162 
195 225 
69 84 
255 248 
227 255 
10 102 
229 228 
52 55 
137 30 
200 191 
245 21 
253 236 
21 82 
106 183 
235 9 
240 235 
65 111 
158 203 
246 229 
232 220 
96 85 
85 135 
7 123 
29 93 
209 5 
2 125 
42 95 
213 239 
152 22 
255 255 
12 152 
107 70 
132 36 
242 255 
32 124 
13 108 
167 15 
121 38 
48 61 
28 88 
80 125 
117 35 
76 91 
26 84 
132 32 
172 187 
20 75 
75 131 
68 168 
15 90 
205 196 
152 22 
185 217 
212 230 
93 110 
170 178 
8 104 
44 58 
232 229 
184 5 
124 48 
213 8 
92 180 
15 83 
179 11 
67 84 
118 131 
248 255 
255 255 
64 138 
119 37 
200 196 
98 181 
66 94 
255 255 
81 64 
198 209 
189 220 
4 106 
27 109 
147 28 
77 64 
234 232 
3 132 
227 244 
216 218 
151 166 
147 38 
157 32 
19 93 
178 4 
245 227 
223 16 
112 99 
6 128 
199 189 
26 82 
6 131 
151 178 
81 104 
50 143 
189 3 
177 210 
157 20 
18 148 
114 81 
3 140 
78 52 
229 229 
72 103 
238 226 
49 56 
32 69 
5 139 
35 78 
234 250 
23 87 
255 255 
161 175 
42 70 
215 247 
228 205 
169 182 
144 170 
66 131 
7 106 
24 84 
68 91 
114 99 
164 14 
87 72 
198 1 
8 143 
162 183 
165 194 
123 33 
160 35 
193 16 
173 6 
171 38 
98 181 
202 222 
245 223 
195 27 
147 23 
167 178 
253 241 
180 12 
242 237 
73 80 
131 47 
200 192 
57 119 
98 70 
39 95 
36 70 
121 186 
71 145 
109 130 
207 198 
215 10 
242 220 
172 11 
194 5 
168 196 
28 70 
243 228 
50 168 
144 29 
233 212 
181 204 
201 198 
42 85 
244 222 
221 252 
255 255 
9 104 
105 39 
