2 256
0 0.020327
0.020327 0.0281599
0.0281599 0.0345634
0.0345634 0.0397938
0.0397938 0.0455449
0.0455449 0.0508935
0.0508935 0.0564449
0.0564449 0.0638475
0.0638475 0.0703317
0.0703317 0.076568
0.076568 0.0819166
0.0819166 0.0890886
0.0890886 0.0965618
0.0965618 0.102286
0.102286 0.10936
0.10936 0.112478
0.112478 0.115624
0.115624 0.118531
0.118531 0.120998
0.120998 0.124944
0.124944 0.128507
0.128507 0.131084
0.131084 0.133626
0.133626 0.136088
0.136088 0.138688
0.138688 0.140234
0.140234 0.142375
0.142375 0.143955
0.143955 0.145797
0.145797 0.147945
0.147945 0.149335
0.149335 0.151078
0.151078 0.153167
0.153167 0.155237
0.155237 0.157206
0.157206 0.15847
0.15847 0.160624
0.160624 0.162544
0.162544 0.164555
0.164555 0.166334
0.166334 0.168128
0.168128 0.169559
0.169559 0.171346
0.171346 0.173293
0.173293 0.174722
0.174722 0.176523
0.176523 0.177499
0.177499 0.178968
0.178968 0.180233
0.180233 0.181581
0.181581 0.182726
0.182726 0.184016
0.184016 0.185508
0.185508 0.186969
0.186969 0.187949
0.187949 0.188775
0.188775 0.190005
0.190005 0.190861
0.190861 0.192216
0.192216 0.193038
0.193038 0.1939
0.1939 0.195024
0.195024 0.196016
0.196016 0.197321
0.197321 0.198266
0.198266 0.199014
0.199014 0.199833
0.199833 0.200941
0.200941 0.201897
0.201897 0.202774
0.202774 0.204052
0.204052 0.20463
0.20463 0.205394
0.205394 0.206224
0.206224 0.207288
0.207288 0.208343
0.208343 0.209039
0.209039 0.210142
0.210142 0.211129
0.211129 0.212074
0.212074 0.213061
0.213061 0.213948
0.213948 0.21498
0.21498 0.216038
0.216038 0.216863
0.216863 0.217999
0.217999 0.218897
0.218897 0.219808
0.219808 0.220875
0.220875 0.221856
0.221856 0.222883
0.222883 0.223631
0.223631 0.224663
0.224663 0.225369
0.225369 0.22677
0.22677 0.227639
0.227639 0.228802
0.228802 0.229625
0.229625 0.230583
0.230583 0.231817
0.231817 0.232659
0.232659 0.233697
0.233697 0.234476
0.234476 0.235258
0.235258 0.236559
0.236559 0.2377
0.2377 0.238377
0.238377 0.239503
0.239503 0.24044
0.24044 0.241941
0.241941 0.243565
0.243565 0.244683
0.244683 0.245866
0.245866 0.246862
0.246862 0.247845
0.247845 0.249062
0.249062 0.249872
0.249872 0.250864
0.250864 0.25217
0.25217 0.253596
0.253596 0.25451
0.25451 0.2554
0.2554 0.256589
0.256589 0.257713
0.257713 0.258758
0.258758 0.260169
0.260169 0.26176
0.26176 0.263231
0.263231 0.264816
0.264816 0.266042
0.266042 0.267166
0.267166 0.268771
0.268771 0.269976
0.269976 0.271146
0.271146 0.272465
0.272465 0.274256
0.274256 0.275449
0.275449 0.277248
0.277248 0.278473
0.278473 0.279828
0.279828 0.281115
0.281115 0.282008
0.282008 0.283306
0.283306 0.284774
0.284774 0.285627
0.285627 0.286938
0.286938 0.28807
0.28807 0.288807
0.288807 0.290075
0.290075 0.29144
0.29144 0.292438
0.292438 0.29361
0.29361 0.295029
0.295029 0.296519
0.296519 0.297454
0.297454 0.298698
0.298698 0.300222
0.300222 0.301513
0.301513 0.302919
0.302919 0.303934
0.303934 0.305969
0.305969 0.307231
0.307231 0.308485
0.308485 0.309814
0.309814 0.311398
0.311398 0.312518
0.312518 0.313924
0.313924 0.315122
0.315122 0.316452
0.316452 0.317814
0.317814 0.319272
0.319272 0.320582
0.320582 0.322412
0.322412 0.323628
0.323628 0.32575
0.32575 0.327327
0.327327 0.329024
0.329024 0.330353
0.330353 0.331656
0.331656 0.33255
0.33255 0.333963
0.333963 0.334864
0.334864 0.33614
0.33614 0.33757
0.33757 0.338906
0.338906 0.340493
0.340493 0.341755
0.341755 0.343224
0.343224 0.344374
0.344374 0.34705
0.34705 0.348687
0.348687 0.350295
0.350295 0.35271
0.35271 0.353693
0.353693 0.355288
0.355288 0.356677
0.356677 0.357716
0.357716 0.358856
0.358856 0.359862
0.359862 0.361039
0.361039 0.362843
0.362843 0.363709
0.363709 0.36478
0.36478 0.366051
0.366051 0.367515
0.367515 0.368759
0.368759 0.370314
0.370314 0.371577
0.371577 0.372834
0.372834 0.374325
0.374325 0.375873
0.375873 0.377067
0.377067 0.378452
0.378452 0.379865
0.379865 0.381183
0.381183 0.382432
0.382432 0.384327
0.384327 0.38548
0.38548 0.386786
0.386786 0.387994
0.387994 0.389839
0.389839 0.391918
0.391918 0.393255
0.393255 0.394605
0.394605 0.396026
0.396026 0.397472
0.397472 0.398825
0.398825 0.400149
0.400149 0.401493
0.401493 0.402491
0.402491 0.403981
0.403981 0.405925
0.405925 0.40729
0.40729 0.409204
0.409204 0.410557
0.410557 0.412193
0.412193 0.413645
0.413645 0.415543
0.415543 0.417451
0.417451 0.419219
0.419219 0.421143
0.421143 0.42293
0.42293 0.425412
0.425412 0.4271
0.4271 0.429146
0.429146 0.43148
0.43148 0.433431
0.433431 0.435269
0.435269 0.437542
0.437542 0.43901
0.43901 0.441505
0.441505 0.443898
0.443898 0.445994
0.445994 0.448192
0.448192 0.450644
0.450644 1.79769e+308
0 0.0128851
0.0128851 0.0232493
0.0232493 0.0304897
0.0304897 0.033825
0.033825 0.0369804
0.0369804 0.0400133
0.0400133 0.0435872
0.0435872 0.0456913
0.0456913 0.0477864
0.0477864 0.0493082
0.0493082 0.0508077
0.0508077 0.0519593
0.0519593 0.0534831
0.0534831 0.0550576
0.0550576 0.0564421
0.0564421 0.0580735
0.0580735 0.0593621
0.0593621 0.0611146
0.0611146 0.0633946
0.0633946 0.0658613
0.0658613 0.0690733
0.0690733 0.0717035
0.0717035 0.0744084
0.0744084 0.0768417
0.0768417 0.0791409
0.0791409 0.082563
0.082563 0.0852432
0.0852432 0.0881578
0.0881578 0.092693
0.092693 0.096299
0.096299 0.100307
0.100307 0.103852
0.103852 0.107187
0.107187 0.109821
0.109821 0.113627
0.113627 0.115663
0.115663 0.119689
0.119689 0.123894
0.123894 0.127016
0.127016 0.130101
0.130101 0.133098
0.133098 0.136379
0.136379 0.139559
0.139559 0.144246
0.144246 0.148325
0.148325 0.151843
0.151843 0.154547
0.154547 0.159522
0.159522 0.162352
0.162352 0.165796
0.165796 0.170743
0.170743 0.173531
0.173531 0.175936
0.175936 0.179476
0.179476 0.182072
0.182072 0.185317
0.185317 0.187753
0.187753 0.191132
0.191132 0.194868
0.194868 0.199422
0.199422 0.203383
0.203383 0.207296
0.207296 0.211147
0.211147 0.213573
0.213573 0.216387
0.216387 0.218681
0.218681 0.221289
0.221289 0.224885
0.224885 0.226792
0.226792 0.228624
0.228624 0.229793
0.229793 0.233149
0.233149 0.234679
0.234679 0.237237
0.237237 0.23968
0.23968 0.241903
0.241903 0.244634
0.244634 0.2464
0.2464 0.247715
0.247715 0.249688
0.249688 0.251205
0.251205 0.253614
0.253614 0.255187
0.255187 0.25733
0.25733 0.259813
0.259813 0.261451
0.261451 0.263799
0.263799 0.266562
0.266562 0.26974
0.26974 0.272544
0.272544 0.275483
0.275483 0.278883
0.278883 0.280942
0.280942 0.283703
0.283703 0.285703
0.285703 0.290043
0.290043 0.29422
0.29422 0.297989
0.297989 0.30149
0.30149 0.303848
0.303848 0.307681
0.307681 0.310355
0.310355 0.314194
0.314194 0.316935
0.316935 0.319924
0.319924 0.321642
0.321642 0.324313
0.324313 0.32616
0.32616 0.328338
0.328338 0.330593
0.330593 0.332073
0.332073 0.334443
0.334443 0.336688
0.336688 0.338637
0.338637 0.340913
0.340913 0.343232
0.343232 0.345124
0.345124 0.346678
0.346678 0.349135
0.349135 0.350801
0.350801 0.353365
0.353365 0.355065
0.355065 0.357295
0.357295 0.358842
0.358842 0.36106
0.36106 0.363175
0.363175 0.366389
0.366389 0.3687
0.3687 0.371699
0.371699 0.374776
0.374776 0.377437
0.377437 0.379531
0.379531 0.382627
0.382627 0.38392
0.38392 0.38669
0.38669 0.389339
0.389339 0.392142
0.392142 0.395326
0.395326 0.398378
0.398378 0.401635
0.401635 0.4041
0.4041 0.407654
0.407654 0.411946
0.411946 0.414735
0.414735 0.420142
0.420142 0.423418
0.423418 0.428155
0.428155 0.432122
0.432122 0.438691
0.438691 0.443976
0.443976 0.448809
0.448809 0.454206
0.454206 0.459979
0.459979 0.464968
0.464968 0.470634
0.470634 0.475103
0.475103 0.481172
0.481172 0.486547
0.486547 0.491564
0.491564 0.496602
0.496602 0.501584
0.501584 0.506025
0.506025 0.508967
0.508967 0.51302
0.51302 0.517694
0.517694 0.522291
0.522291 0.526685
0.526685 0.53191
0.53191 0.53551
0.53551 0.540287
0.540287 0.5464
0.5464 0.550259
0.550259 0.554683
0.554683 0.55917
0.55917 0.564406
0.564406 0.569217
0.569217 0.572655
0.572655 0.576825
0.576825 0.581515
0.581515 0.584612
0.584612 0.589394
0.589394 0.594964
0.594964 0.600326
0.600326 0.606473
0.606473 0.611844
0.611844 0.617378
0.617378 0.620163
0.620163 0.624021
0.624021 0.626551
0.626551 0.630939
0.630939 0.635092
0.635092 0.638531
0.638531 0.641774
0.641774 0.645458
0.645458 0.647827
0.647827 0.649984
0.649984 0.652317
0.652317 0.655129
0.655129 0.657315
0.657315 0.660454
0.660454 0.662287
0.662287 0.664475
0.664475 0.666192
0.666192 0.669415
0.669415 0.67205
0.67205 0.674341
0.674341 0.676597
0.676597 0.67917
0.67917 0.68105
0.68105 0.683523
0.683523 0.685668
0.685668 0.68771
0.68771 0.689941
0.689941 0.691915
0.691915 0.694057
0.694057 0.696086
0.696086 0.697889
0.697889 0.699513
0.699513 0.701537
0.701537 0.70369
0.70369 0.70516
0.70516 0.707042
0.707042 0.708526
0.708526 0.710218
0.710218 0.711581
0.711581 0.713301
0.713301 0.714942
0.714942 0.71672
0.71672 0.718437
0.718437 0.720125
0.720125 0.721448
0.721448 0.722801
0.722801 0.724304
0.724304 0.72538
0.72538 0.727045
0.727045 0.728254
0.728254 0.729535
0.729535 0.731542
0.731542 0.732729
0.732729 0.734056
0.734056 0.73573
0.73573 0.737313
0.737313 0.738835
0.738835 0.74039
0.74039 0.742196
0.742196 0.74369
0.74369 0.745466
0.745466 0.747092
0.747092 0.748915
0.748915 0.750529
0.750529 0.752155
0.752155 0.753972
0.753972 0.755828
0.755828 0.75719
0.75719 0.758835
0.758835 1.79769e+308
