38480
6734
29567
19524
62814
49428
50896
51653
53634
26335
36242
63585
51700
29142
19015
65067
26502
64249
38319
49987
14124
57879
62052
64896
12998
52251
56393
52341
38250
27329
32910
17093
61559
27817
24863
59204
47786
56298
64985
20823
64851
16058
32325
52230
65395
50225
56092
65017
34052
28148
49806
61638
27707
54189
61216
25523
57917
62441
64239
12961
50100
16795
37662
51574
26573
18830
24979
53227
56296
27639
24296
8480
28216
62377
33476
27072
52260
26850
26053
38232
19089
51713
53413
25398
26716
9315
26610
54392
56708
19385
18273
53377
58905
24754
52795
18613
38565
50371
38313
24387
24146
61216
56518
12423
60764
8117
53066
53736
28401
23658
25230
19086
16566
10092
24016
18317
56605
25022
32124
25294
65362
63377
6555
64353
23524
55703
61273
63123
27274
33920
64443
63989
29312
16411
24802
18839
27025
60783
36740
25253
58693
59366
51188
13606
62025
25566
38261
64901
25737
60756
20314
20288
19532
25260
60568
58384
32023
54217
25200
38522
19612
37661
61923
36261
16659
26456
47876
25222
50532
61186
16218
49396
25752
50453
50240
8110
60733
57855
26413
56533
52994
34826
24018
64270
61161
32976
65184
38234
16490
64178
16419
19854
27022
37727
59182
25215
58959
38176
50916
20343
51424
28576
62219
38310
16724
48349
26139
51694
54560
20797
25313
61512
60908
54203
52493
18970
11571
16700
16416
19062
24927
6825
38450
23980
64959
58373
23836
26751
19414
52793
32983
26550
17881
48351
25709
24069
16626
52203
19376
52921
52598
57941
56386
60728
29633
26758
53894
15933
50142
7201
56825
30056
19774
54829
51350
53194
20054
23800
50845
51443
26747
7387
36632
27673
16362
49847
37804
18806
38245
39318
25397
14396
54103
65530
22614
38072
37831
63535
60792
27985
19578
27516
16926
65535
18101
26767
16667
23817
65530
20855
26524
20031
58419
23856
64262
18761
25097
16726
56128
48197
19624
65368
54015
48835
57504
27381
26735
38233
18080
53293
51118
59174
38145
62424
27475
16410
19743
27001
48025
51485
26545
18409
32846
65494
62237
32248
38399
28489
59168
52530
16445
31014
37339
52897
20094
17617
27921
24166
18732
26379
27492
16952
30431
61994
13110
52063
38070
61546
35996
18200
59358
60726
38485
30047
24160
31749
61225
18861
19166
27314
23580
29103
18605
16710
19952
61243
19370
28267
26672
26614
26311
18697
61914
13785
20919
61076
62509
23474
24726
7260
62777
55117
21079
58435
61031
8922
30050
23533
53198
26631
19557
20196
28344
56751
27190
30620
36258
47970
24818
25382
27129
33940
59215
36133
64613
56843
19367
56273
54102
20780
29803
20848
47983
51817
58757
54110
26728
24797
54116
29828
23782
51724
51199
29444
59380
24029
20320
50596
36474
38234
30361
50876
49529
15525
56761
38554
14397
38490
30044
58524
64767
65309
56433
24632
33430
13780
19686
64577
38169
27862
25523
19227
38316
55862
26864
24507
53254
61003
29984
28791
27266
65476
48257
29168
51068
18474
30308
36173
7238
62263
17898
24329
28571
7049
16704
59000
23481
33911
16631
26670
10700
34715
26323
7272
20369
19241
16656
62737
37703
36023
64619
36232
18782
65532
30538
23811
24222
60718
61582
53289
65179
64860
25463
53205
26776
29968
51771
24740
10184
38249
20126
30159
27498
17117
16772
60808
59283
53974
27055
28479
23697
60747
51535
51263
52996
26862
19752
51026
19234
60592
27608
20049
38565
49985
51673
54038
37337
25147
61190
27008
13689
24191
29969
65472
51176
24019
59369
63859
27179
64272
25130
62560
51669
64419
50410
50239
25127
51430
13491
30271
18984
64595
38205
63797
10160
25394
51840
24182
56633
18990
25486
50889
63634
27907
48091
16599
53604
18879
6546
26820
52568
17251
61057
9814
62580
65532
19388
50830
38527
53399
64127
54115
9213
29190
38501
55388
64470
61412
56490
28309
65531
19458
38315
38510
61986
64905
51748
19666
63349
19972
15638
27469
16721
37688
19185
25196
19558
26123
38067
7000
61872
10074
13781
31696
15851
47655
7024
61154
24338
17114
62539
7384
56984
50971
19655
18557
38298
52363
50145
24165
65171
60739
28455
28049
59117
29037
52446
7051
63114
65532
63085
52799
62072
15526
50191
61245
50605
65531
23703
25574
27877
61231
38280
65116
20128
50931
55377
20316
25252
23700
56361
39257
53024
64805
16930
57171
56809
23955
25305
7026
65012
8115
20334
16154
55280
36546
18800
56216
30164
23468
23823
58260
60864
38234
18902
64992
28879
19287
65466
29356
51081
64931
15926
61973
62520
47950
30591
25207
19707
23518
63448
30126
38309
19454
51672
13685
65343
49253
24247
53421
16446
20125
24003
56337
38298
59373
7173
53178
49410
61718
26497
62661
25653
64738
49750
25138
26116
48193
24761
38309
17085
38588
9144
55427
62589
59334
20201
7263
63669
19641
6565
26839
53655
65286
38298
37333
61186
18776
65535
49770
57585
53762
49663
8113
26885
14204
49549
16692
26754
62847
26675
23700
19327
33934
25064
38251
19431
18525
19639
52849
28378
57596
26087
20010
53807
57710
49674
61816
19927
60753
63624
64237
23476
60572
27263
60981
49722
17363
26324
28098
65535
60870
63456
27338
23938
53200
61555
57858
24733
11465
38294
55824
65477
33213
30185
56529
50103
60879
19365
49892
14125
8119
64794
25771
28657
38464
61062
27341
63152
26530
64610
53814
64700
19013
54137
38245
49671
49788
18512
50857
38250
51596
50907
60832
31123
50331
16077
20909
51426
6596
64126
8200
59287
38255
27130
38570
26723
37864
16726
6553
55211
18874
38570
28120
51567
20116
25320
26613
16202
53238
49971
49603
37117
20828
57272
14174
51100
62823
16440
20129
52810
17046
60885
26444
56637
20177
19917
59412
38230
19188
23596
18188
20097
54091
57828
35915
25044
19865
19675
53166
9909
61124
61905
57983
18105
34067
51686
19577
36624
23497
24670
25739
52100
24014
32992
17853
26804
16411
50898
16718
23744
11932
28081
50000
50939
26639
27532
19998
24069
12225
59390
54111
18467
50351
20911
28170
51788
15849
8073
52718
38021
26857
6734
58966
34141
49454
14232
33875
24385
16908
50642
19079
6592
27610
20907
63175
25601
26429
51003
51429
64855
57742
9093
23720
51451
16730
24519
26451
27042
30458
55290
56759
38326
50466
20291
11077
52744
50061
23840
60859
63254
63020
16152
63580
16558
33365
60957
47988
8120
38246
65533
65287
8222
33910
20004
57743
32457
52765
57533
33478
58415
64272
56699
20836
50501
49192
63246
26537
9152
16169
24903
51123
49485
27443
60900
8378
14333
62755
10453
24265
61152
65512
54161
57183
30175
17410
27624
55755
38519
53264
64596
23333
28037
52757
58517
38566
37358
19130
58535
19353
34806
27975
49496
26681
19973
61990
53411
62049
30659
19032
51506
26942
65508
28256
61299
27332
49866
33493
38245
28896
24712
38313
19759
27821
20055
51415
27528
50070
60787
24415
53108
38566
64623
17108
60868
9949
51514
25410
49687
49074
32007
57795
24479
16688
61734
64182
57505
49559
32387
52558
62741
26081
23624
23573
26141
58903
29937
6865
20371
64831
50116
60786
63566
65477
38234
24306
59122
17209
14353
13611
53485
10160
62164
64445
10258
6578
15909
24474
51657
56957
48190
7290
19072
62484
26683
34724
62579
65475
49899
23518
53787
38086
58952
61583
63575
17275
51611
26604
62605
53030
14152
25050
24770
57542
24175
48120
37879
50018
18888
61534
64444
19156
26692
33765
13490
20783
23657
28248
28512
19895
27933
61588
7297
52521
57501
20744
65475
54136
53896
15855
61551
31138
16604
26762
38245
60736
59421
15748
63071
28553
62881
50956
15667
64139
8212
25149
18021
37380
53933
53307
29692
59359
17372
9933
15638
15839
33011
63589
53636
24446
18523
23992
13416
30283
16622
29617
36146
65470
23758
51328
19360
38309
47971
37679
38275
27306
16578
62169
57005
19764
17222
19956
53201
24089
50344
16168
53461
8257
15652
58971
8134
23503
33379
65475
26635
61251
62178
65260
20119
19622
30447
30043
27286
32520
24140
52540
14104
52373
16008
50025
62243
37015
23621
23320
53147
19058
64179
38268
53296
24671
62565
65490
65345
60727
16648
38250
17103
28783
30247
18665
29619
17041
54078
51240
16363
23808
64123
64840
18070
14390
24751
64224
64702
58027
62273
49069
25448
7064
23429
64927
51158
26097
18469
59124
27519
63675
52511
12848
31275
63457
27326
10700
60756
65476
54113
20196
38248
49922
24523
53044
38311
11120
17378
23929
27700
16363
27169
28262
51526
49691
65527
47898
20034
58098
13819
51382
38294
50979
19518
61198
20153
65332
18528
60934
49588
16217
6716
53289
33879
29062
38239
64300
19922
56491
18120
50001
63477
17057
29724
25281
31609
17937
37088
63633
28882
29369
16767
20902
57288
23525
20903
50627
57809
53677
34747
38163
62545
37730
65535
38229
24965
26466
50737
23465
26665
18550
36055
30065
25090
27330
26304
54051
57630
55081
18561
56374
20367
57792
54186
58190
54077
55507
59388
23824
65470
28300
17760
50111
24195
18777
18152
27478
18548
53215
37199
18885
52173
8700
25513
57619
25162
12842
24661
56913
26102
24027
26851
19717
16586
17913
26626
56722
50691
25024
28392
31757
25822
27022
60957
48108
18583
62777
61175
50038
37078
64989
26081
53779
18833
19938
58491
59323
19497
60809
6756
50310
65127
60775
26760
62587
17248
38297
51993
63905
49438
20074
48087
26102
50444
25805
29610
53684
56445
26816
52726
17032
57536
27181
50874
51436
19869
7073
64380
38229
30156
50820
62217
62580
8268
52145
37893
15662
50116
24332
23819
32375
14131
51553
27271
64679
29930
38078
65053
16813
51417
8248
27344
51093
57983
26622
53150
26341
50134
64467
60950
33883
51578
53830
24043
17097
57754
61609
13685
24701
16769
20303
61188
13343
61083
38282
27082
18253
50053
28335
38230
50775
26851
64957
34760
19418
36859
19806
16950
50682
19971
38502
52730
19976
61582
20016
15736
62856
64227
17120
16901
58023
51399
38549
61152
63301
56363
20818
18858
47939
23724
50209
37693
62883
26667
64700
8872
19609
50002
49879
24041
52909
52949
26411
51384
24845
20201
58447
38233
24359
38501
62326
64865
49646
59453
7400
55316
57101
56614
51446
50252
14151
51643
65535
24153
7100
65487
16175
23980
30031
49700
25194
51512
8224
65532
59632
64890
57831
20893
18257
26091
19578
38369
25793
12656
19718
16655
9886
18826
38292
17824
19043
38087
24670
18907
64366
65446
50017
63673
61577
30605
27305
25222
12461
52354
19783
52986
65321
62738
50298
38307
61308
7207
23756
50891
32357
23709
57578
64595
38331
14352
27760
20897
62233
28838
65472
24987
64827
52858
20105
26476
15890
33820
18640
64117
20104
52893
27336
16868
20844
57589
64043
24150
36648
17944
6649
64833
19574
18127
62442
55113
59269
51586
38249
34032
24074
23862
50893
50380
29511
63547
25795
26573
38394
14104
65491
33075
61602
27930
20875
8656
64056
16538
24803
36169
25422
60991
16244
58384
62934
61528
19438
50268
50083
57484
25601
6570
23861
9171
23738
57638
14181
27352
29778
16680
33117
17939
52767
60767
62758
13460
16768
19120
20072
26733
17113
10271
60789
65390
51109
50218
62813
51649
23974
51702
26324
38452
51551
18360
27213
60755
53844
16574
50196
31046
18209
11837
51195
65340
62705
16182
24155
61240
8187
60889
50258
18713
8230
26382
59383
35920
28774
60908
49304
33986
31017
20201
62690
51533
52702
50696
38298
53269
53051
25706
52927
23683
57579
51441
27290
56243
30118
65532
32396
28785
23985
8441
26897
17952
55394
15753
48268
51131
49632
60808
8572
23546
61147
27348
7217
23467
53559
30819
63455
60988
53047
36745
14160
25341
26611
19536
62583
17277
60815
37136
49955
26781
19402
61166
60850
63638
25124
16704
55404
28289
24036
29450
57517
30744
51359
23923
10214
26881
16911
16421
59196
20059
51499
56486
8096
20097
37709
14294
60949
26747
52573
64908
9079
65475
23539
38238
28641
25286
51897
36486
55588
30147
28988
28631
53093
7102
49745
33750
62886
53450
65503
23764
13498
17962
38152
38249
65476
64267
18319
61553
7013
62238
23709
26638
19389
51755
19899
18638
34065
61299
49475
50050
16703
16733
20147
29834
27219
49391
63041
19495
15733
18456
59337
53272
64418
53214
19193
56116
64444
38075
16248
19224
50174
37191
27754
63129
27320
54764
63690
18674
51525
62893
33817
33491
7046
60974
49923
58156
23978
18923
60597
57811
31394
64834
55166
62179
38553
28767
54132
61813
13233
19810
20151
12792
26637
8186
24436
32084
38240
25304
24356
38249
61998
24304
32956
57826
23781
38565
23648
25636
16850
24556
31026
9995
25326
20301
26420
62261
27562
16875
48222
56511
16531
26617
51528
16716
26572
57174
19836
38249
58669
25796
54109
26563
17308
53496
65480
62741
27450
53318
27494
57357
62912
54419
59449
20819
49966
59407
13467
59420
57706
24814
19971
26773
63920
62719
20901
54119
59350
62321
65475
60921
33314
26477
16873
26098
53020
24066
25250
29163
27289
50117
38550
57948
64732
52258
51217
34133
27312
20949
49341
25878
16610
13292
24165
13614
33224
16700
24499
31030
54642
27417
62262
25841
62851
36090
38566
18482
59163
25842
61180
17006
59114
26569
52512
30178
49308
19582
27313
57686
61555
63620
30396
61521
26830
8187
56609
38216
50947
25168
53606
20093
63517
52706
52646
26170
17192
56593
50539
27126
24580
50163
20343
37821
61130
13840
23655
33549
38204
26324
61532
27312
62533
28611
24018
8273
52112
61520
26840
6663
51519
16507
28703
33855
51966
8985
30328
33517
58441
20000
20190
53283
59253
26405
14148
50153
25848
25338
65535
63510
38245
55342
51909
26560
17223
14117
63319
24886
30342
16218
31086
7256
27356
49827
8493
24488
29510
26654
63912
17133
8247
38746
61798
62018
26598
8774
27472
26395
65472
26787
34067
64225
24358
23864
36402
54076
19068
55194
17066
65317
25444
25839
58708
7047
29755
62440
60952
26642
16891
7064
51634
19981
60993
48153
33669
16165
18143
58913
29500
16083
57505
24277
16642
24210
25502
26427
51321
20188
23558
25230
60576
53341
27191
26731
29961
26770
23852
57626
30290
17056
62575
26684
52267
16715
51803
27261
51593
62674
63394
64433
36834
14184
20328
36753
18635
17146
61165
57706
8209
19930
61264
27323
63550
58835
27040
59208
53207
16572
25576
17794
58524
63737
51178
58951
49983
19713
26680
65416
65535
18678
38249
26415
34743
51903
20865
53113
26870
24548
24639
52843
53359
64464
8237
16223
13051
29889
50985
51660
36765
17258
38100
20023
24810
53036
26618
56363
58840
52455
7279
26582
8128
36249
62744
27754
28810
19469
65530
65530
57544
9903
61558
65475
38270
38233
47814
29955
27541
17302
26170
27504
62215
10030
28202
28235
64113
51150
20816
7008
55206
53260
29176
53809
34719
20298
13806
59248
7063
19881
38487
30470
65470
16895
19794
65477
18190
51704
61308
16635
24049
55060
16718
20844
16578
26333
19510
53690
26940
38246
51048
49698
64374
50226
27302
57623
51482
57451
12562
49242
48005
61732
15671
8430
36700
27335
16648
60959
63557
52175
64228
26652
20317
27767
59455
51623
27472
28859
13387
34132
61178
51786
23501
61170
63877
51776
16224
16006
15864
50898
50148
65291
57729
58095
10775
34712
27238
33789
64323
16781
16251
10941
55385
63636
25455
23550
38317
65531
8110
49247
61147
28066
58530
7271
64744
50179
53439
26612
54166
14308
17310
59401
27620
27823
20744
49673
6567
25491
64020
61631
23960
62377
16420
25791
7176
26695
57378
48096
56913
65530
27324
62184
24437
23324
64143
19736
54967
20895
16645
38251
27885
60727
28264
64345
25530
37867
25119
20098
65390
57654
64186
59347
51056
49679
19604
33901
32192
51163
47635
38246
25031
25190
52926
14112
27061
57512
23922
27549
61055
57582
29636
34720
62138
55381
55252
59199
38293
27241
24414
65471
6954
38619
19342
27954
19530
38309
53779
51471
34725
57556
37900
58603
49352
19605
62264
37060
53266
61212
60955
16889
28820
33820
51434
50060
49702
19469
24913
53837
24867
24103
30542
62218
65532
61200
26745
27482
51488
23954
30509
47770
59109
26830
51274
57386
18821
27076
49468
56688
55138
26559
56560
27786
25801
53867
14239
25012
24025
49868
65490
51476
50171
61615
53048
23711
38161
51044
16647
19093
17283
57700
35931
59455
65456
55601
61286
15539
49767
18596
62638
53500
64187
65491
7406
6664
19592
50287
14271
27919
26057
57181
13769
38320
16784
30971
62685
60596
52946
27550
56155
19515
36587
24690
54126
16611
51699
47754
23946
8141
27853
64068
60585
15658
64326
24227
27402
27140
25261
29645
64609
62904
38231
28144
8256
16561
16487
50566
56939
24206
32009
63836
24055
17133
12911
27227
49061
62040
54170
30451
26652
24565
26948
51708
38297
19572
56798
53533
16980
65532
38309
50025
57686
29391
18740
47811
34007
52583
63339
62026
53216
23989
26316
65313
51006
62421
26595
24322
53248
26121
51828
16205
37366
34900
27432
19526
9548
36373
52773
51529
50466
16007
18965
27178
26616
63731
57515
38438
52348
57552
65330
18270
38502
19331
34140
15650
60859
52288
56897
65531
62003
64135
62382
49462
17239
65404
56654
61024
55805
64756
23930
29939
51334
16722
19499
25206
14115
38470
16612
27339
26934
17443
32236
53370
57907
9363
8094
47926
37081
16592
61308
49536
27314
55244
49282
53763
59379
47938
63727
50406
58428
57637
26488
18511
38297
28279
28753
65470
17051
48170
24201
33307
26709
20916
62048
60736
17332
16643
53058
24548
61813
60886
16888
62563
25185
62941
27378
34742
62237
23841
33990
52785
16361
38406
25877
65535
49947
38474
37670
17860
51516
64034
17948
27228
19710
16761
29185
38501
23627
17984
63645
65306
54177
64485
30203
65434
50108
26111
49568
25324
62478
53401
27306
48192
51078
38417
23730
33522
58978
26642
50012
63709
28002
27195
26657
53731
59424
19902
64161
7296
38505
38238
31627
65344
18590
49444
52781
54135
34012
16136
62398
16445
53251
25244
19025
56802
30782
17061
61527
16716
29329
26789
49622
54512
38234
60775
37143
50530
27988
57514
15844
32209
27104
16543
61163
65233
60943
26825
36731
7277
19310
48089
23816
28334
28032
13790
51139
51362
27415
60978
64590
10446
56934
60856
65269
30613
24268
23982
19083
54326
51550
59409
27084
28482
58081
51810
63161
51960
19426
54208
60784
49365
26511
32102
62716
36964
30350
52647
63762
17577
61294
51113
16707
38372
52338
50233
18605
25476
28136
59346
57694
28715
61791
24716
20854
50690
35953
64695
62191
62190
62653
18497
20906
58041
31077
51090
32560
26117
29080
27801
16718
48145
49662
25845
36706
38225
52455
33729
16993
53354
26615
51758
52973
16633
63470
62767
61618
65535
60990
33983
11198
63037
23954
35869
31076
12479
33901
33771
48265
65399
30367
52193
19740
37010
27036
15522
61863
64030
65456
64952
19370
24729
20175
19988
16924
38309
20307
63064
63296
33483
51659
28298
62764
25120
19010
26526
23973
25345
55037
61277
18092
55655
20834
57628
18198
28865
20329
47850
36182
32856
61573
57176
47865
26610
37909
27220
38257
20068
48219
27525
20291
19545
59624
62072
59263
38259
19991
58006
19002
26697
56196
26821
16521
34897
63118
19985
63431
23632
18226
38167
32344
38233
24842
15538
60801
33087
20778
27176
64197
52836
34733
13682
50792
53615
58543
25064
51833
7270
65336
38565
52393
24092
51276
60606
55359
55527
28128
19692
16800
53494
38464
48230
24176
57205
19600
50952
28462
28944
27473
54263
26121
58774
26591
19247
20176
8126
31248
30918
17062
50087
9604
61255
38480
63062
24190
17085
10788
58076
60853
26149
33405
18416
26629
18383
11571
51952
24223
55011
59395
65326
19644
24366
34061
61244
27153
18943
18948
25777
33163
51524
36786
23941
24624
52153
37042
24656
16788
48254
27500
49881
56330
48259
16561
18139
55352
33330
20133
15668
63109
58967
20905
34698
33340
25589
27116
57315
17188
25537
18589
64349
36657
13019
53578
13791
58246
56774
18691
53182
24183
19671
38486
20795
53910
26721
7395
50353
52370
7037
7049
38097
16966
28917
38501
38293
62377
64049
16554
24507
36568
63368
9747
19320
56441
50778
30225
50033
33572
8105
19543
57524
13533
8197
18478
38385
53034
58031
62066
34013
65173
24286
51242
53173
27020
57601
62876
13652
27098
65470
20742
23506
63470
27149
28169
15668
49593
53005
28024
25777
24423
17813
14346
61570
11099
64134
20012
18300
50458
53121
7070
28448
58372
30415
17933
24378
49342
28940
17243
49426
29995
62766
8904
56263
25328
33683
23313
65456
32876
27229
38309
9136
16668
6964
23431
62451
59413
65511
52350
26089
33869
49047
38252
26385
62458
57308
7395
12247
59376
38075
29527
25792
48012
26993
33823
26123
13308
30007
29484
15668
61515
38223
28404
13357
25206
34805
52894
38227
26375
52892
48094
62775
47953
57685
19113
62178
33883
24464
26462
38524
53361
57397
23838
53492
20872
25598
17932
17068
58023
61194
65531
8125
52935
26150
53327
38284
47819
48038
33498
49977
27965
56524
53886
23537
24136
56866
57272
26475
37687
16544
20911
38281
60769
38294
63520
24916
24389
62131
55460
25775
47885
65400
27019
60976
61625
50026
54186
9967
63214
50577
16752
62859
18374
38148
27520
16417
32680
65472
23793
16601
65267
63668
62992
31644
38172
33450
55545
62602
27345
25302
36888
64577
19715
38282
56907
58939
52483
50184
37025
48034
59384
23979
38222
50107
17772
65455
58559
56879
50176
38486
64805
64388
27546
57410
31075
27512
59025
61536
38245
7146
64044
26739
60859
24998
33652
61180
52720
62276
55276
19709
28806
57919
63845
27431
48043
26481
36296
65026
17712
47753
63289
65491
27614
19627
30426
55140
32158
62200
24727
19682
61532
48176
9145
20148
25413
16815
10437
56153
19556
65477
8129
50729
49712
60765
56141
30889
16686
53791
58322
38550
18418
54257
59345
57696
30455
63571
56693
63544
20017
27265
13615
23813
32184
65532
16518
52801
6669
58525
12725
59168
37656
24398
18099
49327
18750
65431
65341
26740
16428
50862
59386
17331
26728
25431
49540
51806
38237
24851
65314
10344
8102
7406
9963
8198
63664
55511
53248
63614
65456
38214
7102
30853
49312
50176
52308
55068
26768
38244
24596
50583
51663
27999
8213
62748
25030
28160
15662
62579
50860
34708
51170
20195
65010
64597
23719
24516
26611
38246
54482
38243
13284
30335
53320
6706
63008
18293
16898
17788
30302
59334
20186
33209
58897
26108
33398
57533
38133
53458
38250
19095
34753
15537
56782
14249
51573
49856
38530
65290
35983
52739
24171
26337
25059
38192
47757
56832
19690
20910
18954
50129
27482
15854
56818
26304
55377
50172
57660
30388
27106
27000
52390
53753
47659
27181
24652
38549
48371
18811
24267
24048
16591
60599
6970
18787
27038
53232
26109
59370
49638
27310
38471
27111
65456
13628
7123
26557
60754
65530
27298
26951
61185
20793
26505
38314
7093
7047
54759
50821
55071
63055
6548
63419
53698
60791
51837
19796
20295
56461
47798
19991
17893
65456
53683
26473
18395
61802
18656
27325
19285
56590
51421
19090
25352
63624
27327
13202
61242
65372
53930
15539
23808
62754
20082
34864
20380
56601
26746
38110
49885
17101
23314
50188
16720
55543
61043
60936
12513
19282
53623
20746
65468
16443
60781
8201
27855
25104
33813
17340
35994
8117
64793
36023
13644
53431
53726
17765
48279
51603
55358
49974
61598
54213
38351
18333
61157
57963
27275
49954
16218
18871
19633
50234
25036
24879
27425
27961
36660
16419
62597
16667
23574
19932
27230
27286
26780
20151
16687
48265
59159
27433
38234
38293
36211
27182
65044
38477
65029
15926
20793
56657
65472
16629
8271
19702
62971
27000
24282
18519
16670
65531
65335
30828
23948
34045
61737
26692
65442
13792
49730
53189
19563
64698
50410
23777
55425
13615
51521
37677
61281
50938
24627
24505
38472
24171
30085
25503
61305
16693
59396
50426
51224
26905
33236
16640
29760
30130
16636
9008
38505
53986
16153
28747
62694
50372
16584
56254
24615
25508
27116
51572
16547
26581
19306
62234
20873
38550
62103
13697
27534
53667
51202
65471
62738
52563
64773
16661
57590
19453
61520
65535
19654
30027
51652
16439
13601
65477
53619
62182
65528
26416
63358
18443
23931
65413
20341
33677
50212
33382
57444
38554
18306
37690
25620
35999
53429
50887
23515
17863
48084
62101
49289
29591
27285
13598
30339
32240
51403
14158
32255
29993
13508
52666
23465
49552
9349
33393
27021
62086
65505
61979
29979
8104
59198
20896
23991
63492
19893
32805
32333
64286
19259
33720
65527
16632
29239
55794
8112
61515
16614
50810
63541
19915
38050
56955
51941
7014
29061
19507
32929
65469
16705
27048
27354
25353
34012
24498
30722
10015
13579
24951
29994
14289
65532
30287
27302
25264
19139
16753
20867
62588
50819
55540
20905
55537
64163
53611
29932
16621
33287
50358
16615
6578
13415
34030
16227
62113
24836
55441
17029
65336
53777
47950
65477
38490
18994
20299
16455
25240
62660
18195
7007
62236
27949
58895
51599
53077
63071
25285
56970
26544
51373
15941
59421
19255
24382
19432
30350
64597
16434
7311
23559
7273
56480
64047
23649
23527
57570
19573
19217
59406
49599
19785
27302
28811
57732
61078
38570
8348
7266
60608
65532
20862
65532
20343
15645
55712
51534
65467
60762
65530
63567
50124
13622
26157
63653
28988
64883
57688
20393
28073
12376
25798
12737
18166
48275
29547
59270
37914
13766
10148
32282
27289
61075
65477
16452
28804
50082
27223
17961
51427
28541
64668
65065
16228
16582
38313
13832
38314
16075
48131
16738
19764
64734
26875
38246
19816
61168
61525
60880
60743
61531
52195
65531
38310
29642
58086
36409
18067
26082
26101
57816
25750
47801
34114
49266
9240
24439
18189
17000
19824
65477
27010
28308
65523
7235
24250
24970
65473
50872
53241
57980
25336
23749
30250
64801
16927
61953
52442
26831
19496
53824
26572
19946
19053
6576
64596
64937
20837
16850
20803
26802
24169
61154
33418
26484
47729
32414
18033
64657
16168
27264
61543
52637
61992
18225
38322
19343
16631
57573
53515
8212
65439
19411
65410
33837
58201
65535
27242
60809
20332
52399
10492
65026
56660
23319
18893
27424
10605
51905
28796
48201
36961
65535
19210
49620
19434
38320
24314
27831
57374
19067
51466
17675
17378
52225
7284
18125
27238
58995
27207
24442
62669
16672
60949
30492
28532
26354
49930
23841
27349
23808
27358
59366
57515
16675
26327
32365
16720
61149
60605
32050
55522
25788
24328
18642
65156
64678
12700
27360
24446
56747
53516
60894
18915
65533
33656
28228
60946
33854
31732
19206
65450
50067
15849
33915
20811
48067
37197
38566
63375
20135
37127
27121
18933
50866
27717
60981
25848
36948
8777
16697
56921
18442
27119
20151
25351
38298
7047
53980
8101
49580
26819
37861
8603
20201
26838
38490
15648
32441
65472
20136
23919
38247
51035
27269
18152
27379
19796
20796
57538
27175
27187
52692
58930
60743
17081
28124
9739
65487
27501
25645
62375
23471
64658
20378
55044
16423
49654
54376
25769
16834
51794
19683
55272
56004
28352
54088
63413
32772
54171
58074
19554
54988
28467
7265
51680
57877
7285
16933
49988
18167
33428
18413
50671
38313
38490
6812
35849
62662
24260
18207
56883
60982
19295
24537
33695
53044
19789
62181
54216
23949
25260
29364
63424
17231
30920
62374
63621
10270
63078
25105
65530
25515
17771
63473
60954
30459
56466
26555
26147
27422
16439
56700
14147
61630
51507
6658
55420
38124
50934
20391
62890
51711
60806
13690
62156
20187
51584
17035
20788
15855
65535
27687
47863
23865
54108
50478
25258
20743
52004
38505
20334
64591
27276
18375
59367
29387
55657
34093
61795
28661
23570
20024
52867
16955
26109
50913
16701
64879
64298
27539
65504
61268
27182
18824
25356
52156
28794
47979
62254
51571
27553
23758
24450
57587
65531
17733
47633
20794
64992
7238
8270
17585
29274
63166
51379
38486
17359
16564
29303
18693
19989
25466
62782
50904
65477
56573
28074
24941
25299
64066
34131
18511
56914
56193
38249
60816
50823
60767
16134
33844
49809
9263
26723
50133
64251
38233
58743
65530
33096
25789
26421
53586
65485
51855
16968
28999
61247
53758
27053
28183
26364
38195
16806
25875
27273
18971
25350
25338
50721
50250
62714
7311
8260
27352
64052
28324
30588
63394
31001
27227
36680
56388
51063
16346
61536
27122
62747
24023
39262
64715
16593
61976
26367
23821
29665
10395
26310
59360
20777
62556
23470
38378
16759
20117
26115
49912
53474
26153
16610
57733
61047
51407
47871
56533
33881
64405
52438
52319
64027
17503
64135
17268
16640
20948
19403
62184
33917
60734
51373
18367
18265
61582
63564
31468
24371
7407
20319
61184
54270
25322
9157
38476
53255
50016
30029
18494
9896
18573
61165
30060
31097
27178
62746
38235
65455
61099
62507
23922
53705
62608
65530
26742
38506
36749
30967
19608
60928
23504
59371
23940
62187
57095
25381
63867
19908
21082
64199
56519
62649
60962
38250
53710
51712
18002
27267
65532
30312
59273
25849
16862
18468
18414
59357
56781
27054
25002
25676
55801
37711
25749
51110
20065
30327
52052
60876
62364
50167
59160
20001
24147
28573
37856
13010
49432
23434
64790
49995
29042
38246
62583
65535
19818
19480
52869
56769
53536
25557
62377
18250
64031
57182
25548
30008
19316
50320
18175
26485
16819
19541
51371
62509
6314
50832
51875
24786
36451
59199
38120
51459
38522
60894
65477
37695
27350
65419
38231
60683
56800
25394
64233
61619
24585
7384
25877
17911
16457
24006
19753
57051
29963
52027
29516
54210
19537
65476
27894
62381
16653
64985
18054
17096
8206
16664
16726
38566
24570
57631
53329
51473
62732
19350
30345
12047
15849
53850
23979
8142
64126
65352
27775
54808
48272
50772
11315
37836
59162
29059
51549
62615
62684
61192
53884
51369
23965
25252
38566
20380
65532
28537
62469
65532
28021
34058
57868
62571
23698
56624
27318
62259
20858
15638
56564
62173
27195
36333
28165
59411
65530
15524
62477
49997
51407
18670
7073
8130
24460
33878
25032
16560
28502
19835
18996
24045
26869
61168
18851
17244
26542
54544
27736
27489
63879
16919
19829
23948
26576
23744
19579
36496
6907
23532
13580
20133
65495
26792
56865
48022
30088
30335
38505
49543
65451
27052
8118
24879
27508
25877
24832
15841
17032
65457
51562
38293
48211
26902
6310
64266
56323
52334
12260
26599
61282
16756
16141
26934
53645
52497
38316
65506
37395
29942
65025
13825
6560
29127
31023
19413
52408
55332
24013
38230
48142
36722
14255
49328
19523
34116
61248
64598
17228
28517
27039
30634
53618
13161
31354
47985
65476
65471
65511
19555
65517
19510
62489
56418
38130
27698
52940
54176
61536
61041
37793
16852
8243
26905
14297
53472
54452
26859
33172
25477
12881
65471
64351
16654
28176
51180
13649
29957
65530
65531
65011
8224
50962
16860
58069
28027
26452
62125
56754
54150
60957
53470
39317
38236
61154
65476
59448
62378
53376
55318
19195
59411
56454
62578
16645
34751
20850
52202
36582
29659
63705
23989
38309
28313
47921
20889
64843
31207
65532
58314
51297
38293
29025
51146
62817
25532
31310
64121
25213
60605
51582
50009
18538
27991
58912
23617
17564
36224
24463
53405
53238
58163
30066
28637
59407
26567
53994
9767
20800
10921
25335
53260
57265
47918
63764
51614
58381
49343
24218
63738
7297
16986
64591
16581
24242
65455
58528
30233
32478
51336
31383
32212
59012
60782
17847
25091
23646
55043
20005
32379
16227
57477
25801
26165
24685
62554
56397
30363
50714
26652
33579
62333
50900
59340
8129
38272
13061
30571
62082
58710
51072
6653
18072
51768
7205
25276
24395
60831
49459
23859
16893
26135
24017
50152
64687
51422
10663
30222
23312
15534
48189
38506
65407
18478
23920
57645
62579
25707
16171
53390
59354
23809
51676
13055
29010
56501
9833
19600
19491
65169
26107
27241
23815
65468
51501
25164
36883
20099
61818
27523
25148
56846
20880
26737
15640
27528
27967
23762
62676
30297
49385
24431
6982
57793
53163
20142
64847
19786
27192
57948
50978
26878
49287
16651
27309
27402
51086
56380
61243
61930
58921
23995
30114
50923
57553
61172
55183
65471
61925
6825
58557
64828
30524
38219
50415
24303
29748
63385
27177
25556
53998
47917
48133
15528
48027
26677
52143
36026
51244
47931
24078
50386
18726
31070
64977
47742
50863
26992
26343
64918
29441
65452
65535
26939
27233
19889
26488
30145
62584
15645
18932
60599
16459
65252
18433
49718
25233
65535
57673
27271
65476
38294
15896
24032
16872
26380
18375
29512
27499
30378
49705
62790
30884
19538
56710
65452
25784
19947
17095
24138
49429
53015
29233
62735
27504
50266
38018
18784
7281
33591
59150
26832
56090
51666
16826
19345
16854
10560
65477
26151
49779
17370
19305
37029
38026
56140
30487
17522
18491
60599
38309
62772
49959
49881
19610
55094
38310
62124
7211
38235
38481
19545
60869
47846
16891
56667
65442
62871
52197
38325
9542
6659
8123
65154
25300
20872
57373
27016
26169
61715
49578
48181
26323
16106
51861
49943
52225
54220
59203
10813
49992
27146
30316
57594
50207
51784
64190
64925
65531
60878
16162
31231
38227
51345
60757
62171
63346
53773
16070
33294
49993
58684
7112
29978
16636
54246
16636
65531
59294
28627
25206
27480
38245
50814
28088
62690
20840
63824
53322
61036
58423
31388
51690
61258
15643
15536
26540
57709
30176
61814
37715
18663
64918
16639
27430
50195
30379
64979
33541
63440
8074
16503
29673
38310
19992
33464
50016
24025
20197
24891
19794
58955
18174
55174
50870
20804
30543
28360
19799
16416
63576
16657
52380
52478
16246
51801
24279
27348
25785
32524
56777
63961
28369
20389
54262
56390
26623
8478
16845
15642
51171
62058
30386
36325
31648
27262
50414
50817
13790
27162
50160
18499
57381
51165
50715
24956
25342
24754
25233
24363
60769
24298
27051
8937
60880
19978
26619
50710
26897
24491
65535
33625
6946
19150
53071
56090
19330
53695
64188
30103
52609
53172
20832
28506
18965
38246
23981
64866
17043
62151
24230
17200
53035
9117
27284
23932
65473
20154
15983
25010
63627
60695
58301
64305
27543
54988
57665
23511
55378
62100
19448
49386
65470
14204
50865
18274
25654
53273
39253
48267
16444
60974
38566
50993
30325
61628
49551
51252
23726
29108
8232
16917
38314
7068
18446
64801
26685
50119
59146
23825
23541
64279
12162
13403
27115
23772
12040
16880
30639
24485
24317
8363
25600
57152
16212
29290
58121
15532
52272
26587
65163
63511
24827
53337
14165
17115
65532
27344
23459
38486
61259
15684
38091
19449
28545
64163
50086
58031
23764
52219
60998
19268
65535
20863
62903
62069
13656
17720
25744
20769
50897
7099
63645
51601
34696
25799
26119
16100
27390
49518
38502
25384
9130
34128
16587
7223
56771
30043
10821
38209
62266
26387
55978
23572
6538
19521
50864
19047
51185
16988
16644
6988
16760
64371
16526
65535
54162
20135
65493
47640
53668
54084
32119
13812
16599
19239
25396
26808
24157
38300
6778
57167
57607
23628
26147
38229
27156
26947
61256
63446
48368
27306
26619
53414
49422
27180
51065
24233
23427
53501
30982
24020
17072
16704
61160
33001
28430
52347
38486
48074
27419
38242
57603
16608
49580
58015
25726
52938
62649
52191
19885
48066
65476
65535
14172
19107
