169 252 
109 48 
29 183 
31 189 
190 60 
227 121 
223 72 
200 75 
171 102 
114 244 
82 162 
239 37 
204 77 
47 169 
115 178 
248 9 
126 228 
247 51 
168 252 
230 104 
65 85 
163 46 
238 20 
243 23 
48 97 
186 99 
152 67 
184 107 
149 255 
154 247 
69 136 
95 148 
222 10 
37 208 
13 196 
128 40 
180 128 
113 64 
244 23 
22 193 
234 31 
87 124 
48 152 
182 99 
251 11 
236 93 
105 67 
247 17 
160 128 
34 211 
218 103 
249 4 
51 218 
149 126 
208 11 
13 212 
172 41 
206 30 
246 48 
49 98 
240 107 
75 158 
60 221 
213 69 
131 226 
117 168 
20 200 
185 127 
115 65 
50 226 
8 198 
125 84 
31 206 
210 16 
104 149 
133 247 
186 100 
134 234 
99 244 
152 254 
1 185 
198 79 
158 115 
20 219 
41 227 
69 77 
137 226 
99 118 
143 88 
93 182 
9 147 
170 119 
125 40 
12 202 
200 112 
105 171 
177 255 
239 80 
162 255 
101 200 
33 206 
208 11 
132 78 
28 118 
165 29 
97 60 
191 116 
170 110 
35 194 
11 208 
138 216 
116 184 
39 140 
68 82 
32 212 
9 149 
132 82 
18 207 
37 152 
132 221 
249 13 
216 38 
120 43 
243 42 
93 230 
77 86 
217 13 
213 61 
144 251 
132 136 
247 34 
235 51 
32 167 
61 134 
8 194 
122 169 
114 252 
171 28 
57 186 
140 220 
99 60 
144 34 
216 92 
104 74 
235 19 
18 218 
158 251 
244 20 
109 235 
161 30 
30 179 
59 176 
37 190 
29 223 
204 10 
118 63 
41 145 
122 125 
23 215 
175 248 
27 180 
57 221 
255 10 
76 160 
69 144 
115 237 
194 130 
24 219 
243 65 
209 14 
59 112 
230 125 
114 234 
238 79 
235 95 
88 62 
181 22 
171 47 
126 234 
142 72 
192 126 
112 163 
32 213 
249 45 
244 17 
66 139 
253 3 
150 255 
80 135 
246 58 
55 133 
15 165 
116 250 
60 211 
135 38 
21 215 
112 47 
163 244 
224 76 
55 181 
212 84 
48 204 
213 29 
164 255 
55 158 
215 138 
110 243 
205 78 
73 123 
71 193 
22 219 
217 10 
201 16 
132 125 
198 98 
1 183 
50 105 
54 150 
59 132 
0 180 
143 195 
93 62 
174 246 
37 208 
245 16 
128 60 
40 218 
142 231 
5 185 
199 113 
66 137 
127 227 
18 136 
213 139 
117 230 
94 207 
56 141 
182 89 
10 180 
205 124 
207 100 
176 32 
152 65 
178 21 
28 190 
141 235 
125 102 
83 113 
237 101 
92 59 
158 83 
2 185 
8 168 
74 106 
198 86 
182 123 
24 160 
89 221 
225 66 
214 83 
143 229 
103 54 
54 182 
45 221 
53 127 
218 98 
51 210 
118 164 
148 255 
200 255 
20 219 
74 95 
153 113 
255 3 
72 225 
169 237 
52 218 
236 36 
172 25 
143 222 
76 187 
156 233 
23 146 
255 0 
4 156 
145 232 
39 147 
79 221 
255 3 
75 197 
124 228 
25 168 
124 57 
61 220 
246 46 
2 163 
17 210 
58 159 
96 72 
219 131 
75 177 
249 14 
113 111 
255 150 
173 51 
157 243 
146 231 
151 255 
6 156 
173 122 
227 94 
138 37 
164 240 
208 26 
147 239 
54 135 
12 172 
113 249 
204 143 
211 77 
27 224 
102 158 
71 128 
252 6 
209 29 
46 146 
173 240 
39 202 
173 36 
203 98 
63 129 
17 152 
72 201 
207 125 
68 166 
19 134 
37 219 
31 202 
1 165 
127 236 
149 235 
82 149 
12 164 
231 23 
41 100 
194 83 
170 236 
216 15 
72 180 
103 157 
184 37 
181 20 
165 255 
3 188 
27 203 
45 128 
212 8 
121 174 
1 187 
151 250 
26 220 
42 163 
0 173 
65 153 
78 175 
246 15 
92 176 
23 200 
143 227 
32 226 
115 245 
1 162 
238 8 
73 74 
57 205 
189 30 
200 37 
89 225 
126 207 
89 60 
191 52 
83 106 
69 209 
129 55 
184 30 
61 84 
3 186 
100 229 
181 120 
140 225 
67 187 
47 172 
27 194 
160 92 
143 244 
20 173 
74 162 
198 141 
132 193 
19 218 
141 243 
130 142 
170 43 
85 171 
251 16 
168 82 
6 177 
115 70 
154 113 
44 197 
17 177 
38 199 
200 140 
194 64 
107 52 
147 114 
148 230 
129 197 
152 116 
15 183 
30 221 
196 78 
214 95 
26 176 
185 34 
87 213 
38 180 
237 65 
62 167 
150 255 
124 165 
220 71 
217 123 
68 111 
151 89 
178 255 
70 94 
167 255 
3 188 
118 50 
244 31 
255 2 
151 71 
120 197 
91 159 
84 72 
15 183 
255 22 
166 242 
44 217 
12 212 
6 188 
167 253 
88 77 
130 236 
5 200 
175 126 
181 27 
8 187 
42 186 
144 249 
255 5 
219 136 
42 175 
224 86 
100 167 
3 171 
99 165 
90 60 
217 26 
110 136 
4 195 
47 206 
101 53 
57 152 
122 42 
89 227 
123 138 
63 141 
142 228 
60 108 
119 145 
106 247 
101 57 
50 185 
98 185 
67 144 
194 49 
61 214 
77 178 
250 17 
80 165 
3 162 
255 1 
16 171 
79 223 
20 197 
174 22 
225 10 
173 120 
251 4 
236 28 
125 213 
186 120 
146 234 
11 187 
199 74 
129 206 
58 90 
152 255 
41 163 
6 179 
150 232 
16 149 
30 152 
174 26 
128 45 
131 105 
123 252 
36 199 
104 211 
190 27 
219 68 
206 95 
193 125 
132 235 
14 169 
229 81 
100 186 
204 15 
161 230 
77 163 
177 255 
229 105 
209 74 
113 119 
76 200 
17 208 
248 14 
122 248 
80 70 
90 200 
134 187 
254 7 
216 89 
36 213 
148 33 
228 59 
143 247 
249 43 
21 215 
209 36 
209 72 
245 35 
245 87 
236 95 
134 214 
213 87 
64 81 
7 175 
0 182 
255 18 
160 246 
227 52 
147 84 
126 217 
191 71 
25 203 
121 84 
0 180 
122 213 
220 75 
239 41 
38 223 
204 132 
69 137 
176 97 
114 175 
134 41 
133 239 
212 98 
84 139 
192 25 
79 81 
207 37 
255 1 
10 183 
226 69 
180 248 
159 118 
243 56 
151 116 
81 65 
38 172 
170 255 
111 82 
246 39 
230 6 
162 79 
146 199 
255 2 
19 190 
167 254 
177 252 
230 21 
243 20 
192 75 
82 181 
215 43 
75 173 
69 103 
152 238 
62 156 
63 218 
2 189 
23 215 
68 186 
110 242 
170 238 
135 49 
238 15 
158 80 
98 72 
38 135 
70 105 
188 137 
103 52 
198 18 
2 193 
18 148 
208 34 
121 54 
175 94 
218 86 
15 177 
99 169 
157 255 
189 107 
238 98 
79 203 
255 7 
185 24 
42 197 
27 214 
164 37 
50 162 
191 101 
103 52 
218 59 
255 1 
211 61 
203 112 
234 21 
70 111 
246 92 
201 14 
235 66 
255 2 
14 209 
23 221 
44 220 
204 11 
164 250 
255 12 
61 163 
220 78 
114 83 
35 179 
26 220 
13 209 
141 71 
188 255 
190 123 
244 24 
86 149 
166 79 
142 81 
57 215 
133 216 
101 53 
247 19 
86 62 
62 182 
65 124 
107 96 
55 169 
119 167 
109 78 
6 182 
85 224 
40 220 
166 56 
225 23 
148 255 
0 168 
246 20 
47 179 
105 177 
252 8 
28 162 
225 91 
240 19 
82 114 
224 23 
202 33 
194 138 
19 168 
138 213 
11 176 
94 228 
225 38 
126 177 
163 255 
15 191 
207 74 
85 68 
251 7 
237 112 
14 194 
162 113 
53 129 
66 162 
25 208 
128 68 
155 255 
180 33 
84 63 
183 119 
226 126 
237 7 
124 231 
195 47 
111 227 
247 29 
212 110 
136 210 
107 242 
220 128 
130 201 
158 255 
10 153 
192 248 
78 66 
98 87 
203 38 
187 36 
56 174 
91 60 
237 44 
79 179 
156 44 
138 233 
172 97 
255 3 
157 255 
79 200 
249 14 
122 162 
255 0 
213 104 
190 50 
153 110 
228 112 
85 63 
123 243 
62 86 
216 118 
43 149 
142 233 
194 56 
37 227 
13 209 
4 183 
131 138 
13 201 
158 254 
9 189 
95 173 
78 178 
206 119 
32 199 
189 48 
95 242 
68 168 
143 104 
187 35 
224 108 
247 5 
83 169 
165 28 
236 42 
245 49 
86 226 
201 11 
142 248 
233 20 
224 111 
30 133 
105 247 
31 209 
255 0 
182 20 
228 36 
156 244 
42 214 
183 120 
220 11 
170 46 
11 205 
46 114 
148 255 
93 75 
255 4 
70 153 
10 183 
140 75 
240 106 
179 23 
95 176 
225 102 
65 85 
90 61 
245 24 
109 239 
49 192 
171 248 
196 25 
155 246 
221 59 
125 226 
250 18 
151 107 
248 23 
114 179 
136 116 
149 255 
225 110 
220 105 
93 172 
221 64 
154 255 
208 68 
225 75 
175 28 
12 151 
232 84 
85 125 
50 206 
213 85 
111 47 
242 57 
82 66 
129 46 
159 252 
140 243 
188 255 
149 228 
55 222 
50 159 
150 42 
110 110 
0 172 
191 255 
32 214 
212 67 
69 161 
129 217 
133 227 
54 116 
182 124 
232 102 
222 112 
63 193 
80 195 
175 66 
67 82 
228 91 
191 62 
58 129 
59 163 
207 115 
87 159 
203 23 
117 238 
120 86 
59 169 
80 169 
178 31 
142 255 
1 188 
20 216 
107 158 
38 166 
142 114 
180 44 
74 189 
16 201 
17 160 
17 182 
181 115 
70 92 
204 21 
236 11 
165 39 
118 156 
155 133 
207 77 
75 187 
53 180 
99 226 
8 204 
111 234 
189 90 
30 210 
63 139 
119 142 
142 237 
56 134 
223 73 
60 154 
93 216 
45 98 
27 208 
229 108 
218 77 
137 227 
156 230 
33 173 
19 207 
132 126 
156 32 
146 115 
100 164 
234 80 
58 207 
33 204 
200 68 
72 104 
106 59 
197 107 
168 235 
134 232 
110 48 
114 46 
177 130 
220 123 
53 90 
108 141 
9 201 
25 145 
237 73 
114 186 
111 47 
161 231 
46 207 
222 53 
108 225 
122 238 
222 80 
212 87 
234 30 
184 37 
77 68 
18 209 
214 80 
42 159 
4 197 
114 239 
119 253 
15 160 
112 99 
155 90 
166 250 
241 74 
49 177 
53 119 
198 114 
235 106 
44 219 
179 24 
227 40 
211 55 
69 125 
241 35 
78 142 
72 159 
192 18 
199 139 
93 61 
154 255 
255 1 
255 2 
79 68 
120 138 
67 171 
184 36 
56 148 
197 117 
178 49 
102 148 
124 56 
249 43 
130 88 
26 196 
243 71 
235 121 
227 45 
124 225 
81 64 
64 121 
17 194 
226 94 
216 126 
158 236 
202 19 
66 76 
55 94 
194 52 
55 103 
8 194 
199 19 
255 1 
144 121 
167 76 
8 180 
97 129 
164 230 
84 83 
176 250 
179 123 
255 17 
84 232 
29 212 
195 119 
124 48 
181 255 
67 203 
1 188 
117 49 
3 176 
110 156 
32 221 
212 125 
33 225 
25 172 
228 23 
161 115 
236 21 
25 166 
120 178 
215 73 
115 247 
255 3 
25 203 
221 9 
159 245 
225 99 
89 151 
144 255 
49 180 
128 202 
160 255 
11 168 
38 210 
77 161 
208 86 
157 229 
236 111 
202 27 
10 204 
188 116 
180 255 
250 19 
16 151 
222 21 
68 90 
217 75 
17 214 
227 105 
231 129 
36 146 
173 41 
7 204 
66 151 
241 7 
245 58 
173 50 
213 118 
52 152 
208 96 
197 48 
99 242 
14 213 
97 223 
113 242 
168 41 
12 191 
94 59 
64 184 
239 31 
243 101 
172 26 
240 32 
255 4 
145 255 
5 194 
147 34 
91 142 
81 91 
77 72 
178 117 
147 84 
229 25 
247 33 
56 97 
113 46 
83 119 
111 207 
202 75 
172 89 
217 129 
92 59 
0 184 
193 38 
143 224 
116 145 
207 38 
254 6 
228 102 
94 228 
136 108 
166 238 
116 45 
221 11 
243 33 
87 138 
207 65 
134 229 
203 41 
187 122 
90 82 
14 200 
11 198 
185 49 
22 200 
209 130 
52 221 
232 109 
0 173 
215 12 
247 33 
1 185 
144 226 
101 135 
63 81 
43 196 
11 208 
23 205 
41 204 
80 165 
35 218 
219 14 
110 55 
202 103 
172 53 
53 194 
254 6 
137 117 
128 101 
72 107 
220 12 
16 146 
66 138 
143 235 
152 255 
179 24 
160 29 
84 106 
208 60 
47 202 
200 60 
217 83 
76 99 
243 59 
77 70 
18 209 
125 148 
70 208 
117 98 
173 127 
23 191 
145 36 
28 133 
67 93 
66 103 
53 107 
61 140 
242 36 
169 103 
6 201 
5 174 
33 210 
54 89 
5 173 
56 139 
30 191 
97 169 
254 9 
26 216 
206 87 
94 179 
164 255 
197 141 
58 216 
164 248 
144 255 
70 142 
228 24 
181 93 
89 170 
26 140 
79 173 
183 121 
10 200 
233 81 
54 121 
172 119 
83 64 
75 102 
157 44 
91 62 
91 227 
78 157 
255 6 
139 227 
240 14 
224 26 
251 5 
36 161 
74 178 
15 164 
122 188 
131 255 
58 141 
31 206 
203 96 
75 86 
187 111 
35 122 
233 111 
212 27 
56 206 
109 215 
88 233 
184 113 
0 182 
246 59 
162 248 
172 124 
122 204 
213 36 
253 6 
250 9 
175 21 
46 146 
155 255 
91 151 
40 184 
10 169 
103 161 
32 190 
89 156 
132 113 
208 89 
63 127 
80 223 
240 56 
238 29 
9 153 
73 93 
13 204 
246 51 
248 22 
158 33 
223 22 
229 129 
126 209 
119 49 
86 228 
241 20 
221 88 
107 240 
101 164 
158 35 
158 232 
234 45 
199 100 
37 108 
133 137 
228 36 
153 249 
165 108 
162 30 
255 5 
144 117 
48 172 
158 254 
231 97 
115 197 
191 122 
165 254 
51 116 
92 133 
61 219 
49 218 
61 127 
143 245 
22 202 
214 70 
225 105 
255 2 
202 131 
24 166 
145 46 
77 77 
204 83 
159 255 
219 85 
29 190 
210 13 
57 166 
253 5 
4 172 
186 19 
216 114 
55 112 
147 48 
173 120 
110 142 
45 166 
156 252 
246 42 
82 169 
160 79 
113 157 
229 108 
228 35 
10 156 
18 188 
132 222 
32 137 
110 148 
60 195 
238 41 
47 181 
29 166 
36 152 
38 205 
179 66 
92 231 
42 205 
233 73 
177 41 
161 98 
112 151 
165 240 
210 33 
58 210 
255 0 
144 255 
17 203 
118 234 
231 72 
76 225 
140 231 
3 170 
87 182 
127 184 
132 209 
157 246 
109 247 
123 117 
186 45 
96 102 
101 169 
138 66 
52 184 
174 40 
155 127 
162 48 
128 113 
95 88 
188 33 
37 219 
255 9 
25 198 
122 132 
243 104 
15 198 
123 162 
110 153 
146 238 
98 171 
183 123 
90 192 
0 175 
187 93 
133 81 
10 208 
185 47 
21 211 
40 104 
117 207 
163 92 
97 243 
31 214 
136 234 
92 172 
67 140 
13 142 
140 225 
141 93 
232 78 
18 207 
34 198 
43 130 
104 235 
116 250 
193 18 
205 128 
101 174 
190 52 
205 18 
232 106 
56 198 
245 21 
99 242 
141 111 
2 169 
81 173 
123 55 
142 40 
21 184 
175 26 
105 52 
236 84 
245 10 
167 30 
142 234 
203 37 
29 139 
157 255 
185 87 
234 60 
224 123 
34 160 
204 134 
101 243 
241 78 
103 237 
36 191 
163 100 
149 70 
135 239 
199 109 
89 154 
181 48 
143 246 
222 71 
214 85 
84 162 
120 51 
246 41 
140 255 
131 179 
224 71 
216 28 
207 37 
121 65 
191 95 
54 224 
77 100 
242 101 
107 193 
42 220 
49 154 
72 83 
214 67 
146 249 
249 17 
16 191 
168 239 
249 10 
24 157 
210 87 
83 65 
148 247 
230 88 
164 39 
137 225 
184 115 
114 243 
235 102 
247 37 
196 17 
118 142 
214 71 
149 102 
27 214 
93 148 
181 32 
227 15 
97 68 
8 201 
33 153 
66 176 
249 15 
51 91 
192 30 
165 251 
136 244 
7 149 
237 104 
25 192 
141 255 
233 65 
135 234 
244 17 
111 154 
7 187 
53 191 
91 163 
84 148 
233 76 
74 174 
169 255 
199 111 
29 173 
251 10 
73 168 
83 101 
198 58 
245 51 
17 147 
82 147 
196 33 
210 81 
175 255 
199 19 
219 44 
143 70 
23 193 
2 175 
195 136 
97 210 
238 91 
62 217 
199 61 
141 230 
248 23 
147 94 
72 181 
230 109 
222 102 
31 215 
208 126 
203 120 
124 233 
206 82 
135 194 
59 174 
134 52 
148 255 
4 197 
169 255 
218 21 
239 26 
226 116 
176 25 
100 54 
102 95 
182 77 
139 85 
212 82 
233 94 
88 82 
203 71 
255 0 
34 205 
98 55 
253 7 
52 120 
38 208 
125 191 
224 105 
25 215 
216 74 
78 68 
255 1 
160 31 
241 27 
180 45 
36 202 
9 147 
102 240 
28 187 
169 242 
104 238 
30 120 
90 172 
46 144 
71 90 
119 171 
160 254 
17 140 
120 180 
167 238 
120 204 
0 169 
243 41 
255 15 
233 108 
235 44 
253 10 
20 170 
137 255 
135 219 
31 114 
189 105 
90 166 
197 127 
253 6 
195 49 
235 91 
164 253 
206 9 
95 57 
96 217 
221 74 
47 159 
16 210 
187 55 
255 18 
167 248 
62 91 
44 212 
69 205 
208 29 
39 178 
255 7 
21 203 
240 31 
204 116 
44 165 
121 232 
47 117 
124 131 
104 167 
240 59 
41 165 
208 122 
156 245 
35 147 
31 199 
185 51 
241 55 
36 206 
56 182 
111 150 
114 46 
237 31 
74 187 
3 156 
205 31 
87 106 
140 40 
208 70 
155 255 
144 128 
16 204 
77 221 
221 73 
238 83 
31 178 
236 32 
99 239 
30 226 
172 243 
71 86 
253 7 
60 150 
227 13 
34 216 
43 202 
132 87 
238 53 
32 139 
8 195 
95 165 
129 213 
227 23 
62 116 
119 63 
196 54 
213 14 
11 190 
232 92 
238 109 
175 54 
108 225 
113 47 
80 220 
136 69 
24 215 
183 42 
61 84 
150 245 
22 178 
37 150 
57 157 
110 149 
198 116 
167 28 
195 53 
55 87 
72 152 
1 191 
72 161 
44 230 
88 149 
153 99 
168 27 
251 12 
230 92 
237 88 
189 61 
202 72 
71 210 
203 76 
104 247 
175 245 
216 67 
99 150 
131 250 
164 29 
159 97 
73 143 
245 89 
12 156 
106 154 
137 105 
216 95 
251 6 
192 45 
46 123 
31 204 
245 14 
104 63 
176 21 
232 94 
110 167 
73 71 
129 237 
185 34 
72 191 
37 186 
201 16 
232 113 
151 134 
17 152 
50 174 
195 42 
217 69 
201 107 
230 77 
161 255 
179 120 
194 122 
118 231 
203 127 
20 215 
188 54 
216 82 
134 255 
118 75 
122 178 
255 1 
51 155 
43 184 
82 208 
121 78 
130 241 
8 148 
108 82 
86 107 
221 137 
223 93 
224 116 
211 26 
128 88 
103 224 
196 20 
146 247 
88 61 
82 224 
178 106 
147 146 
226 36 
182 22 
192 122 
59 187 
71 80 
127 222 
135 227 
42 191 
206 37 
28 137 
173 27 
66 196 
233 100 
146 234 
10 187 
202 17 
178 26 
241 41 
19 214 
60 152 
105 82 
27 199 
28 214 
26 179 
173 49 
24 157 
202 84 
57 217 
59 93 
127 240 
84 144 
51 135 
133 38 
27 161 
211 72 
162 77 
113 60 
66 166 
63 213 
61 88 
241 16 
41 229 
210 98 
241 22 
136 74 
255 6 
102 227 
155 252 
47 194 
129 222 
189 70 
57 166 
81 89 
132 176 
53 169 
45 198 
190 112 
127 54 
215 110 
96 135 
199 63 
176 115 
255 4 
22 216 
58 83 
6 151 
164 242 
147 255 
255 5 
248 44 
102 148 
251 10 
111 48 
212 29 
16 210 
33 226 
91 182 
193 72 
20 167 
106 167 
158 132 
227 9 
218 126 
236 105 
51 151 
43 157 
52 164 
14 180 
123 253 
231 127 
206 57 
82 185 
53 100 
100 162 
186 36 
177 121 
244 34 
182 122 
108 190 
102 69 
247 33 
168 237 
67 118 
98 189 
242 96 
85 194 
44 208 
215 63 
149 249 
78 117 
232 44 
107 161 
215 71 
202 61 
131 130 
94 151 
134 54 
188 22 
229 97 
154 53 
74 208 
0 169 
196 12 
180 40 
27 130 
237 30 
94 105 
224 26 
176 255 
40 188 
143 117 
250 4 
124 106 
89 162 
56 165 
31 113 
139 226 
88 63 
106 203 
29 158 
157 252 
21 217 
108 196 
155 255 
231 20 
6 195 
66 142 
178 45 
100 220 
181 255 
12 211 
108 230 
75 150 
114 192 
134 157 
61 93 
22 219 
42 177 
125 236 
215 27 
40 224 
37 144 
222 130 
142 79 
79 136 
135 225 
215 69 
45 155 
131 227 
163 78 
86 167 
153 255 
101 58 
93 239 
151 114 
133 224 
83 132 
177 113 
255 5 
197 48 
159 239 
170 124 
148 234 
185 61 
205 55 
92 114 
182 27 
21 192 
232 102 
154 31 
60 84 
163 28 
187 32 
8 193 
26 174 
148 232 
235 59 
191 47 
36 204 
151 117 
138 38 
253 21 
255 6 
182 19 
82 149 
120 233 
73 145 
105 241 
189 124 
17 206 
137 221 
44 175 
135 255 
244 100 
180 255 
171 34 
248 27 
186 101 
212 91 
179 128 
149 251 
49 200 
229 118 
95 241 
53 138 
46 96 
31 203 
74 73 
69 149 
57 150 
116 203 
15 157 
68 121 
163 232 
216 27 
89 237 
197 56 
93 176 
182 255 
96 166 
141 35 
93 237 
207 17 
17 156 
167 39 
133 226 
201 100 
135 181 
232 114 
27 184 
153 250 
196 32 
220 11 
235 42 
10 161 
250 12 
137 237 
90 63 
128 85 
156 250 
218 80 
21 208 
175 96 
34 166 
232 37 
197 106 
211 109 
100 244 
89 137 
132 81 
241 65 
139 243 
3 194 
239 97 
56 181 
51 214 
200 20 
87 79 
11 209 
105 141 
159 246 
103 247 
215 13 
151 251 
204 35 
51 198 
32 213 
82 65 
193 88 
250 12 
137 233 
143 49 
218 72 
71 133 
49 187 
111 135 
186 79 
73 72 
7 170 
95 145 
126 53 
69 171 
52 170 
174 122 
125 43 
129 232 
72 82 
236 97 
91 238 
26 223 
255 0 
231 39 
146 255 
107 89 
185 75 
131 224 
86 141 
65 87 
211 46 
14 194 
130 164 
63 112 
11 153 
88 61 
153 244 
215 99 
55 86 
115 206 
31 179 
36 228 
233 62 
91 145 
80 66 
173 236 
250 5 
235 17 
131 231 
139 89 
149 239 
128 233 
254 7 
145 236 
157 133 
246 50 
4 197 
58 222 
65 169 
130 112 
113 182 
103 111 
94 159 
255 4 
13 209 
92 235 
92 63 
100 54 
21 186 
205 30 
242 18 
137 229 
81 146 
116 49 
203 69 
30 174 
228 25 
213 135 
90 132 
62 123 
3 155 
120 43 
29 176 
85 122 
174 50 
15 199 
51 145 
21 198 
121 211 
121 239 
204 91 
49 171 
23 220 
23 216 
195 12 
160 125 
141 245 
148 231 
9 189 
146 233 
51 218 
182 44 
126 174 
91 156 
207 39 
34 224 
186 103 
63 155 
198 65 
139 249 
206 69 
198 42 
217 34 
247 32 
53 186 
58 86 
68 182 
62 185 
105 165 
14 147 
200 17 
187 32 
80 68 
16 171 
191 15 
152 248 
237 33 
106 53 
120 252 
125 42 
185 121 
73 142 
118 222 
18 137 
118 50 
230 46 
215 88 
115 45 
229 103 
90 175 
143 225 
252 10 
255 0 
107 163 
145 255 
123 235 
112 149 
185 71 
69 200 
190 118 
132 237 
112 195 
5 199 
209 119 
162 120 
247 36 
77 69 
72 115 
47 96 
137 184 
221 87 
205 73 
63 186 
82 136 
168 233 
73 170 
128 192 
189 120 
29 224 
145 70 
105 54 
189 98 
101 56 
128 231 
86 63 
80 160 
195 50 
44 208 
42 180 
18 189 
255 3 
255 3 
183 50 
69 95 
250 10 
255 6 
162 249 
146 255 
189 129 
10 191 
46 231 
81 134 
101 244 
48 232 
215 29 
63 89 
28 200 
26 205 
242 58 
221 93 
25 192 
106 51 
105 111 
177 124 
40 173 
153 104 
118 147 
61 179 
68 78 
129 43 
120 49 
81 160 
170 254 
16 163 
255 9 
81 144 
93 162 
255 4 
107 159 
201 77 
206 9 
65 143 
21 210 
94 96 
53 154 
33 199 
43 142 
109 245 
81 189 
165 103 
116 246 
154 255 
229 86 
223 106 
244 43 
237 93 
136 255 
183 46 
210 76 
170 56 
26 122 
238 112 
205 136 
243 6 
68 98 
68 75 
64 179 
157 245 
45 146 
190 19 
238 35 
188 92 
244 51 
138 229 
33 178 
46 213 
170 24 
205 65 
149 239 
45 178 
49 93 
178 128 
206 19 
197 68 
96 226 
205 17 
233 56 
200 71 
59 115 
88 123 
78 110 
223 73 
236 99 
255 2 
183 38 
150 47 
55 118 
121 145 
128 255 
107 129 
245 46 
73 154 
66 119 
58 126 
114 80 
241 40 
13 211 
106 225 
166 253 
255 2 
117 62 
238 115 
197 20 
25 210 
115 50 
96 58 
247 30 
242 95 
172 112 
135 227 
155 121 
60 89 
34 133 
164 28 
163 230 
37 211 
50 194 
225 109 
154 45 
124 210 
243 48 
254 8 
71 213 
211 16 
54 134 
101 239 
135 61 
145 226 
181 58 
206 131 
162 92 
255 3 
152 248 
223 25 
9 203 
86 234 
242 59 
15 173 
172 98 
44 203 
59 147 
158 254 
43 222 
183 21 
23 201 
240 45 
15 215 
55 223 
133 212 
41 166 
250 12 
189 43 
245 56 
140 39 
227 87 
228 108 
32 183 
123 141 
45 151 
219 89 
193 138 
152 255 
136 206 
24 213 
204 127 
77 84 
121 251 
172 49 
52 217 
45 229 
191 24 
188 52 
26 191 
116 147 
228 28 
118 80 
101 103 
169 39 
154 255 
129 255 
102 204 
255 8 
141 56 
184 244 
97 181 
34 221 
73 188 
161 255 
139 111 
213 79 
115 144 
180 54 
53 227 
109 63 
229 122 
71 183 
218 26 
64 197 
178 122 
210 10 
194 19 
80 147 
39 183 
122 131 
214 87 
236 107 
223 104 
19 189 
19 193 
155 101 
137 197 
14 201 
14 170 
214 28 
255 1 
249 11 
145 228 
147 236 
212 75 
66 214 
18 166 
179 132 
130 39 
136 237 
202 92 
179 56 
115 171 
138 245 
220 127 
136 91 
90 109 
28 224 
121 76 
40 212 
97 237 
138 97 
53 91 
19 205 
37 215 
222 99 
253 6 
210 79 
243 98 
230 12 
193 122 
17 211 
165 241 
230 84 
50 146 
121 184 
30 134 
190 33 
68 188 
180 24 
255 11 
78 93 
210 10 
62 107 
213 106 
104 174 
204 46 
178 112 
246 56 
252 7 
116 52 
106 50 
24 181 
233 88 
50 95 
38 220 
97 244 
167 77 
80 75 
169 251 
32 156 
18 157 
198 42 
193 13 
201 122 
155 229 
96 78 
26 191 
57 175 
125 202 
146 118 
51 138 
203 78 
182 132 
40 212 
92 61 
39 217 
238 56 
217 14 
81 103 
244 44 
18 195 
161 236 
143 242 
28 222 
27 189 
250 19 
202 57 
150 254 
36 211 
84 64 
75 143 
38 133 
237 70 
173 94 
19 199 
37 147 
225 61 
23 210 
20 145 
43 104 
126 254 
227 131 
239 18 
154 123 
15 163 
139 229 
2 195 
112 248 
200 78 
161 255 
74 186 
150 85 
175 109 
21 158 
255 1 
163 255 
234 111 
194 32 
29 168 
113 163 
187 128 
133 134 
211 101 
213 40 
235 19 
183 124 
39 211 
112 246 
252 5 
224 81 
211 24 
133 229 
4 193 
179 127 
106 243 
194 68 
50 117 
71 205 
104 174 
158 233 
31 188 
88 65 
59 175 
199 119 
215 69 
241 74 
88 122 
1 183 
144 247 
136 225 
228 44 
172 48 
181 245 
186 104 
180 52 
251 6 
108 147 
167 255 
96 183 
177 131 
76 101 
179 24 
181 104 
161 89 
255 2 
232 19 
244 57 
209 19 
222 125 
83 142 
251 8 
117 90 
185 28 
89 81 
247 29 
63 219 
138 190 
205 84 
59 157 
79 185 
21 212 
70 85 
174 249 
52 137 
155 245 
123 244 
22 132 
45 144 
171 123 
168 41 
71 77 
104 58 
196 132 
56 197 
70 139 
235 9 
219 119 
149 250 
106 102 
233 118 
157 110 
151 33 
195 137 
228 43 
242 87 
129 57 
183 43 
122 234 
6 171 
156 255 
26 202 
40 190 
254 9 
90 158 
217 135 
16 196 
84 147 
40 224 
52 205 
236 20 
171 24 
84 130 
56 145 
193 118 
3 195 
250 4 
176 22 
28 146 
211 36 
22 213 
199 53 
159 241 
115 149 
211 29 
79 219 
149 132 
202 114 
57 126 
174 243 
98 240 
255 0 
234 99 
173 251 
56 218 
12 143 
218 73 
241 53 
112 149 
128 253 
91 177 
39 153 
37 175 
169 255 
112 212 
12 144 
238 42 
255 3 
144 125 
248 39 
11 176 
251 15 
241 104 
109 240 
215 115 
128 218 
196 34 
157 117 
145 255 
219 128 
224 91 
177 241 
24 213 
100 145 
157 42 
137 229 
231 109 
233 42 
28 218 
139 245 
141 228 
169 108 
175 27 
78 166 
245 60 
102 55 
175 255 
154 252 
35 139 
250 8 
102 172 
223 121 
201 117 
138 117 
137 132 
46 125 
205 22 
65 129 
178 127 
138 219 
118 177 
147 82 
30 152 
10 159 
212 14 
48 155 
32 163 
145 236 
221 119 
83 127 
147 255 
166 30 
68 198 
242 66 
140 223 
172 48 
76 105 
43 150 
137 243 
78 139 
245 16 
251 4 
190 16 
134 237 
58 181 
98 57 
100 179 
203 133 
80 221 
24 193 
30 215 
79 74 
220 95 
201 82 
164 233 
230 22 
255 21 
57 103 
170 95 
222 25 
255 3 
18 175 
96 195 
36 209 
1 186 
104 123 
217 67 
180 30 
133 246 
37 201 
153 45 
195 66 
218 57 
186 77 
92 189 
130 127 
171 27 
234 120 
123 231 
32 159 
192 47 
53 206 
7 167 
210 109 
231 49 
12 143 
221 9 
229 94 
47 152 
167 243 
186 106 
239 94 
106 173 
120 215 
35 214 
141 38 
193 35 
45 185 
252 3 
10 203 
34 196 
230 78 
78 184 
248 21 
221 27 
221 27 
200 46 
6 169 
43 207 
156 38 
8 155 
228 89 
54 140 
101 243 
47 161 
41 208 
56 154 
212 132 
227 113 
99 236 
64 181 
153 252 
189 98 
93 129 
85 156 
158 120 
32 226 
195 73 
196 122 
48 142 
229 36 
192 55 
254 10 
255 0 
184 23 
154 136 
151 118 
208 54 
69 214 
94 186 
126 155 
28 119 
124 141 
107 134 
219 139 
251 10 
7 164 
184 91 
13 172 
57 205 
116 253 
67 109 
255 13 
242 50 
255 11 
244 18 
8 176 
127 207 
52 168 
64 175 
86 147 
153 255 
71 176 
206 62 
217 47 
98 149 
205 74 
25 196 
193 55 
18 212 
0 177 
124 229 
50 211 
124 223 
81 97 
192 13 
5 159 
75 90 
30 197 
185 44 
3 158 
47 177 
70 182 
193 135 
102 160 
74 130 
252 8 
165 77 
190 129 
136 226 
165 231 
123 254 
161 250 
74 161 
225 131 
48 228 
51 177 
44 189 
159 30 
233 21 
178 40 
160 251 
41 174 
204 32 
110 176 
146 227 
112 72 
131 239 
75 139 
106 172 
214 58 
69 174 
227 33 
12 211 
4 153 
166 241 
45 158 
150 255 
137 195 
66 106 
174 25 
58 151 
51 199 
145 246 
248 52 
210 116 
110 146 
86 69 
229 65 
173 99 
112 51 
13 201 
195 70 
98 58 
252 5 
183 255 
194 111 
14 202 
202 94 
198 15 
114 88 
96 93 
34 212 
89 181 
27 156 
176 114 
171 248 
226 133 
21 200 
170 75 
74 183 
219 82 
40 198 
50 175 
150 238 
115 125 
108 243 
102 54 
131 228 
3 184 
46 168 
85 63 
28 139 
20 155 
92 159 
239 110 
79 74 
197 13 
170 252 
204 63 
18 200 
94 153 
57 118 
157 43 
175 27 
110 244 
84 153 
98 159 
142 224 
99 152 
50 105 
187 79 
88 196 
78 101 
160 30 
252 6 
19 177 
5 198 
159 130 
201 15 
148 241 
0 175 
108 176 
104 239 
64 155 
215 71 
59 190 
36 212 
6 199 
190 92 
63 202 
7 204 
33 158 
219 135 
47 232 
223 103 
135 67 
218 137 
38 143 
4 153 
112 90 
77 150 
62 160 
71 99 
218 56 
113 46 
40 206 
116 148 
73 150 
21 220 
140 240 
181 69 
25 137 
114 216 
1 173 
242 45 
57 178 
41 102 
177 100 
76 75 
155 59 
159 84 
1 160 
180 118 
22 202 
20 182 
167 255 
37 192 
131 96 
148 229 
105 53 
236 80 
188 109 
98 54 
100 53 
167 235 
20 153 
50 179 
173 255 
157 255 
250 16 
238 55 
29 143 
5 200 
58 170 
219 37 
68 85 
100 182 
150 68 
232 64 
12 171 
234 106 
98 137 
85 62 
42 190 
175 50 
56 85 
86 64 
3 166 
171 240 
187 120 
156 35 
234 22 
136 133 
247 7 
10 196 
207 88 
183 116 
116 251 
189 47 
198 61 
86 65 
130 244 
254 9 
46 193 
90 229 
229 36 
146 241 
33 205 
73 99 
217 115 
191 126 
30 218 
103 239 
11 206 
124 136 
64 92 
252 9 
160 113 
245 57 
33 168 
104 151 
239 76 
186 118 
108 51 
40 196 
127 61 
132 163 
111 146 
103 196 
228 118 
51 174 
83 140 
226 122 
6 185 
192 54 
61 85 
122 69 
127 220 
79 135 
88 235 
253 11 
72 135 
126 253 
154 255 
81 64 
41 147 
92 58 
80 229 
202 30 
176 31 
255 2 
187 105 
95 241 
111 138 
227 134 
159 253 
128 235 
199 28 
180 69 
109 53 
131 121 
153 32 
168 237 
36 177 
100 239 
203 139 
114 250 
119 131 
109 242 
46 97 
130 189 
29 181 
74 99 
250 11 
152 251 
33 195 
115 90 
138 212 
115 156 
207 122 
150 253 
126 238 
209 123 
206 133 
192 53 
194 140 
197 32 
119 190 
224 26 
116 142 
108 204 
117 237 
177 248 
168 120 
181 60 
41 219 
178 115 
49 202 
112 223 
9 147 
94 157 
161 33 
247 12 
255 2 
87 62 
200 126 
106 245 
167 127 
162 251 
188 131 
207 143 
90 148 
230 100 
35 222 
138 76 
135 102 
105 226 
27 205 
171 85 
175 66 
119 232 
60 218 
77 140 
60 207 
165 250 
169 28 
153 255 
234 36 
20 192 
105 200 
230 30 
95 81 
108 239 
196 129 
251 9 
118 251 
185 23 
231 9 
234 111 
153 127 
65 91 
220 49 
239 67 
35 155 
197 59 
97 155 
162 242 
157 231 
64 132 
53 129 
255 7 
87 223 
67 136 
255 3 
236 45 
212 48 
35 141 
165 243 
104 159 
87 92 
205 43 
152 246 
134 216 
55 194 
255 22 
7 174 
165 251 
165 91 
113 47 
198 96 
240 93 
62 204 
207 141 
152 34 
40 208 
154 250 
239 104 
21 135 
252 12 
109 55 
168 87 
243 95 
164 255 
245 24 
246 37 
152 228 
176 62 
10 155 
155 234 
142 38 
216 12 
150 255 
84 63 
241 55 
43 230 
178 24 
22 205 
83 138 
207 17 
195 108 
219 23 
103 96 
89 177 
44 180 
172 40 
226 63 
160 233 
209 142 
123 232 
73 170 
248 14 
116 131 
184 132 
222 46 
253 7 
50 228 
26 176 
11 167 
86 110 
39 156 
220 30 
11 206 
13 181 
215 13 
217 131 
78 67 
49 164 
16 215 
81 156 
59 100 
96 79 
38 187 
255 4 
87 62 
226 73 
221 108 
164 29 
96 74 
26 144 
68 150 
143 108 
148 58 
174 255 
97 158 
112 125 
183 38 
189 35 
15 162 
242 32 
128 91 
235 33 
27 168 
142 249 
76 72 
65 223 
42 153 
255 1 
42 139 
206 112 
106 50 
119 50 
34 115 
173 36 
56 221 
11 202 
120 158 
228 115 
2 161 
255 14 
252 6 
146 229 
68 133 
221 67 
189 35 
36 129 
149 230 
130 209 
219 117 
199 67 
153 253 
11 197 
253 5 
52 110 
89 61 
119 52 
66 89 
84 65 
235 47 
98 89 
179 127 
237 39 
255 11 
159 249 
100 54 
24 151 
231 115 
246 95 
180 110 
92 99 
146 232 
154 254 
5 192 
239 65 
206 72 
29 220 
74 71 
194 51 
16 206 
35 207 
58 100 
207 38 
220 66 
127 145 
217 90 
51 172 
248 18 
255 16 
17 209 
118 197 
136 227 
148 255 
88 121 
156 253 
42 99 
8 168 
167 125 
106 50 
211 52 
106 148 
83 145 
117 134 
4 173 
149 36 
44 171 
67 153 
122 43 
107 241 
80 154 
179 49 
166 236 
173 117 
157 255 
1 185 
110 152 
71 106 
155 87 
49 94 
215 68 
222 96 
182 249 
255 3 
74 183 
197 112 
25 200 
119 242 
14 202 
160 247 
183 134 
163 80 
11 183 
63 206 
0 179 
237 102 
147 236 
75 107 
156 81 
110 247 
115 83 
246 97 
192 41 
8 162 
137 242 
113 249 
193 111 
160 108 
186 137 
144 246 
6 203 
173 255 
211 140 
116 165 
10 195 
95 211 
71 140 
194 13 
91 59 
3 164 
117 252 
182 127 
106 241 
176 32 
225 119 
148 252 
172 249 
135 242 
255 11 
71 73 
95 56 
130 225 
163 29 
255 3 
145 253 
109 249 
210 14 
67 193 
126 228 
166 255 
105 52 
100 54 
76 118 
224 71 
89 99 
205 59 
140 40 
223 34 
160 105 
171 26 
193 70 
7 161 
57 178 
150 73 
184 131 
65 174 
17 136 
255 11 
161 100 
118 233 
101 155 
255 7 
104 163 
151 249 
0 176 
127 80 
209 85 
118 185 
22 221 
237 42 
155 248 
35 109 
247 15 
249 13 
114 96 
59 107 
82 223 
193 53 
70 165 
111 167 
48 187 
138 82 
144 228 
167 235 
224 101 
92 150 
91 234 
242 92 
56 156 
88 93 
189 27 
188 18 
24 125 
1 178 
175 101 
54 195 
253 8 
59 128 
203 29 
82 66 
40 216 
130 212 
130 128 
86 129 
67 180 
92 60 
245 24 
79 178 
80 68 
169 114 
166 106 
23 132 
224 137 
210 66 
113 88 
231 100 
224 12 
121 127 
167 247 
101 146 
196 19 
168 33 
143 251 
233 101 
65 112 
1 173 
79 176 
238 95 
16 204 
16 196 
159 235 
36 222 
56 179 
62 133 
200 43 
71 147 
32 222 
18 171 
129 252 
132 255 
145 235 
54 165 
41 151 
220 139 
174 33 
159 232 
152 255 
158 255 
88 164 
142 246 
250 9 
170 250 
248 15 
46 114 
42 193 
120 92 
255 7 
49 140 
82 64 
87 178 
207 50 
115 249 
12 199 
94 174 
43 146 
255 2 
252 5 
30 146 
75 214 
150 129 
255 7 
145 226 
252 13 
72 76 
218 110 
180 123 
35 184 
248 23 
245 87 
94 221 
101 86 
75 72 
218 70 
58 217 
223 10 
218 76 
123 198 
5 201 
173 250 
84 200 
130 180 
120 211 
202 11 
44 148 
164 29 
242 80 
211 89 
132 242 
65 151 
60 144 
22 183 
128 177 
61 143 
68 76 
171 255 
126 109 
66 125 
42 189 
196 40 
240 80 
69 141 
121 73 
6 197 
11 209 
139 240 
213 68 
79 140 
126 231 
99 176 
209 28 
64 203 
178 255 
235 25 
88 70 
156 231 
165 98 
212 94 
255 8 
195 49 
211 96 
242 31 
40 144 
186 50 
88 190 
213 12 
255 0 
14 177 
4 189 
201 74 
60 130 
72 74 
255 4 
174 100 
225 24 
255 2 
123 236 
219 40 
98 162 
51 218 
253 8 
63 180 
85 134 
240 89 
81 159 
169 59 
177 255 
8 150 
63 219 
102 230 
73 180 
166 115 
219 74 
90 230 
13 142 
203 135 
236 24 
231 117 
35 185 
131 255 
66 77 
9 166 
46 144 
210 83 
77 80 
48 144 
7 184 
62 80 
205 108 
78 225 
214 119 
76 72 
86 154 
118 250 
230 27 
255 2 
228 22 
133 185 
86 62 
129 39 
47 204 
35 210 
234 32 
82 164 
65 135 
45 154 
248 43 
104 186 
89 130 
255 2 
50 142 
38 170 
88 82 
85 63 
216 11 
57 136 
229 71 
234 35 
21 170 
171 237 
170 88 
190 76 
114 48 
45 167 
26 188 
70 141 
253 9 
54 153 
119 254 
151 244 
125 220 
138 132 
6 202 
148 158 
159 92 
66 77 
18 197 
130 184 
55 91 
255 1 
4 175 
137 255 
134 223 
2 191 
70 154 
62 201 
203 38 
225 71 
90 93 
41 206 
87 95 
244 61 
174 97 
139 191 
58 138 
76 146 
236 83 
55 137 
114 46 
52 90 
140 129 
64 114 
231 29 
12 192 
99 83 
90 152 
253 5 
144 110 
194 138 
255 4 
171 255 
0 178 
65 178 
48 130 
25 218 
196 47 
104 159 
104 51 
212 28 
33 218 
122 44 
209 68 
195 112 
208 60 
26 223 
176 91 
27 224 
201 81 
43 115 
176 29 
2 186 
7 199 
94 190 
7 167 
255 16 
54 130 
113 55 
108 221 
102 57 
157 76 
240 55 
13 211 
98 230 
186 53 
32 187 
5 190 
156 31 
219 112 
10 165 
136 255 
42 181 
180 39 
189 31 
184 255 
129 75 
96 58 
190 15 
255 1 
70 199 
255 1 
49 181 
69 101 
80 83 
218 69 
253 8 
163 31 
255 3 
241 32 
239 102 
70 75 
103 246 
239 44 
53 169 
239 25 
193 33 
48 190 
23 209 
33 113 
96 238 
102 113 
2 157 
223 136 
36 183 
139 41 
167 231 
87 75 
67 81 
52 147 
135 255 
189 29 
255 4 
50 130 
44 181 
239 109 
124 254 
115 151 
211 85 
42 201 
249 18 
249 8 
61 113 
46 142 
156 255 
85 77 
162 255 
84 124 
212 128 
68 157 
10 170 
248 26 
131 239 
151 255 
87 161 
205 16 
210 15 
177 23 
169 25 
214 14 
185 90 
255 2 
161 255 
25 188 
160 45 
67 171 
8 152 
96 242 
97 243 
181 42 
117 233 
184 131 
173 129 
235 117 
81 66 
8 202 
2 158 
86 158 
14 164 
255 4 
120 249 
23 199 
255 1 
86 62 
13 195 
19 203 
254 7 
222 70 
181 124 
166 39 
127 222 
89 219 
9 168 
242 27 
85 147 
227 17 
188 100 
138 236 
22 185 
156 103 
131 227 
81 175 
119 182 
111 47 
255 17 
241 17 
24 196 
31 150 
34 193 
141 238 
29 201 
199 18 
95 155 
121 234 
184 136 
52 156 
7 151 
249 19 
67 121 
144 248 
216 14 
209 106 
230 22 
107 152 
168 250 
3 180 
52 141 
184 55 
176 109 
112 70 
251 12 
95 184 
252 9 
123 134 
169 50 
255 0 
130 255 
175 26 
65 183 
195 108 
61 97 
249 14 
117 94 
93 233 
113 173 
161 235 
67 102 
186 72 
44 185 
221 131 
54 204 
255 0 
3 188 
220 118 
9 191 
168 251 
100 192 
38 213 
185 59 
0 181 
214 76 
20 131 
27 133 
183 96 
120 58 
115 157 
127 255 
124 41 
134 249 
6 200 
198 45 
41 148 
243 16 
19 163 
41 203 
122 241 
232 99 
47 219 
147 247 
81 223 
154 245 
178 34 
172 48 
69 148 
107 246 
49 157 
51 156 
197 21 
192 14 
35 150 
94 93 
103 238 
4 194 
1 166 
255 5 
249 16 
34 116 
156 243 
6 201 
158 94 
176 110 
179 21 
110 170 
255 1 
87 138 
28 205 
192 17 
111 135 
148 130 
103 188 
255 15 
234 109 
72 104 
123 136 
29 194 
209 134 
88 193 
178 255 
216 39 
62 161 
70 193 
142 240 
0 172 
221 69 
48 215 
187 20 
91 238 
51 206 
55 90 
62 148 
163 95 
98 163 
140 240 
48 165 
125 221 
156 255 
99 54 
126 107 
92 60 
213 112 
135 239 
55 220 
133 94 
57 174 
139 232 
166 255 
75 100 
54 153 
255 7 
58 161 
60 216 
156 254 
229 83 
147 248 
4 153 
158 241 
95 161 
37 192 
182 49 
145 245 
141 246 
203 105 
116 45 
187 25 
12 153 
33 213 
162 83 
253 7 
48 233 
111 229 
211 17 
87 224 
249 18 
44 187 
84 98 
65 134 
224 114 
99 113 
112 238 
25 150 
200 66 
15 181 
101 97 
172 64 
28 192 
140 114 
219 35 
65 128 
151 123 
162 43 
71 186 
76 99 
39 198 
120 58 
205 76 
159 47 
93 59 
19 148 
231 104 
110 157 
87 158 
100 158 
235 79 
163 255 
166 255 
95 59 
93 189 
196 46 
7 192 
3 156 
166 86 
186 20 
102 179 
4 197 
82 132 
190 122 
8 165 
226 24 
126 125 
43 214 
137 223 
29 164 
226 32 
25 143 
141 154 
211 16 
234 43 
153 98 
209 63 
17 212 
255 3 
116 209 
123 135 
231 34 
195 19 
15 160 
160 73 
129 226 
107 244 
162 235 
56 130 
134 88 
82 81 
254 9 
214 73 
107 49 
105 87 
164 234 
220 76 
55 189 
202 63 
200 79 
176 25 
105 71 
226 28 
45 171 
209 71 
14 155 
64 195 
74 107 
255 0 
45 218 
191 130 
58 222 
149 115 
242 73 
138 223 
48 193 
187 86 
174 255 
43 182 
255 20 
141 251 
96 154 
146 34 
28 170 
75 89 
169 133 
250 4 
48 195 
102 222 
76 170 
204 121 
24 149 
107 241 
222 77 
62 150 
240 24 
246 40 
153 231 
255 3 
189 15 
142 246 
1 170 
23 222 
188 94 
44 187 
201 142 
214 25 
212 68 
44 226 
94 216 
111 201 
188 51 
255 2 
21 131 
191 139 
41 192 
246 20 
89 60 
83 64 
109 138 
39 160 
222 57 
204 81 
168 255 
31 131 
76 141 
35 165 
111 160 
61 175 
125 215 
190 55 
225 74 
255 4 
124 78 
23 208 
20 198 
134 218 
237 57 
177 128 
93 171 
163 93 
108 73 
153 255 
172 28 
225 70 
168 28 
77 124 
117 133 
216 102 
76 71 
149 228 
235 103 
248 50 
148 255 
99 58 
255 3 
58 154 
104 238 
125 236 
180 98 
254 6 
192 68 
83 154 
52 166 
199 15 
161 111 
121 253 
35 201 
124 241 
161 246 
77 159 
93 240 
145 250 
109 182 
22 220 
128 223 
229 74 
233 92 
194 47 
107 55 
80 66 
151 245 
240 53 
23 195 
18 168 
217 34 
19 152 
125 254 
60 178 
148 66 
226 85 
61 123 
251 12 
140 241 
196 51 
36 214 
199 252 
248 26 
46 139 
226 22 
125 240 
83 221 
24 187 
54 110 
119 244 
183 35 
57 199 
210 35 
85 225 
167 240 
69 154 
34 160 
108 241 
227 97 
176 117 
104 246 
61 138 
179 39 
187 26 
208 83 
194 128 
144 72 
114 143 
242 39 
188 102 
183 108 
243 51 
17 140 
244 57 
85 138 
55 144 
59 201 
10 186 
223 25 
125 137 
172 23 
202 81 
96 151 
108 144 
252 10 
240 33 
139 133 
6 198 
108 52 
38 179 
250 15 
109 126 
129 216 
136 64 
170 251 
177 126 
232 108 
5 190 
95 167 
72 94 
1 170 
246 17 
3 184 
13 155 
143 247 
196 51 
153 254 
255 12 
197 30 
201 38 
67 217 
163 107 
206 40 
255 3 
39 228 
169 255 
59 185 
20 157 
30 181 
187 16 
89 228 
178 32 
38 213 
221 25 
181 78 
121 219 
228 56 
77 170 
67 211 
247 53 
136 78 
201 44 
190 21 
154 255 
163 104 
198 79 
13 145 
146 248 
255 1 
125 169 
138 42 
94 238 
76 149 
3 164 
5 158 
182 37 
157 86 
122 252 
22 207 
120 225 
87 81 
64 212 
117 232 
229 93 
72 163 
129 170 
197 80 
179 22 
252 18 
240 98 
174 34 
71 170 
37 207 
45 205 
54 220 
43 101 
225 121 
78 228 
246 24 
230 107 
49 165 
152 255 
206 37 
255 0 
14 160 
16 185 
204 123 
159 87 
175 107 
122 216 
210 16 
107 148 
241 51 
168 77 
117 217 
7 190 
2 180 
233 87 
109 159 
119 235 
24 155 
49 191 
200 80 
200 37 
135 47 
227 67 
189 66 
9 198 
64 162 
169 39 
165 233 
215 78 
174 248 
179 21 
255 4 
64 216 
147 246 
255 11 
150 254 
181 18 
152 83 
18 217 
244 49 
254 11 
4 195 
119 54 
96 240 
111 141 
73 131 
90 209 
85 169 
176 84 
9 188 
188 80 
34 177 
127 126 
69 190 
255 5 
41 220 
209 18 
48 145 
244 23 
4 155 
14 149 
83 66 
39 146 
48 159 
177 255 
119 195 
187 44 
163 126 
213 78 
193 49 
97 176 
8 164 
33 115 
61 104 
151 96 
38 208 
95 61 
242 57 
250 10 
44 215 
78 105 
222 136 
234 65 
41 124 
53 217 
141 35 
47 167 
218 66 
209 41 
197 42 
248 13 
139 103 
199 81 
70 213 
139 220 
180 255 
60 187 
255 1 
40 201 
200 32 
255 1 
29 219 
164 131 
166 46 
210 39 
15 210 
125 87 
147 250 
216 25 
40 196 
70 103 
126 76 
227 26 
140 245 
79 174 
33 207 
179 31 
255 3 
64 110 
197 34 
229 106 
208 83 
105 161 
120 51 
110 62 
7 203 
112 143 
136 205 
76 143 
38 207 
88 167 
111 179 
93 213 
133 236 
203 16 
2 172 
29 140 
126 225 
77 123 
49 209 
152 234 
232 57 
21 145 
11 164 
45 214 
129 228 
29 216 
27 186 
60 163 
87 63 
102 229 
65 78 
64 160 
253 6 
144 238 
169 85 
203 143 
5 181 
131 168 
171 255 
217 117 
255 14 
121 253 
97 60 
140 196 
154 234 
97 240 
135 192 
77 107 
90 154 
254 10 
213 64 
156 255 
224 128 
134 241 
127 47 
247 44 
129 64 
186 108 
128 121 
132 230 
217 10 
39 155 
77 126 
122 244 
170 101 
198 100 
168 253 
255 2 
66 213 
12 188 
249 14 
94 79 
149 44 
41 170 
14 155 
97 184 
193 105 
103 91 
28 210 
149 255 
211 130 
60 182 
103 95 
228 116 
31 190 
172 130 
241 15 
252 16 
85 142 
40 207 
117 252 
23 175 
174 101 
33 111 
23 139 
201 138 
255 5 
254 8 
255 2 
36 187 
255 1 
24 189 
196 39 
162 69 
164 237 
49 217 
202 124 
144 124 
251 12 
190 26 
52 211 
74 151 
78 67 
133 242 
91 88 
176 116 
82 116 
133 233 
61 158 
16 215 
38 110 
254 8 
243 44 
48 144 
35 203 
214 90 
83 67 
132 191 
255 3 
255 2 
247 19 
79 68 
216 85 
32 148 
163 40 
31 218 
113 239 
231 30 
158 90 
135 123 
192 18 
174 116 
197 255 
154 253 
199 18 
255 5 
179 26 
210 16 
171 119 
100 94 
2 191 
178 31 
145 75 
205 38 
52 147 
108 151 
37 198 
183 88 
58 173 
26 185 
233 40 
38 211 
161 255 
22 197 
196 135 
31 202 
237 29 
20 150 
255 1 
140 60 
201 90 
147 255 
51 163 
218 92 
191 60 
16 215 
130 143 
240 57 
20 214 
191 14 
211 70 
230 111 
2 175 
141 222 
166 43 
15 214 
14 141 
83 167 
7 203 
162 117 
181 124 
153 51 
4 185 
47 197 
182 31 
133 225 
133 111 
70 86 
31 192 
63 126 
129 221 
178 124 
174 64 
198 134 
232 48 
208 67 
123 62 
228 119 
22 196 
229 47 
106 55 
19 159 
255 20 
45 143 
12 193 
253 12 
116 51 
12 168 
54 149 
204 85 
126 134 
39 151 
140 37 
171 28 
15 141 
133 208 
12 211 
84 97 
39 171 
49 152 
68 114 
179 52 
99 237 
103 244 
10 205 
213 35 
154 65 
5 164 
226 76 
138 229 
92 137 
214 22 
226 72 
185 38 
90 62 
164 248 
43 99 
17 174 
231 25 
93 62 
223 88 
117 46 
7 154 
198 74 
97 56 
26 222 
11 203 
174 28 
220 124 
50 220 
29 145 
115 241 
33 212 
237 97 
248 19 
210 84 
66 109 
12 173 
91 235 
69 108 
216 129 
177 255 
251 8 
98 166 
54 216 
185 41 
207 38 
117 231 
59 120 
168 119 
177 36 
84 222 
206 75 
47 96 
53 162 
150 76 
75 86 
30 183 
20 186 
249 6 
105 242 
127 255 
78 222 
254 8 
212 73 
21 209 
55 192 
63 167 
251 4 
158 230 
136 208 
165 80 
74 200 
144 231 
68 102 
47 229 
34 223 
25 217 
200 41 
2 173 
233 126 
9 204 
99 54 
174 40 
180 113 
57 163 
236 31 
90 164 
141 245 
171 34 
221 85 
128 238 
232 118 
66 146 
147 253 
160 236 
226 88 
145 64 
201 15 
254 8 
162 40 
85 210 
3 178 
222 79 
181 52 
201 18 
97 107 
254 8 
255 8 
93 62 
110 54 
240 31 
15 166 
155 251 
243 84 
6 196 
19 186 
213 37 
146 246 
16 216 
124 110 
199 134 
214 128 
71 110 
205 142 
35 227 
193 95 
81 179 
206 90 
194 133 
14 205 
239 85 
113 167 
9 157 
245 20 
184 136 
220 67 
112 251 
116 242 
238 22 
24 177 
255 13 
255 0 
118 245 
134 252 
79 165 
122 234 
7 177 
204 37 
70 101 
0 172 
192 13 
74 130 
250 6 
96 160 
223 109 
139 217 
255 0 
190 37 
145 249 
255 5 
155 255 
80 118 
26 212 
73 145 
127 236 
8 154 
34 178 
151 232 
5 160 
222 104 
191 57 
142 145 
67 190 
146 89 
255 13 
106 237 
81 175 
95 149 
27 204 
226 120 
187 126 
39 168 
193 48 
155 232 
230 92 
169 233 
121 164 
103 56 
95 141 
151 32 
139 235 
108 67 
207 73 
28 152 
98 179 
34 150 
67 96 
255 4 
103 245 
217 105 
91 135 
2 176 
60 207 
170 235 
96 75 
142 161 
102 138 
6 165 
196 13 
159 255 
192 53 
234 101 
223 103 
30 180 
86 100 
161 255 
231 31 
97 57 
152 254 
171 252 
64 189 
183 20 
191 135 
27 146 
124 94 
252 13 
194 62 
186 88 
166 251 
86 67 
141 48 
92 61 
249 6 
22 217 
45 202 
185 58 
119 250 
99 244 
252 5 
212 112 
215 131 
106 247 
79 120 
192 64 
234 97 
182 96 
127 124 
170 40 
59 113 
230 106 
145 243 
5 168 
187 48 
240 91 
198 69 
247 57 
240 21 
255 2 
180 23 
52 122 
25 144 
150 253 
202 86 
160 31 
226 25 
217 41 
150 110 
84 126 
78 144 
231 106 
171 63 
92 58 
9 184 
50 143 
118 120 
52 143 
255 2 
134 44 
46 199 
21 212 
148 237 
152 255 
227 70 
28 210 
195 42 
28 198 
222 60 
166 124 
188 29 
126 58 
127 132 
208 79 
195 12 
73 102 
73 107 
127 224 
188 34 
134 180 
251 4 
64 210 
2 162 
238 22 
54 143 
160 232 
244 90 
7 160 
244 21 
100 143 
223 36 
100 59 
72 133 
23 184 
154 255 
65 173 
99 153 
232 108 
36 215 
62 172 
14 192 
9 162 
117 45 
2 158 
102 105 
223 69 
35 194 
13 171 
30 194 
92 161 
56 132 
242 34 
43 145 
190 109 
195 96 
70 117 
200 64 
13 198 
148 247 
107 236 
59 140 
157 84 
232 53 
30 196 
62 188 
119 125 
149 67 
138 224 
125 82 
27 150 
74 103 
218 90 
237 23 
130 161 
83 172 
147 140 
141 249 
243 84 
226 70 
80 74 
150 243 
239 96 
94 168 
183 56 
220 90 
227 76 
17 198 
24 222 
131 202 
139 217 
5 199 
169 28 
9 199 
121 254 
64 81 
177 23 
71 172 
136 224 
225 78 
131 241 
9 206 
255 0 
76 141 
91 58 
111 189 
195 116 
109 67 
4 182 
159 103 
246 56 
123 182 
206 104 
182 116 
30 196 
39 207 
105 183 
144 255 
39 209 
238 26 
15 157 
224 30 
85 194 
24 140 
188 120 
75 69 
134 254 
75 217 
253 7 
50 167 
91 119 
19 206 
237 42 
187 17 
153 62 
245 45 
152 230 
76 99 
193 38 
85 230 
116 82 
236 24 
13 189 
233 127 
254 9 
63 86 
219 69 
105 146 
112 226 
177 120 
184 255 
221 138 
54 128 
188 22 
182 255 
223 82 
5 171 
234 8 
215 119 
208 92 
19 211 
43 164 
75 70 
22 144 
164 255 
117 50 
6 160 
243 27 
143 225 
241 101 
140 35 
40 219 
101 227 
248 41 
34 121 
51 92 
137 240 
98 219 
127 114 
32 144 
24 172 
112 207 
5 193 
132 79 
109 224 
175 79 
75 113 
36 160 
146 50 
55 109 
184 103 
130 230 
250 5 
231 38 
11 194 
158 125 
68 80 
89 148 
255 1 
150 247 
76 227 
165 255 
194 13 
78 98 
167 236 
13 188 
43 201 
244 61 
239 111 
191 35 
101 216 
184 95 
184 25 
1 183 
255 0 
46 199 
202 58 
235 20 
94 65 
22 129 
114 232 
46 196 
222 73 
97 55 
239 42 
209 67 
121 149 
98 238 
109 242 
42 121 
161 240 
214 121 
168 255 
18 217 
82 64 
176 128 
46 140 
87 61 
161 86 
2 188 
60 115 
155 249 
219 27 
131 234 
91 64 
33 223 
123 43 
72 191 
220 68 
1 181 
214 93 
83 157 
60 146 
103 52 
39 153 
244 41 
42 136 
255 0 
149 121 
47 161 
252 7 
191 137 
166 97 
135 114 
34 154 
73 77 
48 137 
4 186 
19 218 
139 237 
32 205 
163 253 
102 52 
170 79 
190 45 
113 212 
108 244 
147 255 
151 240 
109 248 
197 13 
223 39 
209 140 
139 255 
137 224 
159 114 
226 125 
142 247 
225 84 
19 193 
81 230 
179 113 
16 158 
37 214 
9 155 
53 152 
199 17 
62 136 
39 192 
185 104 
165 255 
207 132 
162 233 
157 253 
191 46 
65 139 
214 112 
162 35 
113 231 
198 124 
201 44 
186 91 
20 162 
208 134 
254 5 
255 0 
63 83 
118 188 
