2 256
0 0.0115336
0.0115336 0.0182204
0.0182204 0.0230021
0.0230021 0.0254209
0.0254209 0.0281082
0.0281082 0.0301747
0.0301747 0.0326606
0.0326606 0.0341529
0.0341529 0.0355937
0.0355937 0.0376536
0.0376536 0.0395168
0.0395168 0.041575
0.041575 0.0428264
0.0428264 0.0443652
0.0443652 0.0461472
0.0461472 0.047251
0.047251 0.0486842
0.0486842 0.0503442
0.0503442 0.0520962
0.0520962 0.0536806
0.0536806 0.0552652
0.0552652 0.056377
0.056377 0.0578535
0.0578535 0.0594309
0.0594309 0.0604984
0.0604984 0.0622819
0.0622819 0.0633428
0.0633428 0.0647008
0.0647008 0.0664556
0.0664556 0.0679266
0.0679266 0.0694321
0.0694321 0.0706347
0.0706347 0.0718055
0.0718055 0.0730345
0.0730345 0.0744594
0.0744594 0.0758212
0.0758212 0.0769043
0.0769043 0.0780285
0.0780285 0.079445
0.079445 0.081094
0.081094 0.0820534
0.0820534 0.0833343
0.0833343 0.0847664
0.0847664 0.0863929
0.0863929 0.0878596
0.0878596 0.0893103
0.0893103 0.0904277
0.0904277 0.0921018
0.0921018 0.094015
0.094015 0.0954017
0.0954017 0.0972262
0.0972262 0.100253
0.100253 0.102172
0.102172 0.103861
0.103861 0.1064
0.1064 0.108483
0.108483 0.110364
0.110364 0.112018
0.112018 0.113336
0.113336 0.115126
0.115126 0.117261
0.117261 0.118711
0.118711 0.120691
0.120691 0.122136
0.122136 0.123444
0.123444 0.125116
0.125116 0.126638
0.126638 0.128379
0.128379 0.129832
0.129832 0.132375
0.132375 0.133766
0.133766 0.135664
0.135664 0.137608
0.137608 0.139457
0.139457 0.141117
0.141117 0.14268
0.14268 0.14469
0.14469 0.146517
0.146517 0.148274
0.148274 0.150023
0.150023 0.151879
0.151879 0.153124
0.153124 0.154889
0.154889 0.156633
0.156633 0.158394
0.158394 0.160556
0.160556 0.162181
0.162181 0.164116
0.164116 0.16538
0.16538 0.167373
0.167373 0.169491
0.169491 0.171279
0.171279 0.172903
0.172903 0.174208
0.174208 0.175844
0.175844 0.1779
0.1779 0.17968
0.17968 0.18108
0.18108 0.182386
0.182386 0.18427
0.18427 0.186326
0.186326 0.188419
0.188419 0.189563
0.189563 0.191779
0.191779 0.193153
0.193153 0.195077
0.195077 0.196521
0.196521 0.198698
0.198698 0.200763
0.200763 0.202582
0.202582 0.204692
0.204692 0.206474
0.206474 0.207756
0.207756 0.210024
0.210024 0.211622
0.211622 0.213142
0.213142 0.214971
0.214971 0.216911
0.216911 0.218442
0.218442 0.220232
0.220232 0.22152
0.22152 0.223067
0.223067 0.224838
0.224838 0.226938
0.226938 0.228463
0.228463 0.230174
0.230174 0.232126
0.232126 0.233657
0.233657 0.234968
0.234968 0.236094
0.236094 0.237633
0.237633 0.239075
0.239075 0.240439
0.240439 0.241819
0.241819 0.243299
0.243299 0.244514
0.244514 0.245977
0.245977 0.247819
0.247819 0.249418
0.249418 0.250375
0.250375 0.252222
0.252222 0.253784
0.253784 0.255435
0.255435 0.257318
0.257318 0.258793
0.258793 0.260622
0.260622 0.262039
0.262039 0.263565
0.263565 0.264653
0.264653 0.265903
0.265903 0.267015
0.267015 0.268085
0.268085 0.269466
0.269466 0.271025
0.271025 0.272608
0.272608 0.27384
0.27384 0.275216
0.275216 0.276639
0.276639 0.278683
0.278683 0.28045
0.28045 0.282263
0.282263 0.284465
0.284465 0.286554
0.286554 0.288465
0.288465 0.291712
0.291712 0.29411
0.29411 0.296848
0.296848 0.300186
0.300186 0.303037
0.303037 0.305696
0.305696 0.309041
0.309041 0.312048
0.312048 0.314695
0.314695 0.319502
0.319502 0.323251
0.323251 0.326067
0.326067 0.330879
0.330879 0.333803
0.333803 0.336389
0.336389 0.33883
0.33883 0.342161
0.342161 0.346033
0.346033 0.348932
0.348932 0.350339
0.350339 0.352933
0.352933 0.355082
0.355082 0.358309
0.358309 0.360964
0.360964 0.363381
0.363381 0.365992
0.365992 0.368915
0.368915 0.371093
0.371093 0.373688
0.373688 0.376329
0.376329 0.377897
0.377897 0.380053
0.380053 0.381856
0.381856 0.384445
0.384445 0.386549
0.386549 0.388524
0.388524 0.390273
0.390273 0.391764
0.391764 0.394239
0.394239 0.39589
0.39589 0.397465
0.397465 0.398749
0.398749 0.401615
0.401615 0.403101
0.403101 0.405107
0.405107 0.407138
0.407138 0.408218
0.408218 0.410488
0.410488 0.412103
0.412103 0.414118
0.414118 0.415818
0.415818 0.417712
0.417712 0.41895
0.41895 0.420437
0.420437 0.422253
0.422253 0.42364
0.42364 0.425609
0.425609 0.427155
0.427155 0.42871
0.42871 0.429822
0.429822 0.431366
0.431366 0.432602
0.432602 0.43492
0.43492 0.436932
0.436932 0.438806
0.438806 0.440702
0.440702 0.442283
0.442283 0.444126
0.444126 0.446683
0.446683 0.448656
0.448656 0.451565
0.451565 0.453323
0.453323 0.45525
0.45525 0.457016
0.457016 0.45925
0.45925 0.460879
0.460879 0.46326
0.46326 0.465708
0.465708 0.467434
0.467434 0.47064
0.47064 0.473256
0.473256 0.475887
0.475887 0.47981
0.47981 0.482917
0.482917 0.487493
0.487493 0.496601
0.496601 0.502981
0.502981 0.510007
0.510007 0.517119
0.517119 0.522492
0.522492 0.532614
0.532614 1.79769e+308
0 0.189623
0.189623 0.212482
0.212482 0.239668
0.239668 0.267473
0.267473 0.295641
0.295641 0.333229
0.333229 0.350654
0.350654 0.360926
0.360926 0.373811
0.373811 0.383595
0.383595 0.394257
0.394257 0.40083
0.40083 0.408099
0.408099 0.412818
0.412818 0.41946
0.41946 0.424197
0.424197 0.427887
0.427887 0.432875
0.432875 0.439002
0.439002 0.443318
0.443318 0.446164
0.446164 0.451095
0.451095 0.457518
0.457518 0.46029
0.46029 0.465447
0.465447 0.470424
0.470424 0.475633
0.475633 0.481839
0.481839 0.488476
0.488476 0.496467
0.496467 0.502679
0.502679 0.50639
0.50639 0.510977
0.510977 0.51598
0.51598 0.519384
0.519384 0.524128
0.524128 0.528748
0.528748 0.531303
0.531303 0.536283
0.536283 0.540792
0.540792 0.544062
0.544062 0.547297
0.547297 0.551634
0.551634 0.554182
0.554182 0.556704
0.556704 0.561462
0.561462 0.565102
0.565102 0.568665
0.568665 0.572569
0.572569 0.575345
0.575345 0.578542
0.578542 0.582255
0.582255 0.584993
0.584993 0.588985
0.588985 0.591273
0.591273 0.594045
0.594045 0.59712
0.59712 0.600031
0.600031 0.60265
0.60265 0.605245
0.605245 0.608382
0.608382 0.611856
0.611856 0.615677
0.615677 0.618243
0.618243 0.620278
0.620278 0.623305
0.623305 0.625797
0.625797 0.627297
0.627297 0.629177
0.629177 0.631003
0.631003 0.63309
0.63309 0.635543
0.635543 0.637697
0.637697 0.640461
0.640461 0.642582
0.642582 0.645151
0.645151 0.64696
0.64696 0.649708
0.649708 0.651549
0.651549 0.653297
0.653297 0.655094
0.655094 0.65733
0.65733 0.659972
0.659972 0.661816
0.661816 0.663947
0.663947 0.66528
0.66528 0.667309
0.667309 0.669061
0.669061 0.671456
0.671456 0.673152
0.673152 0.674815
0.674815 0.676422
0.676422 0.678213
0.678213 0.679535
0.679535 0.681085
0.681085 0.68303
0.68303 0.684389
0.684389 0.686487
0.686487 0.687864
0.687864 0.68905
0.68905 0.690452
0.690452 0.691572
0.691572 0.69261
0.69261 0.693559
0.693559 0.694911
0.694911 0.695942
0.695942 0.696973
0.696973 0.697968
0.697968 0.698773
0.698773 0.699671
0.699671 0.700507
0.700507 0.701387
0.701387 0.702378
0.702378 0.703645
0.703645 0.70428
0.70428 0.705121
0.705121 0.705996
0.705996 0.706825
0.706825 0.707609
0.707609 0.708521
0.708521 0.709431
0.709431 0.71024
0.71024 0.711106
0.711106 0.711802
0.711802 0.712494
0.712494 0.713317
0.713317 0.714392
0.714392 0.71509
0.71509 0.715734
0.715734 0.716631
0.716631 0.717683
0.717683 0.718443
0.718443 0.719281
0.719281 0.720226
0.720226 0.721337
0.721337 0.722489
0.722489 0.723529
0.723529 0.724714
0.724714 0.726033
0.726033 0.727139
0.727139 0.72815
0.72815 0.729346
0.729346 0.730432
0.730432 0.73178
0.73178 0.733504
0.733504 0.735448
0.735448 0.736625
0.736625 0.738076
0.738076 0.740122
0.740122 0.741758
0.741758 0.742827
0.742827 0.744477
0.744477 0.745905
0.745905 0.747647
0.747647 0.748584
0.748584 0.74974
0.74974 0.750878
0.750878 0.752082
0.752082 0.753562
0.753562 0.754401
0.754401 0.755493
0.755493 0.756975
0.756975 0.757959
0.757959 0.759386
0.759386 0.760231
0.760231 0.761605
0.761605 0.763095
0.763095 0.763778
0.763778 0.76495
0.76495 0.766013
0.766013 0.767258
0.767258 0.768356
0.768356 0.769395
0.769395 0.771045
0.771045 0.772115
0.772115 0.773665
0.773665 0.77438
0.77438 0.775588
0.775588 0.776705
0.776705 0.777934
0.777934 0.779013
0.779013 0.780235
0.780235 0.781367
0.781367 0.782718
0.782718 0.783933
0.783933 0.784859
0.784859 0.785945
0.785945 0.786953
0.786953 0.787888
0.787888 0.789147
0.789147 0.790017
0.790017 0.791243
0.791243 0.792222
0.792222 0.793562
0.793562 0.79484
0.79484 0.796223
0.796223 0.797244
0.797244 0.798078
0.798078 0.799313
0.799313 0.800492
0.800492 0.80126
0.80126 0.80255
0.80255 0.804337
0.804337 0.805385
0.805385 0.806679
0.806679 0.807882
0.807882 0.80904
0.80904 0.810392
0.810392 0.811786
0.811786 0.812917
0.812917 0.813912
0.813912 0.815014
0.815014 0.816616
0.816616 0.817604
0.817604 0.819278
0.819278 0.821124
0.821124 0.822461
0.822461 0.824051
0.824051 0.826214
0.826214 0.827277
0.827277 0.829152
0.829152 0.831439
0.831439 0.833207
0.833207 0.835322
0.835322 0.83755
0.83755 0.839227
0.839227 0.842014
0.842014 0.84534
0.84534 0.846994
0.846994 0.850201
0.850201 0.852076
0.852076 0.854305
0.854305 0.856638
0.856638 0.85817
0.85817 0.859874
0.859874 0.861646
0.861646 0.863749
0.863749 0.865626
0.865626 0.868244
0.868244 0.871166
0.871166 0.873001
0.873001 0.875198
0.875198 0.878289
0.878289 0.881757
0.881757 0.885391
0.885391 0.88888
0.88888 0.892321
0.892321 0.897119
0.897119 0.900648
0.900648 0.903213
0.903213 0.905961
0.905961 0.908399
0.908399 0.910684
0.910684 0.913267
0.913267 0.916132
0.916132 1.79769e+308
