39271
10970
12973
19833
57686
63732
63173
62234
60497
27935
7287
50325
62219
13476
27826
48857
27592
50309
39267
63762
31112
58318
49647
50010
17696
61217
59455
61227
38396
38439
8263
24932
48387
12913
16200
54819
61324
6790
49308
19881
51125
29924
13487
61310
48863
63925
6911
49084
60422
12888
63441
44072
13112
60364
47965
16589
56408
52069
50310
17887
63916
30000
13292
63305
27631
27830
15929
61224
6796
12787
16673
36928
12901
52955
5902
27413
61217
37910
25164
38409
16386
62423
60424
16540
17419
8629
37925
6375
60306
24961
17324
60495
54572
16156
62350
28226
39333
50772
38585
28076
19757
47948
59881
12679
53803
32042
61186
60495
12989
16675
37931
27837
18211
8659
19839
17305
59886
16104
14191
37905
48951
51492
33001
50334
25032
9104
41603
63004
38067
59913
49945
50734
14289
18861
16169
27775
27939
53815
13587
38018
10081
54371
63365
29555
49635
16876
38612
49360
28117
53992
19786
18986
18510
17280
41162
6762
14185
59821
16121
39322
19821
13081
43690
8105
30092
27934
62374
17311
50639
47886
18782
63767
27933
50774
63879
31666
35531
58211
27598
59516
61184
5834
19839
50222
43593
8243
44967
38404
29971
50664
18815
16959
27915
13349
54434
17323
10703
38589
63749
18972
63393
14250
51329
38576
18999
63422
27946
62221
8107
30039
17258
48028
41111
59914
62347
16619
13439
18884
18826
16388
37995
10119
39321
19769
49085
58847
19716
38026
16671
62351
8238
27592
15970
62150
27898
24966
18875
61306
16853
62277
62264
56846
59451
35356
12954
38022
59838
29903
63925
31750
60640
16352
16871
8277
62338
61310
17035
25063
63810
63369
38047
32247
13500
12740
18749
63453
13395
27786
38396
39593
16547
30236
60358
44971
24579
39278
13110
51053
54183
38046
24598
38618
17141
43690
16203
38055
18196
24794
44115
24594
27582
17043
58691
19165
50307
16170
16142
19066
9445
63436
30016
48942
5673
50171
57917
38615
38742
38407
16210
60499
63739
55164
38590
51283
38741
18729
16847
27938
62330
63390
17227
28276
8268
45361
51357
13473
39318
13007
40471
62330
18857
15735
8326
62269
30054
16045
12701
19836
16356
27595
38414
29951
15834
49708
12485
62388
39276
52872
8311
28281
40151
35538
38576
16352
19850
13470
46882
27779
16619
38408
16978
14183
16409
19049
24812
43641
24958
15803
38026
17200
27935
16361
48575
31234
19173
57080
51832
25058
27666
31763
62705
7210
19115
58630
57067
11941
16348
25176
61326
38018
19108
18596
15723
60452
38068
15734
8275
62366
37895
16563
38074
59960
40502
7211
48931
60557
16667
6734
60357
19350
15657
18512
62351
62450
9976
60369
38743
27649
60359
15840
19867
62341
63421
12969
39978
25066
18502
50782
8214
38407
27692
63214
63425
30280
60338
39334
30416
39261
16352
55718
49949
43790
59469
27869
7424
30746
16821
43690
39243
12846
16578
16693
39260
9199
27619
16616
61350
56936
16247
14239
38067
43690
63454
14188
63742
28258
16241
6270
31756
51258
28178
16641
13055
31854
19012
54607
25069
59816
19032
38025
8417
5728
28061
32133
19294
24987
30109
62772
13348
8281
48934
7260
16247
43690
15657
24794
16808
34304
48379
60503
45025
49913
27668
61229
38742
16216
62437
27644
8515
38409
18645
16226
38415
17230
18425
53755
55780
59910
27566
12985
28084
40011
63201
62263
62377
27627
16833
63788
28249
41818
38606
30008
39333
63760
63384
5675
8339
16134
43633
27889
30877
25048
37945
45374
63365
19766
54321
50842
38071
50227
17318
51655
63384
50253
50570
63925
37919
63412
31345
15525
16400
43690
38533
50847
37499
27588
61119
19880
59752
16400
27879
63216
50330
12642
62330
30090
61336
27824
36267
37909
62201
29943
52226
9074
51651
43710
16853
63814
39338
60425
50634
60360
11545
14220
39272
6446
50298
44730
60620
38760
43690
16811
39261
39334
49731
49338
62398
24825
51569
30016
30322
38430
19060
13342
16638
16073
19109
28031
39275
36714
49410
37526
29419
14231
30277
61237
31847
53139
16624
16917
51705
28912
61337
63270
16823
28262
38441
61192
63906
24804
43690
40916
14256
15998
35814
13804
61184
31895
63111
43696
62987
62328
49720
30273
50573
47817
50787
43690
16680
16889
12860
47623
38577
43690
19058
63241
5822
18494
17335
16679
59606
39526
61192
49305
24890
60550
59499
19174
37918
31838
49381
31694
19085
30295
5885
13595
27784
6627
16225
24782
19716
57965
42766
38396
16366
49371
13462
28224
48802
14326
63730
49341
29884
49815
51743
62376
15734
38012
16851
25025
50935
27701
38583
16779
62554
30843
48794
63926
16781
60472
18743
19093
19879
59103
38434
40090
11464
61311
63726
48563
27580
62768
27945
50048
62198
37922
28044
63455
27647
38442
17241
39574
11440
7017
51781
39966
18978
31769
50702
24814
35839
38098
60509
44970
38441
8298
43666
27775
43690
62149
57596
60359
63737
31698
27570
31149
63420
18657
38025
62692
17174
16680
16652
59961
16180
38612
16685
24976
24813
62257
12946
57588
25024
30054
60289
57317
63724
45249
24827
54137
50703
50359
24764
41191
38072
43286
63253
18329
28059
15785
43690
53297
51001
38617
18521
61311
48078
58256
16451
13427
38398
9246
43690
8263
15529
59534
63916
53429
24977
63727
31112
31985
49303
28032
13419
39275
52243
38439
63150
27585
49112
60354
49278
28143
60236
38403
63727
63452
24945
63164
38434
63381
63801
56918
15826
63872
29916
19317
63414
32644
50632
31602
55802
38532
38096
39526
38737
13090
18929
35864
5851
16366
39573
15961
63306
30061
27639
37911
18111
61313
63782
63462
8433
24800
60933
31164
63756
61099
18829
19066
62264
24884
41763
27918
59753
18988
24816
40779
38095
16623
16774
28210
18477
60287
57458
8302
15891
16947
16814
61326
8337
52402
48274
56446
27807
60432
62550
24597
13501
25170
16421
27943
61188
19853
8227
27799
38073
18816
63226
19062
25036
13103
15949
63760
63278
38105
38629
18490
16803
37773
53965
60371
28264
63901
19162
12908
62528
30268
29263
62367
39265
37913
10961
10893
61340
63452
17782
5870
16686
17093
50776
28140
32702
38606
19347
51541
28035
27568
63234
63406
51125
57298
11760
16779
63373
18647
16407
27935
27900
15659
5842
60649
39249
50608
19288
13587
62366
63878
19354
53724
50912
63098
30135
50275
29981
8269
53191
62348
32010
38432
43796
43772
31535
5720
19095
57303
13619
62364
57844
6380
55997
50227
59894
19870
50616
63955
50895
27584
11450
30297
15865
63731
63420
38621
41839
12096
17996
62714
13556
16673
52372
44015
60372
60599
16218
28327
39233
9163
39322
61342
43690
24783
15967
62372
55742
39509
8442
16405
9835
16656
5876
16046
62199
17376
17044
49789
60473
49657
14332
27860
63301
27935
44992
15805
41555
38611
63731
7438
38066
13469
27662
38532
16843
12914
30009
62211
38619
63878
42047
16673
61194
39337
49095
16913
42781
8374
63280
16499
63735
63768
14224
58282
16631
30102
48733
50658
57861
62150
13798
62266
62764
25164
16666
25008
27938
40662
16215
10269
19083
50262
50599
54120
50263
43690
38064
16649
33444
24909
29862
31574
61340
37423
49798
49945
13549
10943
29902
28123
62225
60525
63438
31771
16400
51893
38044
5751
51775
45368
63738
25025
60236
39243
10848
48362
50256
29931
63334
37913
51807
61218
29784
16194
16173
57620
19882
62266
13105
63962
16391
48087
49945
16403
38052
5904
31372
18534
16668
15922
13007
24817
12699
52909
29091
62333
57927
18963
45369
60232
59963
30147
48121
15757
30116
38069
38409
35529
33912
29829
63317
14249
62593
63273
30203
50634
31537
16132
27721
8468
5747
60503
15758
55285
17503
8325
30353
18132
8216
50273
60492
16654
16658
19755
17736
16228
18821
12963
6241
48813
19881
62214
24972
38578
62367
13362
38577
38067
30092
49805
61298
24866
18347
24819
61311
16684
63885
18755
60499
31704
30202
40619
32056
25034
7258
43690
38100
43515
49832
45327
18463
30017
15656
27865
27611
13630
19838
62255
30450
61216
17558
63959
51273
13354
28114
25068
61227
16386
50663
38585
60499
27867
51683
45321
48775
35084
18681
38434
24905
14218
15855
28278
12979
24882
59912
62193
18857
24793
50627
49917
15864
30245
16158
50365
49194
53919
49766
63685
27667
29005
24766
49336
63261
28044
28257
35766
38620
50716
62351
17654
37844
50999
38432
38950
53993
43690
60372
18597
38613
63780
27839
61186
39248
13518
24913
19153
12822
18851
38068
15811
63303
63727
44111
62322
17040
56266
30919
62261
38531
63268
19827
47902
18988
45287
16580
53284
63420
18109
35896
60503
5860
13466
38441
50302
24829
60617
27819
63760
50996
16552
15838
37904
14264
28173
13560
51034
13461
14281
18412
19717
60961
25034
18522
63895
57424
60468
5848
39245
51699
13357
43695
38071
15893
27896
63855
24604
38099
16583
7219
27657
37899
38614
28033
59821
57381
6269
28259
59628
18960
56406
60431
58325
59965
7057
39968
19763
43690
15753
27751
50598
16780
27771
28164
38056
24982
61311
7176
16396
61238
37004
16606
57566
16097
17658
27853
60460
25023
19841
38117
24957
30108
16085
38019
60270
63886
16111
12981
13460
28059
27935
53198
62256
28252
57605
53073
63961
13522
49284
25169
60285
16341
24829
55990
55410
16984
53699
10517
63900
48973
53857
38070
51781
18336
38441
61234
50785
63252
18444
62330
25176
50606
28068
12990
60465
59463
38121
62348
24882
57532
38071
63173
63366
24833
28986
50301
38110
37885
63805
51246
51648
28683
61187
13129
30205
50601
28091
18519
13807
31029
63298
38060
49106
15864
39264
48868
17032
62204
31618
38403
63778
56448
38102
61227
27935
63878
50243
53203
5749
63302
60367
19875
24928
57154
49524
29399
16444
18419
19096
43667
12435
51966
39247
38119
16126
63925
15759
38092
50793
38117
49388
5856
16673
13446
24952
29950
63889
30018
39268
62348
19805
43676
30023
29878
62679
50354
17219
29948
42014
63394
39321
52373
51526
59436
19878
16340
62375
25006
63911
13343
62588
38022
49279
37589
30033
63763
63257
19853
62267
62328
27580
62216
37943
18986
56066
38396
16637
39271
52640
49984
63726
35565
31880
6347
60949
59546
63370
63956
30618
62540
43690
19763
31864
45406
18119
19718
27676
63724
16081
63279
31498
44032
34936
49969
57486
19769
16119
25178
19823
39277
28059
17447
24876
18685
8338
27782
38532
15796
27859
39242
27868
16390
50319
43690
63961
50705
43685
15690
38114
37916
12588
61193
24876
62364
45325
62752
63881
38576
47376
31778
25010
63218
13474
16768
57674
43690
39260
31083
13019
19112
51348
14219
45375
15927
50260
62277
18568
27891
18150
59823
28231
50624
18474
62267
38617
18404
19836
57635
50633
19769
13587
28162
32562
51108
24595
16175
52052
7412
55338
63382
38434
60372
16782
24603
63223
63913
14278
51100
25164
17220
39317
31031
45383
8213
48181
12711
19353
36972
50744
18311
16166
6236
27640
43278
18837
58773
62665
52942
16767
63785
63924
57775
28035
10879
24795
37069
16811
57406
31330
38413
15733
18410
13618
28168
62366
53779
62661
17763
30066
16403
30070
17531
24893
37557
54091
48865
63772
63911
61096
62543
24577
62225
28069
39322
63210
28311
27611
54138
60444
29994
50570
15832
28208
37705
63440
45433
62801
18155
19836
43568
29193
34077
63782
28101
12198
27619
39978
8321
14268
41109
63962
60360
15730
19287
51866
63211
62321
63868
38532
61324
62374
27896
62328
16777
57671
63360
27414
6491
27689
43690
13800
14237
24779
28661
27619
16104
6630
29908
63460
63250
63252
42903
36981
28067
52333
38060
11277
24785
61341
38835
50950
53454
61184
13580
31195
27593
37914
18535
51775
18340
53765
8439
63959
38057
16767
53061
53638
50331
16471
19017
6639
15774
19871
15705
57858
14332
62242
19173
8502
27596
29938
18741
54524
17059
63343
60610
28856
19092
13545
31140
43580
17485
62199
49319
37048
43690
28069
38439
13413
27636
61134
13620
9148
37875
13801
14247
61186
36649
63422
6178
62512
61350
45057
16802
31402
16193
38590
38398
45291
50220
28273
43675
32577
51313
16768
17186
24874
62402
17013
28222
60424
44399
63436
63881
18925
18642
18951
15840
27567
63767
62973
24822
18043
28269
39975
61348
50254
61311
28110
9457
49945
39264
30287
24996
50601
9144
13023
63001
38403
7264
50725
28221
63301
62604
59958
6214
36771
53553
63773
58114
24588
16415
46411
57265
12942
51112
6262
49837
39322
14261
60288
45037
28582
24878
18977
12594
38100
30802
28088
14283
38613
17306
28108
38439
49727
16649
8238
57489
25174
39338
16669
28034
29998
28139
37859
8465
16534
18543
27579
51250
12660
18405
63462
59501
29975
37915
63294
18639
27630
60623
24842
38410
10059
25033
60360
37906
29894
61340
43690
62843
38610
60495
38740
61067
62967
6219
40829
16982
63958
54033
31339
34704
57098
16171
19817
38740
50806
62783
19769
60360
55074
43685
45312
53297
7310
27890
30079
28060
61194
16780
37929
14185
38122
50591
39338
56492
49258
61230
63408
61342
38404
19296
63685
25026
18905
12444
19836
31251
8258
19011
27840
15743
8262
38588
51251
25068
62686
7091
39509
24979
54383
25032
52756
16929
40657
37911
62334
37947
63770
19859
38432
51949
48050
51023
15843
43665
38108
30785
59870
38441
63266
16101
61338
18441
51014
62366
62199
25170
29717
59874
50621
38109
16392
63912
18983
13069
52363
30603
16669
5895
38611
25178
48106
38408
51767
13421
19839
31722
62381
43666
38107
35908
63293
30086
13459
5850
61164
11855
15522
6192
56008
30052
18955
60502
54977
27615
31011
63881
25076
17244
43690
50922
38385
6413
61159
27631
29932
31119
51621
16211
37833
30357
15838
31686
38428
63421
13239
27925
14277
17182
50786
24903
31528
39321
45095
49435
27629
37715
38414
27615
45389
38050
60428
50361
16624
19172
8218
59960
28143
5902
24942
45055
16505
25033
10140
31817
15742
52068
43584
38106
29966
32410
62539
19805
43274
62201
7429
18853
16160
54685
14330
29916
57861
16780
18713
16810
27875
27889
62260
19286
16829
17327
46432
60473
38074
38740
16247
38057
19317
57388
27700
24953
51646
17400
61217
19053
62526
38110
62569
51861
51397
49957
13497
17813
19098
13573
28228
17271
53035
57098
31607
16961
47766
38410
51099
9972
27901
54995
61227
30080
27846
15955
9817
50903
63366
10833
63760
24877
38047
48825
43690
28222
38066
27581
5848
61148
19112
61191
27627
28131
16412
62191
60472
49941
11347
30158
17721
37956
63260
62546
8432
29893
39265
30023
27661
61192
17276
59439
9961
61190
32209
27594
31669
7264
62751
13045
14226
16802
43690
44977
57625
8335
43678
45312
38585
38060
61192
16246
17450
29892
25181
17624
51413
8477
15767
15793
50637
63256
19869
32662
5892
61340
14224
60356
5728
19073
31279
55580
29005
24830
39272
15739
43690
29967
24947
43690
28210
62235
47376
19034
16802
6244
18938
19758
18188
28033
24821
60483
27916
38432
63778
63254
50316
63904
38123
57556
63387
60837
12618
63924
62256
45519
30345
12217
8424
38614
18681
53168
51092
61241
50352
38103
19790
13026
34608
62573
38414
13462
12516
61340
52394
62445
25009
53068
50807
62229
18784
29721
30190
63173
63881
44016
57292
56316
13576
5722
27600
5871
50313
30072
30301
13628
6470
50328
16508
28040
39249
43690
28889
63924
52333
15995
9844
32020
49961
50601
60496
37915
60431
31130
18319
33921
38588
12919
19294
63724
35840
27673
50355
43689
24576
52773
18733
25181
37111
38053
61026
62257
60456
43690
38410
49828
16672
24764
50637
16830
39092
19353
19021
38613
12752
35520
15809
50345
16572
13101
37899
18559
48955
57357
50669
55529
63757
63737
19784
59822
13474
63450
62378
38410
37921
16088
62329
30469
27889
57858
19271
17433
52228
57652
15725
5752
49854
5803
6371
40664
38432
27602
28076
43690
37174
39513
24987
16036
30031
38532
60278
63368
5756
57758
13145
9529
63685
30045
52560
8447
61343
47268
53152
29964
14217
59816
63414
63881
63254
16813
15819
60435
37935
16782
15834
51323
43797
43661
38052
38740
63375
19127
15737
61329
32864
38116
62332
57755
27827
38108
63452
60249
6228
17226
59052
12924
25153
60255
17789
15899
19765
63254
45383
63394
50599
48175
62378
16770
39246
63789
18710
27863
18328
57107
8408
40722
43690
9140
41241
18789
62149
28237
62887
61342
50664
45403
29042
11005
19865
63875
17878
12689
25153
60600
30942
39271
18417
15690
51860
46436
62321
38630
6949
19869
13599
27672
60371
18719
62238
61310
18519
32052
12878
50751
41604
29874
50315
16803
38607
38071
17287
15719
49118
62643
38407
12896
31699
29990
18299
50781
60516
16803
14224
63838
20053
17211
17898
27578
63732
49348
60410
15659
38100
16406
27944
62425
38534
24595
60321
60505
17024
43697
38583
63959
51957
14281
27820
61216
59916
62199
51587
49632
61311
18515
27944
45327
63744
52533
37908
16636
61342
28062
62454
18140
8385
6352
38621
19830
8900
13622
62353
63296
50611
29925
16623
38067
37925
50909
57857
39338
61217
57732
45430
28192
39261
24989
61340
30200
53727
61326
60454
43697
49612
50656
52727
63462
29944
48804
5777
56964
7167
50046
19130
37958
62217
19065
24802
16116
31021
39321
18720
38438
27570
17391
13475
60496
56395
8637
29270
62371
13523
30088
43080
63435
38402
5891
63961
60428
55231
62375
50909
50605
58652
57391
27887
16665
38440
15797
14263
45398
24880
63420
16798
7375
12618
19278
49633
34630
29897
18881
61525
16620
45020
34059
18364
51678
16074
62742
38611
5674
51311
24794
60364
62328
18802
39321
25166
43690
63876
39318
13078
15912
63282
50678
28160
27600
24875
18662
14215
39271
28133
15923
51030
44976
60372
50238
15856
48949
64084
28033
63422
27641
51933
60428
38064
63435
63247
39337
16810
6376
35838
38105
63769
50712
16059
38110
38023
60494
35569
24815
50659
32202
39322
38432
14239
48797
28234
63465
62321
60278
60237
18155
52423
30123
61343
38016
27781
60324
14289
16881
52935
18621
14288
38056
63460
7379
38385
53865
8394
50616
38018
58194
30196
13466
38108
29979
43641
45084
34137
37910
13598
32230
28252
62328
24792
15759
15982
30926
63461
62246
39233
43281
43690
13568
60491
42761
43696
15740
24991
19769
16397
5895
63208
40799
27413
12985
56337
62446
63114
61154
24963
59958
53769
63959
27569
14291
62782
13429
15533
62195
50816
16072
41564
63773
18625
39263
61218
63912
28223
27872
12882
55316
51899
14230
44122
16447
19762
63868
8282
49189
51202
51202
62866
16661
19354
56591
15869
63774
13600
25176
13474
13011
18994
62199
63732
25164
8429
38432
61191
6213
24839
60424
17198
62411
62371
18702
51005
62698
43689
43690
53540
60357
37565
63039
19115
7105
27710
12669
59822
5871
63454
48773
15533
61231
16827
13526
27934
30305
43690
50674
43690
49376
16678
27664
18957
19087
24890
38409
30046
62621
51566
6183
62544
15756
62701
16468
16388
27580
19317
27584
7236
47525
16221
9113
19837
57378
16509
13464
30045
62378
6364
8104
43658
60602
61186
37925
39245
27567
38533
30021
63724
12596
19280
19349
34784
49723
40120
38532
18546
42120
28150
38745
6719
27623
30166
6343
63019
30052
50979
16580
16460
39243
13476
38404
37936
30319
53398
13618
19275
38062
50384
62190
5860
30752
63842
60506
9855
16179
62453
32218
45301
39510
62374
16782
62332
41080
5766
6253
12888
24871
17076
61348
39317
63713
16810
60577
24596
63266
12995
13472
38414
5753
28046
10494
27628
16654
18588
31696
12990
15704
24951
63917
8727
47739
39272
62611
16803
24929
13626
56348
53682
28031
7379
28266
38027
28308
13436
61153
24857
7244
53997
45360
16977
16636
60425
53010
38400
16406
28103
28059
8220
63281
13583
19764
16438
61188
13553
16612
18446
63454
17621
63252
59150
63438
18213
16183
5839
7269
19059
30253
63135
10872
18519
5752
8111
16843
38097
60964
17491
27927
16609
50338
13598
17665
61341
31216
58029
60636
16362
61324
16810
16978
39261
18508
59908
38743
32195
63908
61194
11044
31860
39264
16937
13472
39318
38442
43673
50748
18360
16615
13621
51466
8685
28248
59459
63893
15844
63955
6170
31732
18535
57798
12344
31653
16591
39275
61216
56669
49716
60239
48748
16683
62213
61311
27935
57570
62509
30816
27612
45398
19307
25056
50995
38059
12904
30260
63438
61184
16011
28069
16685
27742
31071
43679
38927
50658
18437
28280
50771
61218
32267
12996
58827
37856
28173
28079
63734
13491
29945
63724
16242
62702
8544
58977
27590
7278
25068
48846
8108
27578
38432
11391
18668
10336
24793
52043
40768
44032
61237
25026
5670
63734
38531
27615
52094
60956
32351
37768
54012
39265
14213
25181
62328
27939
5720
28032
13173
37886
12972
30262
43678
38410
12981
28451
37931
5760
62269
38407
27598
62191
62257
62704
62376
51938
27857
49831
5752
28113
27918
39334
60494
61037
18515
61340
19296
27941
16097
24929
56685
43644
43690
31667
62351
28061
60481
38584
61194
62264
7428
63773
16038
59528
60240
28042
19871
60563
60933
27895
13366
29979
19154
39247
53771
38410
51062
15824
28082
51155
7127
28045
62371
48778
27918
53549
48603
63959
60358
8384
51550
50767
18448
62502
24937
38587
38619
30122
13586
45375
24766
30115
43712
50700
63078
14238
39245
6388
7186
51794
38410
37916
13520
43690
16677
39247
60539
10622
62348
63914
13556
62264
53936
18519
38432
63917
12890
48842
9785
60529
50592
38579
49305
50243
38419
60995
15861
38629
36137
48099
38407
11642
50631
17529
53743
15924
7300
52753
62371
52578
6392
24871
14228
56408
63819
38607
62191
27569
8286
49110
28515
61308
51534
45384
12568
19818
15842
7413
14189
51431
16432
16774
48100
63438
11759
18605
16526
29955
8445
7141
18509
44995
31650
63793
63460
53782
9450
12976
30099
60291
59342
39318
24938
5673
40152
57321
15657
50258
59848
51089
17050
38074
31569
19128
13466
44031
18186
62258
32683
55723
17624
40473
13083
16684
27789
63686
16166
43690
45322
38054
30112
63176
39948
18291
38739
27645
63454
62527
38432
16250
45282
13516
31978
28930
8682
31628
50698
6292
61329
51043
43690
38611
31885
12971
63768
50573
61324
6233
38054
38434
16347
50766
62557
16062
31471
62734
16182
12910
18083
51648
63176
59839
63443
18945
49173
43690
16781
27852
37925
38396
7438
38440
12462
15532
60481
10985
63072
28205
29949
28518
16238
55303
18577
8240
54880
28044
7278
57825
39240
60503
38441
16368
5857
30275
60653
17720
63296
63255
39510
44971
8288
62364
19879
27901
16178
38533
61310
60624
16771
19129
16404
63925
38741
30153
60658
27946
5810
50568
51881
15856
38108
27938
62378
60470
61229
38062
16410
39318
62195
27809
16684
25017
30082
46419
10288
16244
27915
61310
28062
40768
63724
38396
39317
38119
43690
31481
11237
27636
53781
44991
38064
28045
52986
19108
27585
39248
31910
31817
7257
63804
7408
62637
36323
50958
60470
54125
62409
16562
18983
59473
61308
19089
15984
43690
60468
27899
28275
43690
28230
38408
16617
59689
62204
27855
16553
51026
38439
12794
43635
48948
5761
18770
24797
62711
30050
5881
19299
59548
38051
39242
63251
24906
25077
50601
18994
7189
57006
53256
12689
16620
61349
18967
48806
18827
42104
31613
12870
27633
59960
29923
8410
31995
49303
9129
31585
60494
60480
12898
63253
63331
5818
63770
48152
59814
39267
28303
52327
56798
38071
63959
30306
16352
24814
63906
16191
15874
38609
12645
13586
18859
62870
30094
19856
16968
27602
27620
38055
18954
18663
63452
40682
38609
38409
38613
7392
38073
48772
39275
49108
17938
18534
59798
45372
18700
31718
24862
63055
27935
16766
24974
18675
43690
45306
14287
24606
60363
43690
38052
48883
31236
63436
61324
18497
49194
50570
25019
6300
31567
63215
13374
41579
63283
27866
16621
39318
24772
37883
27871
47584
18676
54148
50606
63407
27624
8227
19020
15732
27653
19025
11892
39274
59968
30291
14261
51869
50772
30110
59043
16364
16599
38098
63303
29969
27596
28260
51309
19126
39334
49893
30734
38629
60484
62149
45390
62766
62200
49935
18194
57617
24859
47914
43690
16825
16344
62232
18848
31462
44996
60506
49821
44096
27569
51507
28266
19274
48806
19085
7367
63914
7283
60832
39333
16489
13329
28069
8309
60480
63290
25057
15995
62328
49693
63768
14273
27611
31423
15856
13473
63403
30973
13488
16244
12281
62256
24613
62148
8779
7371
27917
49851
44116
49783
37893
31688
54774
19308
19764
51080
24829
8238
13476
50220
28081
7426
44091
18705
14220
9215
31710
48007
18822
63859
51056
16992
39316
60531
61127
32471
13466
19858
8270
48807
19003
27900
38411
27587
60233
16610
38793
37542
31423
15877
37884
17844
43690
16238
38120
37915
16620
30063
19076
51782
63806
7090
18520
7193
50654
60506
38009
18872
7258
63900
18900
32715
17730
60281
30313
51131
16209
7022
24901
45287
60291
62377
43690
39317
16396
19089
18168
17329
62842
28281
31829
51319
15979
54895
63341
62375
62976
17247
61331
17246
62247
18259
40761
16637
16693
24962
15533
43690
18734
29144
28116
32182
60686
50628
16676
25167
57720
19782
16650
54003
63454
16885
38123
14226
57270
57091
39510
36904
31939
35499
43690
30038
44010
19288
30333
9090
63213
48806
53867
44975
50263
63917
31434
25177
50345
13801
49998
51913
19298
15911
12832
25022
28347
16152
63465
14267
55424
39242
30687
8589
13593
38122
57027
45057
18170
14229
63918
27570
27815
63406
12996
49090
48780
18792
18684
38439
30679
38534
29899
62198
30059
16861
49259
27623
38407
24885
53053
52960
53393
33978
52929
61234
44017
38534
15714
56380
8231
15875
25023
25023
57415
27919
61308
60503
63876
11632
16651
16452
24841
16836
45051
27901
15801
43792
11295
16766
15903
45379
63174
61326
56446
27593
25063
15856
49968
29936
49551
61193
38098
16986
60433
27630
24823
27859
10963
43690
49353
19876
18422
19761
38022
19853
53099
6217
27888
61308
13798
15884
49091
30288
38067
52913
62195
49786
28212
39267
16655
18724
57711
61348
28782
48878
24971
48822
59821
57867
43690
27613
53699
19102
62375
8441
48936
5776
25032
28144
38607
8319
61151
14231
63459
13437
43690
16641
63452
16684
39267
28246
12918
61080
16399
63358
15978
17483
61307
28904
27821
27578
32807
38123
16653
62830
18667
43582
15690
13005
27571
63961
19346
38398
24792
38435
40102
58196
30096
28043
13488
18930
52338
46425
14221
7067
28069
16636
16602
43690
49106
17620
38438
16636
60440
61348
34105
28153
43795
7418
15778
53190
5670
37570
28240
43690
63876
30269
59821
19826
62191
7227
39334
51496
19059
8403
38073
16392
63177
13036
53472
25077
13404
13316
19039
60462
24981
38096
18594
27584
38440
31809
59968
31988
62148
38121
13085
37737
18989
38099
39248
30202
13604
45371
19066
19165
38440
63789
38399
16145
38610
24942
18511
57833
38060
38074
62330
10658
40863
17239
12885
40284
45384
17538
27943
52775
24766
49099
18538
7213
30121
63723
6372
27943
17083
62532
16822
6367
40249
12953
60280
51468
8237
60361
56366
30034
9128
12993
28898
62222
58334
31963
17129
63768
28164
7390
28268
63900
38582
39249
10213
7108
62838
16692
16454
60542
53467
28241
16624
7298
61186
16877
49809
59969
19365
37926
14281
50972
17146
37646
52774
50717
37557
63323
16478
44971
27843
27747
51068
53147
15659
60690
27637
28044
38587
18814
59563
30498
43689
63352
32674
6336
39233
63289
18968
62578
62425
53746
29539
51190
18589
63383
16909
19081
30153
43690
12835
61184
19172
60364
50610
38101
19298
61242
39321
18539
43690
38095
24937
54362
14329
9111
60494
45108
13415
28071
30014
62330
17100
28044
63230
19040
50000
50296
38418
45050
34200
38072
16349
16895
61190
14232
62350
52547
63349
12666
25019
28124
57608
43690
12713
61184
18532
49368
31745
31707
28189
14188
63147
62218
39268
17513
29988
14210
28156
19070
27669
57667
63800
45051
59721
15917
15815
37916
50756
61347
24946
60461
6685
38453
53836
63806
54134
30182
5749
63419
11687
38736
63878
50388
38396
10105
44996
13630
28059
27579
61327
45374
62404
24832
13800
53014
60473
27889
12939
27576
38585
30008
25033
38067
28104
16548
27638
63864
63875
62789
32343
31512
38411
50630
15750
15737
51397
15708
27576
13625
59447
63757
18845
43672
38021
62750
19764
39594
49258
18176
49775
27578
24780
15726
13562
27900
40067
19162
51658
24782
39264
30060
18444
28046
63738
61348
28059
19024
57267
56997
62208
62377
59512
5675
50287
61237
61311
50675
17373
50655
29934
18892
19159
16682
49828
59825
34637
62243
24934
28195
43675
50264
37684
16648
32324
18502
43671
5860
27640
37062
39275
61347
63770
16347
24940
8296
16611
43639
16349
15830
38066
62737
38453
43690
52028
51832
19123
60477
51790
43690
17469
39268
13576
15709
19829
34192
25069
40795
19718
52570
61249
27874
50844
24812
19118
50360
59575
62870
53508
38432
60466
62423
15803
38060
44035
27694
55436
25026
29985
16593
16525
40151
60647
27889
15906
27892
9202
13547
27898
63773
30070
37829
62419
53388
43674
64084
40469
30026
19769
13051
13088
17676
63723
24612
49297
63768
13486
38409
51774
43690
16953
16800
62329
60644
60505
27874
52762
28193
50679
60598
27847
16252
16632
63874
28218
27890
17030
19295
62246
51837
36710
63817
61111
16154
8216
40665
39240
63359
39321
53327
45050
13335
38399
43690
38404
35369
60333
16542
50359
43689
16390
28920
25024
28175
30167
25053
24844
61288
16224
61172
14287
59967
30041
45072
12729
52743
18629
49309
16200
17227
31636
18198
18611
39333
27857
57372
60477
63371
62726
24984
15535
12836
18773
60353
19716
32044
50632
48850
12839
7249
63463
50791
13415
13067
55190
13476
63202
51634
51863
43633
60278
62422
24575
38016
39337
19157
43711
13006
51736
44091
16055
60477
58242
51662
16767
59783
38399
52546
18525
30277
59696
49843
38097
7252
12898
40796
44976
30315
51928
63762
62208
28229
28986
28834
16635
5849
37921
29988
12929
24864
28148
25039
37909
53040
16340
18357
27592
7259
13054
38418
50803
17134
16841
19346
27637
19870
19859
13631
8873
28069
12226
19052
45380
38049
60528
62328
16241
37878
39274
63438
43690
27889
32127
38007
38424
25153
37943
30196
24880
48814
62995
38440
63254
38122
36378
50303
58907
61218
37793
27628
41537
18458
30181
27567
60492
62366
39260
43776
8507
16213
48937
29452
35875
14188
15830
24987
62378
6338
19871
38403
62195
13577
29630
63737
19833
60496
43578
48906
29939
13011
27916
15709
60505
12766
12956
62321
45295
45394
44036
18497
43796
19867
51870
60699
39233
13034
62322
60372
43672
57007
13393
29996
31518
27626
29768
61348
7296
37908
8214
16572
17614
45389
50336
18704
12940
63417
30828
37892
44991
43690
49382
31520
63444
18378
56363
16017
27939
51076
60646
59920
53186
60502
39589
38434
53106
43690
40715
52964
60496
6355
16638
40778
59488
51779
18915
5875
19770
61253
13621
15716
51022
19717
38534
15823
62371
19835
49916
15707
43692
59262
62335
38398
13804
63448
62465
16873
37818
50627
16124
35494
63341
63767
16633
38029
40661
16665
16064
7288
16655
60477
61326
58133
16340
14245
40093
37906
59916
8353
19832
8228
27639
61343
60868
62353
50729
63338
58764
63737
19881
50819
32176
16940
43690
18685
16766
48845
9820
15844
13603
62261
27727
14184
33384
53815
15950
37899
16659
7202
18555
13804
30283
57734
25164
28069
16430
51687
60738
16219
63799
38100
6215
52522
63794
39962
32000
38577
12541
15659
49876
10119
63247
32458
15871
62426
31872
17264
16685
56746
63455
19316
18363
27934
19755
63925
49174
63404
8235
15842
25077
30281
63420
39333
48800
24982
18965
57400
51776
27898
18798
60494
40105
24782
62551
12528
13593
59479
9067
19829
16983
45426
28060
27578
24613
45394
63375
16100
13498
19056
44954
38620
37922
60548
24593
38051
30321
12604
16043
16980
51823
16257
63960
16651
11131
57254
61324
18990
51104
24879
38074
56492
63263
27614
63770
30104
38398
38608
63740
59409
53011
43689
40625
24770
16259
63235
57731
52378
6185
45394
43690
10119
9789
50261
15657
38434
50613
16650
15828
51677
38059
16568
59824
62351
62149
30144
62256
17177
62379
7251
62265
62377
16769
63913
28145
15860
49362
61308
63178
27944
27916
49663
15704
43690
43690
27899
27414
24816
27887
16218
51761
30330
16414
46437
30168
45358
24939
63253
38015
43690
57324
38063
43690
38434
30186
19879
29994
27595
16541
14285
38415
16217
63462
57678
37636
19108
60298
43690
28062
24818
24931
19871
63713
61216
14223
62775
38426
63780
39277
27777
32187
6190
33468
38098
6858
62554
17073
24986
18401
8324
45051
28069
63438
24910
16631
13540
39276
7146
37977
28301
16573
40990
38528
62703
63956
63254
19786
7396
38534
51076
31930
38410
39274
19083
53294
61186
17091
59829
48884
62470
61240
39249
8904
35958
32009
45437
17316
19351
57705
27899
25164
43807
62198
63422
28061
30185
62456
63879
61307
59967
40484
8429
63768
38061
16228
57542
63915
62440
50367
49331
43690
53425
18116
12975
38407
62253
53971
49802
51579
60365
29898
7277
63770
40249
11212
16227
18712
5727
18906
43690
55458
14247
16119
38740
38410
63814
15945
62811
19852
63155
60480
57033
58675
37811
63402
47536
30264
30151
27591
57112
37871
44933
13548
16424
49663
18909
38609
50570
15532
49285
6376
50943
32139
30163
15713
38453
19090
6361
63781
19764
19087
15872
16879
10860
16148
6384
63171
19771
15834
12955
24952
18818
50271
18672
61186
62368
30141
62533
16753
38403
28044
8426
60641
50801
12950
19074
5720
59454
38102
36924
17085
30149
63448
49676
37831
7241
38846
38095
50613
63812
30929
38412
63912
24943
57707
63269
63795
15885
17241
37890
38015
16636
53811
16686
27901
11927
53408
30047
37925
63751
27623
16607
43690
8101
10331
28128
62375
6858
16670
60426
50667
27686
62258
61310
19826
12931
28094
38072
18515
49898
16950
51176
24851
17152
61237
11432
27413
24606
45406
18602
29726
15897
51026
35489
60755
50317
38419
9128
51892
24763
5808
49694
16781
63962
48813
31150
63220
28203
27940
61340
39510
63459
18735
53553
39510
63232
16228
48522
63423
62193
16799
14182
11350
17137
38579
29019
16521
49990
38044
64085
54507
19716
25175
50225
13046
17727
38108
25007
37800
18386
15702
28133
16648
37005
28116
61274
30154
14222
58379
18104
61227
27618
45092
51007
16249
60424
31168
24881
43710
38407
24607
38576
47711
30193
39242
16776
14255
50655
63917
39950
28072
61228
53619
16626
43690
19308
62601
49657
29349
12699
27933
19307
63226
31812
51033
63336
5722
25167
28032
18253
38586
62148
39260
16522
11333
61350
18687
11282
60632
16353
8429
38439
51209
27629
10144
19856
33035
30035
63178
16373
63416
24833
19021
11015
18665
50319
18185
43690
60364
18593
45403
61184
60487
60239
14221
31224
18688
16651
16543
38098
19756
38583
10413
60574
57363
27929
28045
38398
38417
28045
47686
50938
62191
38108
37926
60425
63726
38074
63745
16808
24792
61329
15739
19769
16548
18886
53032
8219
14270
61229
38576
62269
38587
38441
57578
30117
63422
56613
27939
62353
62873
61234
17021
62267
45308
43690
31307
27855
