165 254 
116 120 
34 97 
27 166 
190 32 
226 44 
223 52 
200 28 
172 1 
108 219 
85 58 
240 87 
204 29 
49 83 
113 213 
248 149 
122 226 
247 84 
164 253 
229 49 
69 149 
167 61 
239 116 
243 111 
52 132 
186 11 
159 24 
184 9 
143 241 
150 245 
73 66 
94 196 
224 145 
37 104 
13 117 
139 106 
180 6 
121 59 
244 114 
17 160 
235 92 
86 188 
51 80 
182 8 
251 148 
236 59 
112 63 
247 129 
163 1 
33 109 
217 36 
249 217 
49 101 
156 6 
210 141 
6 141 
174 66 
207 84 
246 84 
52 139 
239 61 
72 188 
58 96 
213 44 
127 228 
115 213 
20 113 
185 9 
123 57 
46 115 
4 149 
128 200 
32 107 
212 121 
109 31 
127 232 
186 11 
129 231 
91 209 
146 243 
1 129 
198 25 
162 2 
13 139 
35 130 
76 91 
132 231 
105 34 
153 13 
89 200 
18 128 
171 0 
136 122 
10 124 
199 21 
102 206 
172 255 
239 65 
156 249 
98 208 
26 169 
209 139 
142 23 
38 117 
169 104 
103 151 
190 14 
171 0 
38 97 
5 148 
135 230 
113 214 
42 155 
74 87 
24 167 
16 133 
142 20 
17 121 
44 87 
129 228 
250 141 
217 75 
129 136 
243 85 
85 205 
83 71 
216 217 
213 51 
139 238 
140 13 
247 98 
235 73 
38 91 
61 174 
8 121 
120 215 
107 218 
173 106 
58 79 
137 233 
106 83 
155 114 
215 36 
107 182 
236 117 
10 144 
153 247 
244 120 
104 215 
166 110 
28 164 
55 183 
32 170 
23 135 
204 196 
127 55 
47 86 
130 17 
19 126 
171 255 
25 162 
55 98 
255 255 
79 62 
68 182 
109 219 
194 16 
19 132 
243 72 
210 128 
60 162 
230 49 
109 218 
238 64 
234 57 
94 138 
181 188 
173 52 
120 226 
153 23 
191 15 
116 28 
24 167 
249 91 
243 250 
70 67 
253 206 
144 242 
79 186 
246 78 
56 167 
16 151 
109 220 
59 88 
146 114 
17 128 
119 108 
158 249 
224 51 
51 181 
211 34 
47 95 
214 87 
159 251 
53 178 
214 32 
104 216 
205 30 
78 63 
65 190 
16 136 
219 141 
201 206 
140 12 
197 20 
0 137 
55 88 
53 175 
59 171 
2 128 
142 231 
101 86 
170 255 
30 171 
246 129 
139 52 
31 173 
139 235 
4 147 
199 20 
70 68 
122 226 
29 117 
212 30 
112 220 
89 203 
56 173 
183 11 
8 151 
204 23 
206 26 
178 80 
159 26 
179 181 
32 100 
137 235 
134 16 
83 184 
236 59 
99 129 
163 11 
4 124 
9 146 
79 64 
198 22 
182 8 
26 155 
82 201 
225 57 
213 36 
140 235 
109 146 
55 81 
42 112 
54 161 
218 37 
50 95 
116 212 
143 241 
190 255 
13 140 
76 170 
158 4 
255 206 
64 193 
166 252 
50 100 
237 86 
174 125 
140 234 
71 193 
152 244 
28 147 
255 255 
13 116 
142 237 
41 159 
72 196 
255 210 
69 193 
118 224 
24 157 
135 62 
53 186 
247 86 
8 120 
13 127 
56 180 
104 67 
217 35 
71 191 
249 139 
118 23 
255 98 
174 41 
153 246 
144 238 
145 242 
14 114 
173 0 
226 47 
150 104 
159 249 
210 95 
144 239 
54 167 
12 151 
106 218 
203 23 
211 37 
20 141 
100 202 
75 65 
253 168 
210 85 
51 82 
169 255 
40 99 
174 201 
203 23 
63 174 
26 101 
73 75 
206 25 
64 186 
29 126 
34 117 
25 167 
6 124 
122 227 
146 240 
80 191 
20 104 
232 106 
48 123 
194 20 
167 253 
218 122 
74 69 
102 203 
182 217 
182 186 
159 251 
4 124 
20 164 
51 85 
213 165 
118 215 
0 137 
146 242 
17 157 
46 85 
2 135 
63 182 
74 192 
244 249 
89 199 
24 109 
139 235 
24 140 
108 219 
7 126 
239 152 
78 142 
51 184 
190 82 
202 70 
82 202 
122 222 
96 133 
192 45 
88 56 
62 191 
140 62 
185 80 
67 96 
5 123 
94 210 
181 7 
137 233 
62 188 
44 174 
30 103 
164 6 
139 237 
26 100 
77 64 
197 19 
130 225 
11 142 
136 236 
138 14 
171 205 
88 57 
251 138 
170 9 
6 147 
122 48 
159 4 
38 176 
22 103 
32 172 
199 20 
194 30 
114 94 
155 6 
145 238 
126 223 
158 5 
19 107 
20 161 
196 23 
214 33 
32 97 
184 216 
80 200 
35 169 
237 67 
65 71 
145 242 
122 216 
219 49 
216 33 
69 173 
158 10 
173 255 
72 164 
162 253 
4 124 
128 82 
245 98 
255 237 
158 21 
117 218 
95 47 
88 156 
12 155 
255 255 
162 251 
41 107 
6 142 
3 148 
163 253 
95 68 
124 229 
1 137 
176 2 
182 94 
10 117 
44 91 
139 238 
255 255 
218 36 
45 87 
224 46 
98 202 
8 117 
103 41 
97 131 
219 95 
110 202 
1 144 
47 96 
108 134 
56 178 
132 127 
81 202 
129 17 
62 178 
138 235 
66 75 
124 20 
98 213 
107 152 
45 179 
94 203 
66 181 
195 53 
59 89 
79 66 
250 136 
82 60 
10 117 
255 255 
22 103 
72 196 
14 158 
176 144 
226 143 
174 1 
251 194 
236 97 
121 223 
185 10 
144 238 
13 113 
199 28 
126 224 
65 88 
146 243 
40 167 
10 114 
147 240 
21 143 
33 156 
176 109 
140 86 
140 14 
115 225 
38 99 
100 210 
189 212 
219 50 
205 26 
193 16 
127 230 
14 151 
229 55 
96 205 
204 208 
157 247 
74 190 
172 255 
228 48 
209 37 
119 22 
77 72 
14 124 
247 250 
114 223 
85 146 
85 201 
132 225 
254 168 
215 36 
29 171 
157 120 
228 64 
138 237 
249 92 
16 130 
209 74 
209 37 
245 94 
244 68 
236 59 
131 228 
212 34 
69 136 
12 111 
0 132 
255 255 
155 248 
228 67 
152 213 
122 224 
191 24 
17 161 
129 25 
0 132 
118 221 
220 48 
240 84 
34 122 
203 23 
68 180 
177 5 
112 212 
144 161 
128 231 
211 30 
82 189 
193 97 
85 73 
208 73 
255 249 
8 151 
227 57 
175 255 
163 2 
243 75 
157 5 
88 109 
43 89 
166 254 
118 36 
247 91 
231 195 
166 12 
145 233 
255 255 
15 158 
162 253 
173 255 
231 110 
243 119 
192 22 
78 195 
216 69 
71 191 
69 169 
148 242 
59 181 
61 91 
0 142 
20 125 
63 188 
103 216 
167 254 
143 183 
238 126 
159 217 
102 175 
46 89 
71 172 
187 12 
110 133 
199 114 
0 140 
23 144 
209 76 
127 179 
176 5 
218 40 
13 154 
96 202 
151 246 
189 13 
237 61 
73 195 
255 255 
185 199 
43 95 
25 119 
167 189 
53 79 
191 15 
110 137 
218 57 
255 251 
211 50 
202 22 
234 110 
70 175 
246 69 
203 130 
235 66 
255 255 
6 150 
14 147 
41 111 
205 142 
159 250 
255 255 
58 182 
220 45 
121 31 
33 167 
21 130 
6 149 
151 25 
181 255 
189 13 
245 112 
84 192 
169 11 
152 17 
50 184 
130 228 
108 130 
247 124 
93 135 
58 185 
65 174 
113 30 
57 76 
117 213 
115 42 
10 115 
77 199 
31 173 
169 34 
223 237 
143 241 
4 126 
246 123 
48 86 
103 207 
253 157 
35 93 
225 45 
241 118 
81 183 
225 102 
203 76 
193 17 
26 100 
136 230 
10 151 
87 206 
226 77 
124 219 
157 250 
10 155 
207 35 
90 151 
251 159 
236 58 
9 154 
165 1 
53 162 
63 184 
18 161 
139 36 
149 245 
180 208 
90 114 
183 8 
225 43 
238 155 
119 225 
195 55 
105 216 
248 104 
211 29 
133 229 
100 214 
219 36 
127 224 
151 247 
16 141 
185 255 
84 112 
105 48 
204 71 
187 221 
53 181 
98 135 
237 79 
75 193 
160 191 
134 234 
173 2 
255 207 
151 246 
79 71 
249 253 
120 215 
255 255 
212 31 
190 48 
158 5 
227 46 
90 134 
117 225 
66 145 
215 33 
43 162 
138 235 
195 41 
30 136 
6 150 
3 145 
139 14 
12 122 
153 247 
5 150 
92 200 
74 193 
205 24 
34 102 
189 51 
87 207 
64 186 
152 9 
188 71 
224 42 
248 177 
79 194 
169 116 
236 79 
245 82 
78 200 
201 194 
137 237 
231 241 
223 40 
37 144 
97 212 
31 110 
255 255 
184 125 
228 81 
152 245 
34 175 
183 8 
221 135 
172 56 
8 129 
52 89 
142 240 
100 66 
255 255 
73 66 
14 111 
151 21 
239 61 
180 115 
92 201 
224 43 
69 149 
96 141 
246 113 
103 215 
49 88 
167 254 
197 96 
150 245 
222 60 
120 225 
250 134 
158 6 
248 118 
111 212 
145 11 
144 241 
224 43 
219 37 
90 199 
222 56 
149 245 
208 39 
225 52 
177 95 
22 106 
232 56 
85 187 
43 180 
213 35 
119 133 
242 74 
86 138 
140 80 
154 248 
135 235 
181 255 
147 238 
53 101 
48 173 
157 185 
116 25 
4 126 
184 255 
31 114 
212 44 
66 185 
125 226 
129 230 
56 159 
182 7 
231 53 
221 39 
64 77 
75 195 
176 19 
71 145 
227 49 
191 30 
58 169 
56 180 
206 26 
85 195 
202 219 
111 221 
128 25 
55 181 
76 192 
178 203 
135 236 
0 139 
11 153 
105 205 
37 166 
151 8 
181 57 
76 70 
16 117 
19 150 
14 156 
181 7 
76 73 
206 106 
237 137 
169 71 
116 211 
160 4 
207 33 
71 192 
54 81 
93 209 
4 135 
106 217 
189 15 
22 165 
68 69 
118 209 
137 236 
56 168 
223 51 
58 180 
86 204 
52 103 
26 113 
228 48 
217 43 
133 232 
152 243 
32 164 
12 157 
134 213 
162 105 
154 7 
97 201 
234 61 
52 184 
34 104 
200 32 
73 175 
111 164 
196 19 
165 252 
130 231 
118 123 
122 121 
178 4 
219 37 
58 132 
113 27 
4 150 
31 148 
237 65 
111 213 
118 128 
157 247 
39 178 
223 64 
103 214 
116 224 
222 46 
211 33 
235 92 
185 69 
83 111 
10 155 
213 38 
41 166 
1 134 
108 219 
112 222 
23 102 
118 26 
161 8 
161 252 
240 68 
45 177 
58 79 
197 19 
235 57 
36 176 
181 107 
228 76 
212 56 
69 178 
242 91 
77 186 
74 65 
193 122 
198 20 
99 147 
148 244 
255 233 
255 241 
84 135 
126 18 
62 185 
185 70 
60 73 
196 18 
179 45 
106 32 
134 65 
249 92 
140 18 
21 163 
242 70 
234 55 
227 72 
120 224 
87 115 
64 173 
19 110 
225 44 
215 33 
154 245 
200 211 
72 112 
59 145 
195 47 
61 83 
4 149 
200 110 
255 228 
153 7 
170 13 
12 112 
97 194 
160 249 
90 67 
171 255 
179 5 
255 255 
76 199 
28 115 
195 17 
134 80 
176 255 
67 79 
0 135 
126 87 
4 144 
114 28 
28 126 
210 29 
28 132 
24 158 
230 105 
164 1 
236 113 
33 95 
118 216 
215 44 
108 219 
255 199 
25 110 
221 208 
154 247 
225 44 
93 47 
138 238 
50 85 
125 223 
154 248 
12 149 
37 105 
75 190 
207 30 
153 244 
235 57 
199 224 
4 149 
188 12 
174 255 
250 129 
20 145 
221 234 
74 76 
216 44 
11 134 
226 45 
230 50 
44 88 
175 63 
2 141 
64 182 
242 157 
245 77 
175 44 
212 30 
55 77 
207 27 
197 55 
91 209 
7 147 
91 207 
106 218 
169 199 
14 113 
101 98 
59 186 
240 94 
242 65 
174 118 
241 94 
255 255 
139 239 
2 147 
156 158 
90 193 
82 176 
81 143 
178 4 
151 212 
230 100 
247 98 
62 85 
120 127 
82 184 
107 214 
203 30 
173 6 
216 34 
99 134 
0 132 
195 68 
141 235 
122 21 
207 72 
254 170 
227 47 
87 206 
145 11 
162 251 
124 116 
224 136 
243 95 
86 191 
208 42 
130 231 
204 67 
186 10 
93 177 
14 118 
10 121 
185 47 
16 160 
207 27 
50 103 
232 52 
2 129 
217 134 
247 98 
0 133 
142 236 
107 31 
68 134 
37 175 
5 147 
22 114 
40 99 
77 192 
33 116 
221 126 
115 162 
201 22 
173 38 
48 181 
254 171 
146 10 
138 15 
73 176 
222 131 
26 105 
65 179 
139 236 
146 243 
180 189 
165 137 
84 183 
208 47 
47 94 
201 40 
217 40 
77 176 
243 75 
82 135 
15 125 
124 213 
70 80 
123 22 
174 1 
26 104 
156 99 
35 140 
72 75 
67 166 
55 153 
66 70 
243 90 
171 1 
2 144 
5 145 
25 168 
58 130 
11 113 
56 171 
34 99 
101 44 
254 157 
17 160 
206 28 
91 201 
158 250 
196 19 
57 93 
159 250 
139 238 
68 182 
229 102 
181 9 
85 197 
32 145 
76 193 
183 8 
5 151 
233 58 
56 161 
173 0 
89 133 
76 176 
161 192 
97 149 
84 204 
80 60 
255 255 
135 233 
239 242 
225 97 
252 175 
36 163 
70 191 
22 102 
119 218 
123 230 
62 72 
24 166 
203 24 
78 162 
187 11 
41 143 
233 54 
213 92 
56 88 
105 213 
80 202 
184 9 
1 129 
246 77 
156 249 
173 0 
118 219 
213 76 
253 172 
250 153 
177 163 
46 163 
149 245 
90 195 
43 91 
16 107 
101 203 
36 97 
86 194 
141 13 
208 29 
63 174 
72 197 
240 73 
238 97 
18 110 
75 168 
11 125 
246 81 
248 120 
164 99 
224 106 
228 47 
122 223 
126 165 
79 201 
242 118 
221 42 
100 214 
99 202 
163 181 
154 244 
234 76 
199 20 
45 131 
134 216 
229 82 
148 244 
165 231 
167 110 
255 255 
153 7 
44 175 
152 247 
230 52 
112 215 
190 14 
160 252 
56 82 
92 193 
54 187 
46 104 
61 172 
139 237 
22 111 
214 45 
224 43 
255 212 
201 21 
24 156 
156 68 
81 154 
204 27 
153 248 
219 41 
25 164 
212 130 
55 181 
253 182 
5 143 
187 121 
215 33 
57 158 
154 190 
174 1 
115 25 
48 84 
151 246 
246 88 
78 193 
164 13 
112 209 
228 48 
229 83 
14 142 
21 107 
128 228 
41 93 
110 205 
61 81 
239 83 
48 87 
36 93 
37 159 
31 172 
180 21 
84 204 
35 175 
233 62 
179 63 
165 3 
117 25 
161 250 
211 78 
57 90 
255 252 
138 237 
16 119 
113 221 
231 60 
69 195 
135 234 
5 142 
89 60 
125 220 
130 227 
152 246 
102 215 
130 17 
187 56 
102 41 
98 203 
149 31 
48 180 
175 65 
160 3 
167 56 
137 14 
102 51 
187 219 
28 169 
255 255 
26 107 
122 209 
242 64 
9 155 
122 215 
109 207 
142 238 
95 201 
183 8 
93 61 
1 131 
187 13 
137 203 
5 139 
186 52 
18 123 
47 131 
114 217 
167 5 
88 207 
23 166 
131 232 
89 198 
66 180 
23 120 
136 233 
150 12 
232 58 
16 123 
36 99 
49 87 
97 212 
108 219 
194 120 
204 24 
98 204 
191 44 
206 115 
232 53 
57 85 
245 119 
92 209 
150 9 
7 120 
78 193 
133 67 
153 85 
18 158 
176 105 
112 103 
235 61 
245 142 
170 99 
138 236 
204 71 
35 147 
151 246 
185 13 
234 67 
223 41 
35 161 
203 23 
94 210 
241 67 
97 211 
38 96 
167 2 
157 22 
129 232 
198 20 
86 194 
183 49 
138 237 
223 52 
214 36 
80 193 
127 171 
246 89 
133 235 
129 222 
225 54 
217 91 
208 72 
125 188 
190 15 
51 106 
78 177 
241 64 
103 210 
33 174 
52 79 
75 156 
214 46 
141 239 
249 133 
18 110 
164 252 
249 147 
26 154 
209 31 
89 137 
144 241 
229 53 
168 72 
134 232 
184 9 
108 219 
235 57 
247 94 
197 120 
123 20 
214 44 
156 7 
19 162 
92 196 
182 78 
228 122 
102 169 
6 128 
35 158 
62 186 
248 253 
55 114 
193 79 
160 251 
130 233 
16 126 
236 59 
27 104 
134 236 
233 64 
131 232 
245 127 
115 27 
4 149 
54 84 
89 197 
81 191 
233 60 
70 190 
164 254 
198 20 
29 162 
251 253 
70 189 
83 181 
198 41 
245 81 
23 142 
80 190 
194 228 
210 34 
170 255 
200 111 
220 70 
154 24 
18 160 
6 120 
194 17 
92 206 
237 62 
60 91 
200 38 
137 235 
248 119 
151 216 
67 190 
229 48 
221 40 
22 165 
207 26 
202 22 
119 225 
205 29 
133 226 
55 183 
145 65 
143 241 
1 142 
165 254 
220 108 
240 104 
225 43 
177 186 
106 138 
108 37 
183 16 
148 16 
212 36 
233 55 
91 175 
203 33 
255 255 
28 169 
105 133 
253 163 
53 158 
30 172 
122 220 
224 42 
22 123 
216 43 
83 131 
255 223 
165 169 
242 103 
181 55 
30 171 
18 125 
95 211 
24 163 
166 253 
97 212 
38 133 
87 197 
46 161 
77 73 
116 214 
154 248 
27 109 
117 216 
163 251 
117 219 
3 129 
244 87 
255 255 
232 53 
235 78 
252 255 
27 99 
130 234 
131 229 
40 122 
188 13 
87 197 
196 18 
253 174 
196 52 
235 58 
159 251 
207 155 
101 133 
90 206 
221 49 
50 82 
8 152 
188 36 
255 255 
163 253 
65 152 
43 102 
62 190 
209 87 
43 90 
255 168 
21 114 
241 95 
204 23 
42 170 
115 222 
50 152 
131 16 
102 205 
240 72 
39 167 
207 26 
152 245 
38 156 
25 167 
186 43 
242 75 
30 171 
58 79 
110 206 
121 141 
238 92 
69 192 
11 120 
206 80 
93 51 
152 88 
208 38 
149 245 
153 7 
8 154 
70 195 
221 50 
238 63 
36 94 
237 91 
91 209 
23 141 
168 255 
74 157 
253 166 
64 71 
228 131 
33 114 
37 176 
135 205 
238 74 
37 150 
8 122 
99 45 
125 225 
226 240 
63 168 
128 55 
196 45 
215 125 
7 152 
231 54 
237 59 
176 35 
103 214 
120 119 
73 196 
141 198 
15 158 
184 62 
66 138 
146 241 
27 100 
39 159 
61 73 
109 205 
197 19 
170 111 
196 47 
61 132 
69 185 
0 133 
69 187 
37 136 
86 193 
155 220 
171 114 
251 146 
229 51 
237 62 
190 30 
203 32 
65 192 
203 30 
96 211 
171 255 
216 48 
97 198 
123 230 
168 116 
163 5 
72 184 
244 68 
21 105 
104 204 
140 213 
216 36 
251 166 
193 60 
48 153 
25 167 
243 247 
109 172 
178 133 
231 53 
107 208 
79 125 
124 229 
184 216 
73 72 
40 94 
200 207 
232 52 
157 5 
26 102 
46 177 
196 64 
217 48 
200 21 
230 56 
154 248 
180 6 
194 16 
113 221 
202 22 
11 154 
189 38 
215 39 
126 232 
126 35 
120 217 
255 255 
54 78 
45 90 
76 197 
124 195 
124 229 
17 121 
114 40 
86 184 
220 38 
222 42 
223 41 
209 230 
132 203 
98 211 
198 109 
141 239 
94 125 
75 198 
178 5 
148 225 
227 81 
184 114 
191 15 
60 78 
75 150 
123 226 
131 231 
37 174 
207 72 
35 145 
175 108 
66 77 
233 54 
143 238 
7 152 
204 119 
180 102 
241 84 
14 129 
58 179 
112 43 
28 106 
20 163 
31 98 
174 46 
33 95 
202 26 
51 184 
66 84 
121 227 
82 190 
52 163 
144 126 
28 157 
211 40 
166 14 
118 178 
62 184 
62 87 
65 147 
240 246 
33 138 
210 29 
242 113 
141 201 
255 255 
96 211 
150 245 
48 91 
125 227 
189 23 
60 74 
87 65 
131 222 
55 78 
46 93 
190 14 
134 183 
214 32 
101 37 
199 35 
176 2 
255 190 
13 157 
64 128 
15 118 
159 249 
142 240 
255 182 
248 90 
101 200 
251 254 
118 143 
213 88 
8 152 
26 138 
87 199 
193 25 
20 155 
104 206 
162 2 
227 216 
217 35 
235 58 
49 170 
42 166 
50 177 
19 107 
115 224 
230 49 
206 49 
77 195 
56 149 
98 201 
185 218 
177 3 
245 95 
183 8 
104 210 
109 64 
247 98 
164 252 
68 175 
94 204 
241 64 
86 66 
43 100 
215 50 
144 241 
83 59 
232 75 
105 206 
215 44 
203 41 
139 13 
99 41 
141 188 
189 104 
229 50 
161 49 
67 193 
3 132 
196 189 
181 64 
37 103 
238 94 
100 42 
226 97 
171 255 
43 92 
152 8 
250 193 
125 207 
86 196 
53 180 
41 125 
135 233 
94 146 
102 210 
37 92 
152 247 
16 132 
105 211 
150 245 
232 111 
2 147 
70 68 
179 54 
95 209 
175 255 
5 146 
102 214 
73 187 
111 214 
133 220 
68 81 
15 137 
39 172 
119 226 
217 93 
36 122 
39 156 
221 39 
153 18 
78 185 
131 230 
216 46 
44 167 
126 228 
167 12 
83 195 
147 243 
109 84 
84 205 
157 5 
129 229 
81 187 
178 4 
255 255 
197 56 
154 246 
171 0 
145 239 
186 27 
205 50 
98 43 
182 201 
17 159 
232 54 
161 116 
65 136 
167 147 
188 76 
9 120 
25 160 
145 239 
235 69 
192 55 
30 171 
157 5 
149 101 
252 255 
255 175 
184 125 
85 55 
114 222 
71 184 
98 212 
188 12 
9 155 
134 231 
47 86 
128 232 
244 67 
175 255 
173 79 
248 112 
185 11 
212 32 
179 5 
144 242 
43 179 
228 47 
86 206 
53 168 
52 114 
25 167 
79 138 
73 65 
56 177 
112 216 
24 103 
73 67 
158 248 
217 92 
80 202 
197 43 
97 52 
176 255 
93 200 
152 115 
85 205 
208 118 
20 149 
169 196 
129 230 
200 22 
133 224 
231 51 
23 162 
148 244 
197 78 
222 138 
235 80 
19 106 
249 252 
132 234 
95 150 
138 20 
151 246 
218 42 
19 120 
176 4 
34 163 
233 83 
197 19 
210 29 
93 209 
88 191 
141 21 
241 70 
133 234 
2 130 
238 62 
53 182 
50 97 
202 107 
90 171 
5 146 
110 29 
154 247 
95 211 
216 128 
146 242 
205 74 
50 89 
24 167 
88 128 
193 18 
249 253 
132 233 
151 189 
217 46 
70 180 
50 87 
116 24 
186 16 
79 100 
13 109 
99 39 
138 66 
65 187 
50 179 
175 1 
136 97 
123 228 
75 154 
235 58 
82 204 
18 140 
255 255 
231 79 
141 240 
113 34 
185 18 
127 228 
85 191 
68 151 
211 64 
15 114 
130 219 
64 167 
21 107 
94 132 
149 243 
214 33 
61 106 
111 216 
36 95 
29 139 
234 66 
89 194 
86 134 
170 255 
250 185 
236 121 
126 229 
143 210 
146 240 
123 228 
254 165 
141 237 
161 3 
246 83 
0 140 
51 185 
67 71 
138 14 
111 212 
109 31 
92 198 
255 192 
9 132 
84 205 
100 82 
106 131 
25 103 
206 84 
240 248 
132 232 
79 189 
123 159 
203 34 
29 162 
227 243 
211 30 
95 44 
63 172 
11 123 
130 117 
35 95 
85 187 
175 44 
9 155 
50 167 
15 159 
117 220 
114 223 
204 26 
46 176 
14 153 
19 128 
195 187 
164 1 
136 236 
145 239 
10 117 
143 238 
43 180 
184 58 
124 218 
89 196 
208 70 
29 129 
186 11 
61 182 
199 33 
133 235 
207 38 
199 64 
219 80 
247 100 
54 83 
63 136 
63 187 
63 76 
103 205 
21 138 
201 120 
188 76 
85 138 
16 153 
192 134 
147 243 
238 91 
114 92 
113 222 
136 101 
184 9 
71 183 
113 219 
29 112 
127 82 
230 73 
214 36 
124 113 
228 48 
86 197 
140 235 
252 153 
255 255 
104 206 
138 238 
118 225 
117 25 
186 20 
62 190 
189 14 
127 230 
108 213 
3 133 
208 27 
165 1 
247 96 
82 127 
72 178 
52 129 
136 226 
220 42 
205 33 
64 76 
80 187 
165 252 
70 189 
125 222 
189 13 
23 137 
155 24 
113 88 
188 14 
107 150 
123 227 
92 139 
83 59 
196 51 
44 99 
45 89 
13 157 
255 255 
255 202 
184 45 
75 72 
250 252 
255 175 
156 249 
141 239 
189 13 
11 117 
39 135 
80 186 
93 210 
41 133 
216 87 
69 82 
30 105 
26 111 
242 73 
221 41 
21 162 
112 134 
111 29 
178 4 
44 88 
159 5 
124 20 
57 184 
72 139 
140 90 
126 165 
78 192 
166 254 
24 101 
255 255 
79 188 
91 198 
255 255 
105 205 
201 28 
207 155 
63 179 
13 157 
100 46 
51 175 
27 169 
44 158 
102 215 
76 195 
168 1 
110 220 
148 244 
229 53 
222 40 
244 86 
236 60 
128 233 
184 54 
209 36 
172 31 
36 124 
237 59 
204 24 
243 168 
69 164 
73 124 
65 73 
152 246 
46 163 
192 116 
238 88 
187 14 
244 80 
134 233 
31 165 
45 101 
172 152 
205 38 
146 240 
48 86 
54 124 
178 4 
207 111 
197 30 
90 207 
206 116 
234 69 
200 31 
60 164 
88 189 
78 180 
223 52 
235 58 
255 227 
185 67 
159 65 
61 77 
127 19 
120 228 
112 27 
245 84 
70 186 
66 173 
63 73 
121 35 
241 85 
8 134 
101 213 
161 252 
255 255 
122 183 
237 59 
198 109 
24 117 
123 85 
102 144 
247 102 
241 64 
172 0 
131 230 
160 3 
64 148 
39 148 
168 137 
158 248 
37 106 
45 179 
224 42 
159 191 
120 221 
244 81 
254 255 
64 192 
212 119 
54 165 
93 210 
141 194 
143 236 
181 29 
205 24 
166 6 
255 255 
147 243 
225 99 
4 148 
78 200 
242 73 
15 153 
171 237 
37 176 
58 177 
152 247 
40 116 
183 191 
23 110 
240 81 
8 142 
53 102 
130 227 
39 168 
250 143 
190 61 
245 78 
151 94 
226 49 
227 46 
29 165 
131 17 
50 82 
219 39 
192 16 
147 243 
133 228 
21 121 
203 22 
80 163 
114 223 
174 46 
45 182 
39 130 
192 98 
188 42 
29 102 
121 21 
230 96 
126 31 
106 35 
170 198 
148 244 
121 229 
98 208 
255 255 
148 194 
178 255 
94 203 
30 124 
68 191 
154 248 
148 10 
213 37 
120 22 
181 35 
50 111 
116 65 
228 47 
66 189 
220 96 
64 79 
179 4 
211 145 
195 115 
78 188 
42 91 
129 17 
213 35 
235 58 
222 40 
14 157 
21 108 
160 5 
135 228 
8 154 
20 104 
215 90 
255 232 
249 250 
142 236 
145 239 
212 39 
58 189 
25 100 
179 6 
140 132 
131 233 
201 23 
180 33 
113 212 
132 234 
219 37 
146 15 
96 46 
20 140 
130 32 
39 105 
89 208 
147 12 
57 134 
19 118 
28 171 
222 40 
253 166 
210 34 
242 65 
231 132 
192 16 
9 153 
160 250 
229 54 
49 167 
118 217 
37 145 
191 74 
69 73 
181 193 
255 255 
84 66 
210 199 
63 164 
212 31 
101 206 
205 62 
179 5 
246 78 
252 161 
121 165 
113 126 
21 160 
233 56 
54 136 
35 118 
89 208 
169 13 
84 154 
165 254 
34 159 
27 99 
199 65 
193 187 
200 21 
152 242 
104 59 
21 162 
59 76 
121 221 
154 7 
51 164 
203 29 
182 8 
33 174 
99 149 
37 111 
239 72 
216 218 
81 181 
244 85 
12 157 
156 247 
138 237 
22 133 
30 101 
250 132 
203 46 
145 242 
35 107 
90 135 
74 184 
42 151 
237 66 
174 4 
12 157 
44 88 
226 60 
15 160 
26 143 
48 136 
119 227 
226 44 
240 122 
159 3 
23 102 
135 233 
1 135 
105 217 
199 26 
155 249 
69 192 
157 12 
175 2 
24 152 
255 250 
157 250 
233 54 
195 76 
36 93 
112 210 
187 11 
142 12 
210 29 
214 71 
236 116 
183 8 
32 173 
105 217 
252 175 
224 48 
212 99 
128 230 
1 143 
179 5 
99 213 
194 28 
52 154 
71 78 
107 39 
154 245 
27 165 
95 85 
61 75 
198 19 
215 47 
241 68 
87 188 
0 139 
139 238 
132 231 
229 74 
174 47 
175 255 
186 11 
181 39 
251 165 
107 203 
162 253 
93 202 
178 4 
77 177 
180 107 
181 7 
165 7 
255 250 
233 115 
244 76 
210 109 
221 39 
81 189 
252 158 
124 25 
186 88 
96 63 
247 105 
56 188 
137 227 
205 28 
57 180 
74 194 
18 124 
73 154 
170 255 
52 164 
151 245 
117 225 
31 132 
50 83 
172 0 
171 66 
78 89 
110 160 
195 18 
56 85 
69 181 
234 226 
218 35 
145 241 
111 30 
232 53 
161 3 
159 104 
194 17 
229 74 
241 66 
140 58 
184 59 
116 223 
7 146 
150 246 
27 108 
42 93 
254 160 
87 195 
215 33 
10 156 
88 51 
36 124 
47 181 
237 116 
172 150 
82 187 
55 174 
192 15 
0 138 
250 196 
178 131 
33 151 
212 74 
20 124 
199 49 
154 247 
119 23 
211 88 
72 196 
156 6 
202 22 
58 166 
170 255 
90 208 
255 255 
234 56 
169 255 
55 97 
22 118 
217 45 
242 76 
111 207 
120 228 
87 198 
40 162 
41 90 
165 254 
108 215 
22 115 
239 81 
255 203 
153 7 
248 94 
16 108 
251 140 
240 62 
102 215 
214 32 
124 225 
197 74 
161 3 
139 239 
218 35 
223 44 
174 255 
15 159 
105 33 
161 191 
133 232 
231 50 
233 77 
24 125 
133 235 
137 234 
170 0 
176 189 
75 192 
245 76 
108 148 
171 255 
148 244 
44 91 
250 157 
100 204 
222 39 
200 21 
148 10 
145 10 
48 153 
206 101 
65 176 
179 4 
136 232 
116 215 
156 14 
38 91 
13 144 
213 126 
46 169 
39 91 
142 238 
220 38 
88 53 
141 240 
169 96 
68 76 
242 70 
137 233 
173 49 
77 179 
48 84 
132 234 
76 185 
244 249 
252 186 
191 130 
129 231 
59 77 
104 146 
98 204 
202 22 
73 197 
27 104 
28 118 
82 152 
220 39 
200 26 
160 249 
228 241 
255 255 
63 79 
171 2 
220 237 
255 251 
24 102 
92 203 
30 171 
1 130 
110 29 
217 49 
179 204 
127 232 
38 99 
161 68 
196 30 
219 59 
186 18 
88 201 
139 13 
173 108 
233 54 
117 224 
39 90 
193 55 
52 91 
14 109 
209 28 
231 71 
21 125 
221 211 
229 50 
46 167 
163 252 
186 10 
238 62 
104 207 
116 220 
34 110 
153 95 
194 71 
47 89 
252 208 
7 128 
29 169 
230 56 
79 67 
248 123 
222 94 
222 94 
201 61 
7 144 
36 176 
163 80 
17 110 
228 50 
59 75 
94 210 
50 82 
40 101 
54 178 
210 29 
226 44 
91 209 
65 74 
148 244 
189 14 
99 40 
82 193 
162 2 
25 139 
195 26 
195 18 
48 162 
230 81 
192 40 
254 255 
255 255 
185 107 
159 4 
153 222 
208 55 
62 191 
97 56 
126 216 
38 121 
131 17 
112 27 
218 36 
251 152 
14 109 
184 11 
13 152 
57 87 
109 219 
67 170 
255 255 
242 78 
255 255 
244 124 
7 149 
123 223 
49 178 
59 184 
84 192 
146 243 
67 189 
205 42 
217 67 
102 37 
204 32 
27 105 
193 42 
14 128 
2 128 
119 225 
43 180 
120 224 
87 61 
192 147 
13 114 
80 69 
25 166 
186 58 
9 134 
49 85 
66 189 
192 16 
106 36 
78 62 
251 251 
168 12 
190 14 
132 231 
161 250 
115 224 
155 248 
71 188 
224 42 
42 124 
47 179 
39 176 
164 156 
234 111 
178 214 
154 248 
38 170 
202 234 
108 210 
144 237 
119 48 
125 230 
73 183 
110 37 
214 55 
65 187 
228 85 
5 143 
11 129 
162 251 
49 83 
144 242 
135 227 
67 168 
176 118 
61 73 
45 180 
140 238 
248 84 
209 27 
115 25 
91 155 
229 61 
175 3 
120 87 
12 121 
195 28 
104 148 
252 179 
177 255 
194 16 
8 154 
201 23 
197 201 
121 27 
102 45 
33 109 
85 198 
29 155 
177 3 
168 255 
226 43 
15 159 
172 13 
70 192 
218 42 
41 96 
51 83 
146 240 
121 20 
101 215 
110 96 
127 229 
2 144 
43 173 
91 135 
38 96 
30 98 
90 197 
238 61 
86 81 
199 138 
166 254 
205 40 
12 157 
92 197 
63 75 
163 69 
177 101 
103 216 
88 53 
96 200 
139 234 
97 199 
55 89 
187 18 
82 199 
84 62 
165 110 
252 168 
17 156 
1 143 
163 2 
202 126 
144 240 
1 135 
106 209 
97 212 
67 69 
216 45 
60 79 
28 170 
4 130 
189 15 
63 82 
3 137 
34 160 
218 36 
40 135 
223 41 
146 32 
216 34 
40 155 
13 122 
119 28 
80 59 
59 182 
73 170 
219 60 
121 117 
33 174 
121 21 
76 63 
12 149 
134 235 
182 20 
32 141 
110 217 
2 139 
242 82 
59 77 
48 129 
178 5 
79 147 
161 34 
164 10 
7 127 
180 6 
15 159 
17 157 
162 253 
33 171 
141 15 
145 238 
111 150 
236 62 
188 12 
105 123 
107 133 
164 252 
23 150 
51 83 
169 255 
151 247 
250 255 
239 73 
34 150 
2 137 
60 75 
220 76 
74 81 
97 205 
158 23 
232 63 
19 105 
234 55 
103 35 
92 130 
37 174 
177 43 
62 122 
92 143 
7 140 
167 254 
187 11 
162 93 
234 108 
144 11 
247 157 
6 151 
207 28 
183 8 
108 219 
189 53 
198 37 
91 147 
123 229 
254 160 
40 177 
83 203 
230 83 
142 239 
33 105 
74 172 
216 34 
191 15 
27 122 
96 211 
5 150 
125 211 
67 156 
251 252 
160 227 
245 77 
32 163 
102 202 
239 66 
186 10 
115 146 
42 96 
138 51 
132 220 
110 205 
99 208 
227 45 
52 81 
81 188 
224 42 
9 117 
193 43 
68 92 
131 42 
123 225 
83 57 
80 202 
253 151 
77 63 
119 227 
148 244 
87 120 
42 160 
100 108 
72 197 
203 82 
176 200 
255 223 
187 12 
86 206 
117 23 
227 45 
153 248 
123 228 
201 87 
181 19 
115 156 
133 213 
160 110 
165 252 
40 91 
93 210 
202 22 
107 218 
126 18 
103 215 
52 107 
129 223 
34 96 
75 173 
250 252 
147 243 
36 99 
117 196 
135 230 
120 24 
206 25 
145 242 
120 226 
208 27 
205 24 
192 44 
193 17 
197 77 
116 217 
225 98 
121 21 
105 212 
111 221 
173 255 
170 0 
182 29 
32 173 
178 4 
43 179 
107 216 
18 123 
92 197 
166 93 
246 248 
255 255 
94 139 
199 20 
98 213 
169 0 
157 249 
188 12 
206 26 
95 45 
229 50 
31 125 
149 21 
144 12 
100 212 
20 163 
173 8 
176 19 
114 221 
59 93 
76 185 
54 186 
160 251 
172 109 
147 243 
234 84 
23 107 
101 209 
231 90 
102 57 
101 214 
195 18 
251 155 
111 221 
186 105 
233 148 
233 54 
158 4 
71 79 
221 67 
239 68 
36 160 
197 39 
95 198 
157 248 
153 244 
64 176 
58 78 
255 168 
79 201 
66 179 
255 247 
236 78 
213 63 
44 90 
161 250 
108 34 
94 58 
206 66 
147 243 
131 229 
56 84 
255 255 
7 148 
160 251 
168 5 
121 103 
198 20 
239 63 
61 83 
206 26 
160 100 
33 174 
148 244 
238 61 
32 108 
252 148 
116 81 
170 7 
243 67 
158 251 
245 112 
247 94 
149 240 
177 24 
19 108 
152 243 
152 169 
218 131 
145 242 
91 103 
241 74 
36 137 
180 111 
21 115 
87 53 
209 116 
195 18 
221 101 
110 34 
85 198 
46 88 
174 66 
226 59 
156 247 
208 27 
117 224 
76 66 
249 135 
116 205 
183 9 
223 69 
253 165 
45 121 
24 160 
18 106 
92 51 
45 86 
221 86 
7 131 
11 153 
217 131 
216 34 
84 111 
46 173 
10 136 
78 191 
65 78 
103 60 
33 170 
255 198 
93 141 
226 55 
220 38 
168 110 
104 64 
36 96 
66 183 
153 8 
157 39 
169 255 
95 199 
118 23 
182 218 
190 71 
22 103 
242 94 
138 18 
236 89 
27 159 
136 236 
81 140 
57 189 
48 84 
255 224 
44 156 
205 25 
113 128 
129 80 
41 133 
173 200 
54 99 
5 151 
118 213 
228 46 
8 122 
255 255 
252 172 
143 237 
67 179 
221 53 
188 222 
41 148 
146 239 
126 225 
218 36 
199 32 
148 244 
11 119 
253 181 
57 83 
96 136 
126 174 
72 80 
89 139 
236 76 
104 46 
179 6 
237 84 
255 255 
154 247 
106 137 
33 96 
230 50 
246 69 
180 6 
98 47 
143 237 
149 245 
6 123 
239 69 
205 34 
25 127 
79 132 
194 48 
13 123 
35 105 
61 156 
208 72 
221 53 
135 16 
216 37 
48 177 
248 127 
255 255 
9 154 
115 217 
132 231 
143 241 
93 47 
150 246 
49 115 
15 109 
169 0 
113 120 
212 60 
105 202 
81 190 
117 207 
9 115 
158 93 
41 172 
71 67 
131 107 
100 214 
83 57 
180 45 
162 250 
174 1 
151 246 
3 127 
114 27 
71 174 
161 10 
53 129 
215 47 
222 41 
177 255 
255 206 
76 68 
196 18 
18 161 
113 222 
13 121 
155 248 
182 8 
167 11 
9 152 
57 188 
0 134 
236 59 
144 239 
75 178 
161 13 
104 216 
122 30 
245 69 
193 64 
16 108 
132 234 
106 218 
192 16 
164 2 
185 10 
140 238 
3 135 
169 255 
209 28 
114 211 
5 151 
89 204 
70 182 
194 191 
99 103 
10 116 
109 220 
182 8 
99 213 
176 200 
224 42 
143 241 
168 255 
130 233 
255 255 
76 129 
103 124 
125 227 
168 111 
255 200 
139 239 
101 214 
211 127 
62 188 
120 225 
160 252 
111 141 
106 131 
80 61 
224 54 
95 51 
205 46 
149 172 
224 82 
164 2 
173 118 
194 27 
10 142 
53 182 
158 19 
183 9 
60 185 
27 119 
255 255 
165 3 
112 221 
100 201 
255 255 
102 204 
146 242 
1 136 
137 24 
209 31 
115 216 
15 142 
237 81 
150 245 
44 112 
246 251 
250 140 
121 24 
61 161 
74 197 
194 45 
66 186 
115 30 
43 178 
148 18 
141 236 
163 251 
223 42 
91 195 
83 204 
241 64 
54 178 
95 56 
190 92 
189 125 
35 118 
0 138 
176 3 
49 182 
253 159 
59 170 
201 229 
86 137 
38 108 
127 226 
138 14 
85 188 
68 72 
98 143 
246 113 
80 65 
85 140 
170 0 
168 0 
34 106 
223 40 
210 43 
120 28 
231 51 
226 134 
128 18 
164 253 
100 199 
197 110 
171 85 
138 237 
233 54 
66 170 
4 124 
75 193 
237 61 
15 120 
17 113 
155 246 
32 123 
58 78 
62 175 
201 63 
69 183 
23 163 
18 154 
121 229 
124 230 
142 237 
51 179 
41 162 
219 37 
175 199 
155 246 
146 243 
152 247 
92 52 
137 236 
250 152 
167 254 
248 134 
49 149 
37 175 
128 22 
255 169 
49 163 
88 130 
82 196 
208 59 
108 219 
7 153 
90 200 
44 161 
255 255 
252 176 
39 92 
68 194 
156 5 
255 255 
142 236 
252 145 
77 143 
217 35 
180 6 
32 169 
248 120 
244 68 
88 205 
107 45 
80 139 
219 48 
56 94 
222 215 
217 44 
119 219 
1 138 
169 255 
79 197 
128 221 
116 219 
204 148 
44 162 
168 122 
241 67 
211 32 
126 230 
68 69 
59 177 
27 101 
127 220 
60 177 
74 100 
167 255 
135 15 
66 175 
43 92 
197 66 
239 65 
67 181 
130 35 
5 127 
6 137 
134 234 
214 45 
78 187 
121 227 
97 203 
210 89 
58 188 
173 255 
236 103 
93 159 
152 243 
168 2 
212 31 
255 165 
196 54 
210 30 
243 96 
42 158 
187 46 
83 198 
215 135 
255 255 
12 153 
6 122 
201 29 
60 172 
77 135 
255 197 
175 3 
226 101 
255 215 
117 224 
220 73 
96 200 
44 180 
253 159 
58 185 
90 49 
239 63 
84 57 
172 28 
172 255 
15 134 
62 91 
96 211 
75 68 
168 0 
219 47 
82 203 
24 117 
202 22 
237 106 
230 50 
39 94 
123 230 
71 128 
16 108 
51 82 
209 32 
81 158 
52 80 
10 116 
67 126 
204 24 
71 196 
213 31 
82 91 
90 51 
110 221 
231 98 
255 209 
229 106 
131 224 
93 133 
140 114 
40 178 
28 170 
234 90 
78 193 
70 68 
49 83 
248 90 
101 208 
94 46 
255 218 
49 164 
43 89 
95 64 
91 133 
218 137 
57 171 
230 59 
235 87 
20 156 
168 254 
171 6 
190 21 
121 150 
48 84 
22 162 
74 64 
253 158 
53 176 
112 222 
147 242 
121 224 
147 10 
2 138 
149 228 
159 221 
71 128 
19 112 
128 222 
59 141 
255 255 
9 115 
129 233 
131 230 
0 138 
67 184 
56 186 
204 70 
225 55 
97 53 
34 174 
93 56 
244 74 
175 3 
137 228 
57 173 
80 60 
235 61 
55 169 
122 131 
57 129 
148 9 
64 169 
232 93 
14 115 
105 51 
88 195 
253 182 
153 8 
193 16 
255 255 
168 255 
1 131 
60 185 
50 158 
21 128 
196 56 
102 203 
111 128 
213 90 
30 119 
131 104 
210 41 
194 17 
208 48 
19 140 
178 7 
19 141 
201 26 
47 146 
177 196 
1 142 
3 148 
89 201 
14 109 
255 255 
54 164 
118 170 
104 214 
108 154 
162 16 
240 74 
6 148 
91 208 
186 38 
28 166 
3 147 
163 110 
218 36 
12 147 
128 233 
45 89 
181 67 
190 79 
177 255 
134 198 
102 143 
190 191 
255 255 
64 190 
255 231 
45 177 
70 169 
86 70 
218 49 
253 159 
168 97 
255 204 
241 94 
238 61 
75 131 
95 210 
240 81 
55 78 
240 106 
194 75 
42 178 
21 118 
43 107 
89 207 
103 194 
9 125 
222 39 
40 93 
151 87 
163 251 
91 164 
73 90 
56 77 
128 232 
191 86 
255 190 
51 159 
47 88 
238 60 
117 225 
114 209 
211 33 
42 96 
249 129 
249 155 
62 166 
47 161 
150 245 
89 166 
155 249 
83 186 
211 29 
65 184 
10 149 
248 113 
125 230 
145 242 
84 195 
206 121 
211 123 
179 118 
172 136 
215 126 
185 13 
255 226 
155 249 
29 101 
166 64 
69 70 
17 112 
88 207 
88 207 
182 61 
111 220 
183 9 
174 1 
234 56 
88 100 
3 146 
8 130 
83 194 
15 149 
255 194 
113 222 
25 108 
255 235 
92 123 
7 153 
19 116 
254 167 
222 52 
181 7 
169 71 
123 226 
82 201 
16 108 
243 103 
83 191 
228 119 
188 13 
134 234 
19 159 
161 4 
126 228 
77 194 
117 216 
119 122 
255 255 
242 123 
19 161 
34 156 
29 168 
137 235 
22 165 
200 113 
99 42 
115 223 
183 9 
55 77 
17 115 
249 128 
67 175 
139 238 
218 127 
209 28 
231 107 
106 204 
164 253 
3 144 
52 166 
184 35 
177 3 
115 185 
251 145 
91 202 
252 154 
130 17 
172 45 
255 255 
122 229 
176 105 
60 186 
194 17 
67 78 
249 137 
124 24 
85 205 
111 211 
156 247 
72 71 
187 20 
46 89 
220 37 
54 89 
255 255 
1 144 
219 37 
5 151 
164 253 
96 206 
37 107 
186 30 
0 131 
214 40 
31 119 
34 139 
183 10 
126 182 
113 210 
119 227 
133 134 
128 233 
2 145 
198 60 
41 160 
241 247 
27 99 
41 98 
116 225 
232 53 
38 178 
142 240 
73 197 
149 244 
178 208 
174 48 
67 183 
100 213 
52 80 
49 173 
198 106 
192 189 
42 89 
100 49 
96 211 
1 143 
4 136 
255 255 
249 133 
41 135 
151 245 
1 143 
162 6 
177 3 
180 129 
108 209 
255 234 
92 48 
29 109 
193 123 
117 23 
150 222 
99 207 
255 255 
234 56 
73 174 
130 17 
25 165 
208 27 
90 63 
173 255 
217 73 
59 182 
71 74 
137 236 
2 130 
221 52 
47 101 
188 116 
83 204 
50 92 
61 95 
60 179 
166 4 
95 200 
135 235 
45 173 
120 224 
150 246 
105 128 
135 15 
98 140 
213 31 
129 232 
53 98 
137 208 
54 181 
135 234 
160 252 
76 176 
57 75 
255 170 
56 180 
53 186 
150 246 
229 54 
143 240 
11 126 
154 246 
92 198 
32 171 
183 46 
141 239 
136 236 
203 23 
125 109 
187 204 
17 142 
32 111 
162 220 
253 165 
41 137 
106 217 
213 118 
79 201 
250 131 
39 175 
89 58 
64 177 
224 41 
105 35 
106 217 
29 152 
200 34 
12 154 
107 36 
171 222 
32 101 
149 9 
220 78 
70 69 
157 4 
166 68 
66 190 
81 65 
40 97 
125 181 
205 31 
165 59 
100 137 
24 145 
230 50 
109 207 
90 52 
98 200 
235 61 
156 250 
161 252 
103 92 
96 58 
196 58 
3 149 
9 131 
169 7 
187 118 
99 206 
0 140 
86 54 
190 14 
10 145 
227 102 
134 15 
35 176 
133 231 
36 93 
227 85 
31 147 
141 223 
213 119 
234 77 
155 220 
209 44 
12 130 
255 206 
112 217 
123 210 
232 86 
196 113 
23 102 
165 17 
124 227 
100 214 
157 248 
57 167 
144 17 
85 165 
254 255 
214 42 
114 130 
111 39 
160 249 
219 46 
50 182 
202 38 
199 26 
178 110 
109 180 
227 93 
42 173 
209 38 
18 145 
58 187 
75 178 
255 255 
43 106 
191 15 
51 185 
156 6 
241 69 
135 232 
42 178 
187 15 
170 255 
39 174 
255 255 
135 236 
95 198 
156 112 
35 94 
81 70 
170 0 
250 188 
49 90 
97 210 
72 190 
203 23 
28 150 
100 214 
222 48 
60 180 
240 108 
246 90 
149 241 
255 195 
190 138 
137 237 
5 122 
15 144 
188 14 
46 90 
199 21 
216 97 
212 43 
39 123 
88 205 
107 213 
189 45 
255 255 
32 113 
191 15 
36 174 
246 122 
96 129 
89 132 
109 202 
45 87 
223 62 
204 28 
164 254 
38 143 
75 185 
41 89 
110 208 
57 183 
120 223 
190 39 
225 53 
255 194 
133 28 
22 117 
21 110 
131 229 
237 71 
178 3 
90 198 
166 5 
114 53 
147 244 
174 100 
225 55 
170 116 
77 183 
123 20 
215 34 
82 97 
147 239 
235 57 
248 86 
143 241 
107 86 
255 197 
62 72 
97 212 
119 226 
180 7 
254 168 
192 26 
80 192 
54 78 
200 126 
164 1 
114 223 
36 101 
118 226 
156 249 
74 190 
84 205 
139 238 
106 210 
14 140 
124 226 
229 57 
233 56 
195 56 
113 158 
86 130 
147 242 
241 75 
25 107 
25 100 
219 80 
29 99 
118 226 
62 75 
157 26 
226 49 
61 170 
250 254 
136 235 
196 50 
28 170 
191 255 
248 112 
47 159 
227 104 
119 227 
76 198 
28 102 
60 80 
112 222 
182 215 
52 184 
211 75 
77 199 
164 252 
66 184 
35 161 
101 215 
227 47 
177 3 
97 212 
60 176 
180 65 
188 95 
207 31 
193 16 
154 22 
119 22 
243 88 
187 12 
183 8 
243 78 
26 133 
244 75 
84 190 
54 172 
54 185 
7 151 
225 99 
133 16 
174 149 
202 27 
95 197 
107 202 
251 254 
241 93 
140 218 
2 146 
114 152 
35 169 
249 254 
115 25 
125 225 
142 196 
167 254 
178 3 
231 51 
6 123 
93 199 
78 70 
3 138 
245 250 
5 122 
22 104 
138 238 
196 49 
147 244 
255 255 
198 80 
202 70 
59 190 
166 1 
207 69 
255 255 
33 134 
164 254 
61 77 
29 98 
27 164 
188 136 
81 202 
179 206 
30 172 
223 99 
182 15 
117 221 
228 66 
74 192 
60 190 
246 82 
146 21 
201 63 
191 109 
148 244 
166 2 
198 25 
24 109 
141 239 
255 222 
123 217 
150 84 
86 206 
74 187 
6 139 
10 137 
182 217 
162 9 
114 223 
21 117 
115 221 
94 66 
63 86 
112 220 
229 50 
69 187 
128 219 
197 24 
180 118 
251 255 
240 62 
175 200 
68 188 
30 171 
45 96 
52 100 
49 131 
224 41 
70 196 
246 115 
230 50 
51 81 
146 243 
206 72 
255 255 
17 148 
12 156 
203 22 
163 9 
175 2 
117 221 
211 119 
106 203 
242 77 
170 12 
113 218 
9 119 
2 142 
233 57 
107 207 
114 222 
27 153 
44 179 
200 26 
201 70 
143 181 
227 58 
189 26 
8 124 
66 70 
170 199 
162 250 
215 40 
170 255 
180 127 
255 195 
62 89 
143 240 
255 255 
144 242 
182 183 
158 13 
12 138 
245 82 
254 255 
3 129 
125 177 
87 207 
111 204 
73 182 
85 202 
81 195 
177 9 
11 115 
188 18 
39 92 
136 15 
64 189 
255 187 
38 115 
210 113 
47 164 
245 114 
13 117 
20 141 
88 142 
40 158 
46 171 
172 255 
116 217 
188 58 
166 1 
212 37 
193 51 
94 202 
15 108 
43 105 
63 160 
158 7 
31 173 
101 151 
242 74 
250 150 
42 105 
83 62 
221 38 
234 65 
49 90 
51 98 
153 111 
49 83 
218 50 
209 69 
198 65 
247 250 
148 10 
199 25 
63 192 
136 232 
174 255 
55 184 
255 248 
40 98 
201 77 
255 218 
26 125 
166 1 
169 57 
210 72 
7 152 
134 21 
143 240 
217 97 
34 173 
71 172 
136 28 
228 97 
134 235 
81 63 
34 106 
179 205 
255 203 
65 168 
198 74 
229 49 
207 31 
103 204 
127 171 
114 178 
2 143 
117 24 
133 228 
75 185 
38 103 
84 196 
109 211 
87 204 
128 231 
204 120 
6 120 
35 148 
122 226 
81 60 
47 97 
149 241 
233 68 
27 145 
13 148 
38 178 
124 227 
21 163 
23 162 
63 72 
94 95 
96 211 
70 126 
61 183 
253 167 
140 237 
171 7 
202 22 
8 117 
130 220 
167 255 
216 34 
255 255 
114 223 
103 152 
138 229 
150 242 
89 208 
133 226 
77 179 
87 195 
254 156 
213 48 
150 246 
222 40 
128 232 
136 172 
247 88 
140 41 
186 10 
130 211 
127 229 
217 208 
39 163 
76 183 
115 224 
171 1 
197 19 
163 253 
255 239 
64 85 
15 112 
249 136 
97 179 
155 186 
45 87 
22 104 
94 203 
192 16 
110 38 
20 163 
144 241 
209 28 
61 76 
105 191 
227 46 
27 166 
172 0 
240 244 
252 140 
83 190 
40 101 
110 220 
29 98 
175 2 
42 116 
34 100 
200 21 
255 180 
254 162 
255 221 
32 169 
255 233 
20 161 
197 67 
166 19 
160 249 
47 103 
201 21 
153 7 
250 254 
191 92 
51 94 
72 186 
84 130 
127 231 
93 181 
177 3 
87 55 
128 230 
65 71 
8 142 
45 135 
254 165 
243 83 
48 164 
36 102 
214 35 
88 146 
130 224 
255 200 
255 255 
247 125 
84 132 
216 38 
35 155 
167 70 
28 121 
107 218 
232 90 
162 8 
143 11 
193 121 
175 1 
188 255 
149 245 
201 117 
255 255 
179 194 
211 121 
172 0 
106 39 
0 142 
179 203 
155 19 
206 71 
51 170 
113 28 
31 171 
183 12 
60 75 
30 100 
234 80 
31 172 
155 249 
23 108 
195 18 
26 167 
238 96 
30 99 
255 253 
151 41 
200 23 
142 240 
53 79 
218 38 
192 33 
8 145 
131 215 
240 73 
17 127 
191 189 
210 41 
230 49 
3 142 
138 233 
168 199 
7 146 
23 127 
86 58 
3 144 
166 1 
181 7 
160 55 
6 120 
47 92 
181 210 
129 229 
142 12 
76 77 
26 166 
68 70 
125 226 
179 4 
175 21 
198 19 
232 73 
208 40 
132 54 
227 46 
17 160 
230 71 
111 155 
21 151 
255 255 
46 161 
7 153 
253 150 
125 83 
19 105 
58 75 
204 27 
127 212 
46 86 
150 158 
173 106 
26 112 
130 227 
5 144 
90 58 
37 168 
53 79 
68 173 
180 38 
91 209 
96 211 
6 132 
214 77 
161 25 
12 113 
226 53 
135 233 
98 41 
215 103 
226 54 
184 220 
96 144 
159 250 
49 126 
23 102 
232 102 
101 86 
223 44 
124 148 
16 111 
199 27 
104 136 
20 136 
5 150 
175 95 
219 36 
42 180 
34 151 
109 219 
25 168 
236 59 
248 126 
210 32 
71 70 
18 106 
83 204 
69 172 
215 33 
172 255 
252 156 
95 201 
48 183 
186 62 
207 71 
112 220 
60 166 
170 0 
177 208 
77 199 
206 33 
51 127 
56 77 
158 17 
81 72 
27 164 
17 158 
249 165 
98 212 
119 227 
71 196 
254 162 
212 39 
19 121 
55 83 
59 183 
251 207 
154 244 
133 229 
168 10 
68 193 
141 236 
69 168 
41 127 
30 127 
16 158 
200 67 
7 118 
233 53 
3 146 
106 119 
176 66 
180 6 
54 180 
236 92 
87 196 
136 236 
173 79 
220 43 
122 228 
231 51 
65 181 
142 240 
155 247 
225 47 
155 30 
202 127 
254 255 
165 192 
78 198 
6 119 
222 47 
182 39 
203 111 
103 38 
254 162 
255 255 
101 86 
118 81 
240 95 
22 103 
149 245 
243 68 
3 147 
23 105 
213 74 
142 239 
9 141 
132 16 
199 20 
212 31 
72 176 
204 24 
29 136 
192 17 
82 63 
206 27 
193 16 
8 153 
238 63 
111 210 
18 108 
245 121 
183 9 
220 52 
105 217 
110 220 
239 112 
30 98 
255 255 
255 255 
112 221 
126 232 
76 192 
116 223 
12 112 
205 72 
71 171 
2 132 
192 187 
74 182 
251 169 
94 199 
223 40 
136 231 
255 255 
191 69 
140 239 
255 255 
149 245 
79 183 
18 161 
72 184 
122 227 
13 138 
38 93 
147 240 
13 112 
221 39 
191 37 
143 221 
62 188 
155 11 
255 255 
99 213 
77 193 
93 196 
20 163 
226 43 
187 11 
43 88 
194 53 
151 243 
230 52 
166 253 
119 214 
109 152 
100 38 
158 152 
134 234 
116 60 
207 35 
31 154 
95 203 
36 157 
72 74 
255 194 
96 211 
216 34 
90 192 
2 141 
60 86 
167 253 
103 63 
143 226 
101 198 
9 142 
196 194 
152 248 
192 43 
233 55 
222 40 
28 164 
92 54 
155 249 
232 90 
104 140 
147 243 
167 255 
59 186 
185 123 
190 14 
31 150 
132 19 
252 146 
195 33 
186 14 
161 252 
93 85 
149 187 
98 147 
249 166 
17 131 
38 177 
185 32 
112 221 
91 209 
252 235 
211 29 
214 32 
98 213 
78 183 
193 29 
234 57 
183 10 
136 15 
171 201 
65 74 
230 50 
141 238 
11 113 
187 49 
239 62 
198 30 
247 80 
241 116 
255 255 
181 112 
53 159 
35 96 
145 242 
202 25 
165 104 
228 100 
218 71 
157 6 
83 187 
82 57 
231 51 
171 222 
99 121 
11 114 
50 166 
124 19 
52 168 
255 255 
146 82 
46 93 
18 125 
145 239 
147 243 
227 57 
26 115 
195 62 
22 164 
222 59 
168 0 
189 84 
137 60 
129 212 
208 32 
196 144 
74 174 
74 177 
122 225 
189 73 
132 223 
251 200 
63 85 
6 134 
239 112 
53 170 
155 246 
244 68 
15 109 
244 119 
105 33 
224 79 
106 155 
72 181 
28 101 
147 244 
61 185 
104 37 
231 52 
28 170 
59 184 
16 112 
11 144 
125 119 
9 127 
108 32 
223 54 
31 170 
20 104 
33 100 
89 197 
57 169 
243 92 
44 160 
190 14 
195 19 
70 177 
200 35 
7 154 
144 241 
100 214 
64 72 
162 11 
232 69 
32 102 
57 185 
126 18 
158 24 
134 232 
128 198 
30 153 
75 176 
218 38 
238 108 
129 218 
85 60 
150 224 
135 236 
243 68 
226 56 
84 153 
147 241 
238 62 
92 199 
184 33 
219 40 
227 54 
17 114 
16 141 
129 225 
136 231 
1 143 
172 105 
4 150 
113 222 
70 97 
179 115 
67 188 
132 231 
225 50 
125 230 
4 139 
255 255 
79 60 
99 110 
108 212 
194 17 
116 60 
4 146 
163 3 
246 79 
120 218 
205 25 
182 8 
25 165 
39 102 
102 208 
137 237 
32 173 
239 103 
18 148 
225 89 
80 197 
31 143 
187 12 
81 113 
127 232 
68 194 
253 163 
47 175 
91 189 
18 119 
237 81 
188 189 
160 29 
245 86 
149 240 
81 65 
194 68 
77 200 
123 31 
237 107 
9 154 
232 52 
254 157 
67 145 
220 50 
104 201 
107 217 
178 4 
177 255 
220 37 
55 164 
189 104 
177 255 
223 47 
11 113 
235 155 
215 32 
208 29 
11 156 
47 85 
80 126 
29 144 
158 251 
124 161 
10 139 
243 105 
141 235 
240 63 
150 127 
31 173 
94 209 
248 93 
44 98 
55 128 
132 234 
92 207 
129 209 
37 153 
31 97 
108 215 
2 146 
137 202 
104 214 
176 12 
75 179 
42 88 
156 61 
57 157 
184 9 
125 229 
251 185 
231 80 
11 118 
162 2 
72 144 
87 194 
255 249 
145 242 
68 195 
159 251 
195 140 
79 178 
163 251 
10 154 
44 95 
244 75 
238 61 
189 223 
97 209 
184 10 
185 100 
1 141 
255 255 
40 178 
202 43 
236 113 
99 160 
33 116 
109 218 
40 177 
223 51 
104 130 
239 82 
209 41 
127 19 
91 208 
103 215 
46 149 
156 248 
213 31 
163 253 
11 139 
87 124 
176 2 
47 160 
94 122 
165 9 
4 125 
65 74 
150 245 
220 93 
126 229 
99 83 
23 163 
131 146 
66 191 
220 52 
3 124 
214 34 
80 193 
58 177 
110 125 
40 161 
244 87 
45 156 
255 255 
156 6 
45 172 
252 161 
191 15 
169 2 
144 11 
42 89 
77 145 
48 160 
3 146 
12 139 
134 234 
26 168 
157 250 
110 109 
172 10 
191 58 
109 216 
101 214 
142 240 
148 241 
101 214 
198 140 
224 76 
208 27 
132 234 
133 231 
163 2 
225 43 
136 236 
225 48 
14 158 
73 197 
179 6 
24 101 
30 171 
14 140 
52 174 
201 121 
67 70 
41 95 
185 10 
159 251 
206 25 
157 248 
151 246 
191 55 
64 179 
214 32 
167 84 
107 218 
198 19 
202 63 
185 13 
22 153 
207 26 
254 176 
255 255 
68 141 
115 216 
