2 256
0 0.0121271
0.0121271 0.016265
0.016265 0.0191073
0.0191073 0.0225207
0.0225207 0.0257564
0.0257564 0.0280372
0.0280372 0.0304779
0.0304779 0.0328092
0.0328092 0.0346772
0.0346772 0.0367322
0.0367322 0.0386437
0.0386437 0.0402373
0.0402373 0.0421381
0.0421381 0.043795
0.043795 0.0451441
0.0451441 0.0464388
0.0464388 0.0480179
0.0480179 0.0498427
0.0498427 0.0510805
0.0510805 0.0524134
0.0524134 0.0541876
0.0541876 0.0560047
0.0560047 0.0575143
0.0575143 0.0585311
0.0585311 0.0596938
0.0596938 0.0610382
0.0610382 0.0627545
0.0627545 0.0639605
0.0639605 0.0651588
0.0651588 0.0661602
0.0661602 0.0679541
0.0679541 0.0694366
0.0694366 0.0709547
0.0709547 0.0725504
0.0725504 0.0739033
0.0739033 0.0753889
0.0753889 0.0768065
0.0768065 0.0782909
0.0782909 0.0803422
0.0803422 0.0817482
0.0817482 0.0835402
0.0835402 0.0850898
0.0850898 0.086358
0.086358 0.088063
0.088063 0.0897061
0.0897061 0.0921182
0.0921182 0.0931436
0.0931436 0.0953185
0.0953185 0.0971578
0.0971578 0.0994173
0.0994173 0.101971
0.101971 0.103568
0.103568 0.105764
0.105764 0.108009
0.108009 0.109722
0.109722 0.111439
0.111439 0.113283
0.113283 0.11512
0.11512 0.117306
0.117306 0.119185
0.119185 0.120641
0.120641 0.122299
0.122299 0.124141
0.124141 0.125923
0.125923 0.127568
0.127568 0.129087
0.129087 0.131368
0.131368 0.132645
0.132645 0.134418
0.134418 0.136314
0.136314 0.137666
0.137666 0.13962
0.13962 0.141519
0.141519 0.143109
0.143109 0.144693
0.144693 0.146444
0.146444 0.147989
0.147989 0.149742
0.149742 0.152263
0.152263 0.154044
0.154044 0.155794
0.155794 0.157506
0.157506 0.159386
0.159386 0.160515
0.160515 0.162147
0.162147 0.164198
0.164198 0.165757
0.165757 0.167031
0.167031 0.168364
0.168364 0.170388
0.170388 0.171571
0.171571 0.172821
0.172821 0.174322
0.174322 0.176524
0.176524 0.177871
0.177871 0.179608
0.179608 0.180854
0.180854 0.182689
0.182689 0.184476
0.184476 0.186365
0.186365 0.187916
0.187916 0.190123
0.190123 0.191484
0.191484 0.192832
0.192832 0.194633
0.194633 0.196946
0.196946 0.198653
0.198653 0.200443
0.200443 0.202049
0.202049 0.203464
0.203464 0.205352
0.205352 0.207209
0.207209 0.208642
0.208642 0.210433
0.210433 0.212893
0.212893 0.214761
0.214761 0.216217
0.216217 0.217789
0.217789 0.219536
0.219536 0.221233
0.221233 0.223293
0.223293 0.224473
0.224473 0.22591
0.22591 0.227346
0.227346 0.228885
0.228885 0.229896
0.229896 0.231458
0.231458 0.232378
0.232378 0.233513
0.233513 0.235155
0.235155 0.236448
0.236448 0.237901
0.237901 0.239598
0.239598 0.240887
0.240887 0.242326
0.242326 0.243483
0.243483 0.244238
0.244238 0.246076
0.246076 0.247726
0.247726 0.249078
0.249078 0.250613
0.250613 0.251862
0.251862 0.253158
0.253158 0.254405
0.254405 0.255656
0.255656 0.25703
0.25703 0.258344
0.258344 0.259963
0.259963 0.262003
0.262003 0.263013
0.263013 0.264827
0.264827 0.2663
0.2663 0.267947
0.267947 0.269776
0.269776 0.27237
0.27237 0.274534
0.274534 0.276612
0.276612 0.278879
0.278879 0.280635
0.280635 0.282748
0.282748 0.28483
0.28483 0.287262
0.287262 0.289659
0.289659 0.291845
0.291845 0.294074
0.294074 0.296435
0.296435 0.29923
0.29923 0.302492
0.302492 0.306884
0.306884 0.311462
0.311462 0.315557
0.315557 0.318845
0.318845 0.323331
0.323331 0.326503
0.326503 0.330392
0.330392 0.336009
0.336009 0.338491
0.338491 0.341743
0.341743 0.345189
0.345189 0.349082
0.349082 0.352705
0.352705 0.356573
0.356573 0.35943
0.35943 0.361905
0.361905 0.364233
0.364233 0.367075
0.367075 0.369186
0.369186 0.372754
0.372754 0.375553
0.375553 0.37797
0.37797 0.380368
0.380368 0.383637
0.383637 0.385893
0.385893 0.387992
0.387992 0.390376
0.390376 0.39244
0.39244 0.394876
0.394876 0.396602
0.396602 0.398521
0.398521 0.401241
0.401241 0.402561
0.402561 0.404395
0.404395 0.406087
0.406087 0.408012
0.408012 0.410015
0.410015 0.411856
0.411856 0.413861
0.413861 0.415755
0.415755 0.417241
0.417241 0.419338
0.419338 0.421695
0.421695 0.422781
0.422781 0.424949
0.424949 0.426477
0.426477 0.428165
0.428165 0.429843
0.429843 0.431654
0.431654 0.433031
0.433031 0.4342
0.4342 0.436086
0.436086 0.437545
0.437545 0.439155
0.439155 0.440628
0.440628 0.441913
0.441913 0.443702
0.443702 0.444884
0.444884 0.447094
0.447094 0.449068
0.449068 0.451573
0.451573 0.452808
0.452808 0.454633
0.454633 0.457143
0.457143 0.458367
0.458367 0.460782
0.460782 0.463745
0.463745 0.466158
0.466158 0.468355
0.468355 0.470244
0.470244 0.471953
0.471953 0.473851
0.473851 0.475899
0.475899 0.478161
0.478161 0.480356
0.480356 0.483595
0.483595 0.4864
0.4864 0.48894
0.48894 0.493192
0.493192 0.496534
0.496534 0.501508
0.501508 0.509111
0.509111 0.516754
0.516754 0.524172
0.524172 0.530939
0.530939 0.537271
0.537271 0.546841
0.546841 1.79769e+308
0 0.015013
0.015013 0.0219586
0.0219586 0.0264101
0.0264101 0.030564
0.030564 0.0339563
0.0339563 0.036431
0.036431 0.0407709
0.0407709 0.0449501
0.0449501 0.0495713
0.0495713 0.0525191
0.0525191 0.056658
0.056658 0.0595299
0.0595299 0.0626564
0.0626564 0.0651461
0.0651461 0.0688038
0.0688038 0.0723704
0.0723704 0.0762075
0.0762075 0.0782381
0.0782381 0.0821861
0.0821861 0.085726
0.085726 0.08889
0.08889 0.0921442
0.0921442 0.0944302
0.0944302 0.0965634
0.0965634 0.0985864
0.0985864 0.100709
0.100709 0.103395
0.103395 0.106574
0.106574 0.107893
0.107893 0.110498
0.110498 0.112226
0.112226 0.114201
0.114201 0.116231
0.116231 0.118083
0.118083 0.11941
0.11941 0.12093
0.12093 0.122857
0.122857 0.12457
0.12457 0.126407
0.126407 0.127825
0.127825 0.129119
0.129119 0.130247
0.130247 0.131841
0.131841 0.133427
0.133427 0.135011
0.135011 0.136216
0.136216 0.137416
0.137416 0.13893
0.13893 0.140436
0.140436 0.141667
0.141667 0.143321
0.143321 0.14477
0.14477 0.145814
0.145814 0.147262
0.147262 0.149017
0.149017 0.150544
0.150544 0.152774
0.152774 0.154412
0.154412 0.156472
0.156472 0.157877
0.157877 0.159766
0.159766 0.161597
0.161597 0.165112
0.165112 0.16708
0.16708 0.168917
0.168917 0.170568
0.170568 0.172618
0.172618 0.175756
0.175756 0.179127
0.179127 0.18224
0.18224 0.185607
0.185607 0.187486
0.187486 0.190127
0.190127 0.193123
0.193123 0.195574
0.195574 0.198513
0.198513 0.200791
0.200791 0.203128
0.203128 0.205634
0.205634 0.207699
0.207699 0.209524
0.209524 0.211543
0.211543 0.213432
0.213432 0.21612
0.21612 0.217714
0.217714 0.220435
0.220435 0.221996
0.221996 0.224721
0.224721 0.22685
0.22685 0.229007
0.229007 0.231299
0.231299 0.233657
0.233657 0.236081
0.236081 0.237775
0.237775 0.239842
0.239842 0.241824
0.241824 0.244025
0.244025 0.246386
0.246386 0.24849
0.24849 0.250652
0.250652 0.251952
0.251952 0.254436
0.254436 0.255496
0.255496 0.257789
0.257789 0.26003
0.26003 0.261324
0.261324 0.263026
0.263026 0.264956
0.264956 0.26711
0.26711 0.269184
0.269184 0.270445
0.270445 0.271685
0.271685 0.272948
0.272948 0.274525
0.274525 0.275364
0.275364 0.276689
0.276689 0.278348
0.278348 0.27973
0.27973 0.281481
0.281481 0.283446
0.283446 0.284675
0.284675 0.286291
0.286291 0.28787
0.28787 0.289204
0.289204 0.29087
0.29087 0.292332
0.292332 0.293957
0.293957 0.29582
0.29582 0.297709
0.297709 0.299384
0.299384 0.301003
0.301003 0.302365
0.302365 0.304367
0.304367 0.306247
0.306247 0.308041
0.308041 0.309749
0.309749 0.311538
0.311538 0.313042
0.313042 0.314863
0.314863 0.317797
0.317797 0.319444
0.319444 0.320853
0.320853 0.322942
0.322942 0.324974
0.324974 0.326641
0.326641 0.328442
0.328442 0.32959
0.32959 0.332003
0.332003 0.333617
0.333617 0.33584
0.33584 0.33826
0.33826 0.340261
0.340261 0.342923
0.342923 0.3449
0.3449 0.347104
0.347104 0.348997
0.348997 0.351401
0.351401 0.354405
0.354405 0.356767
0.356767 0.358139
0.358139 0.36069
0.36069 0.362564
0.362564 0.36418
0.36418 0.366004
0.366004 0.368157
0.368157 0.369668
0.369668 0.371062
0.371062 0.372392
0.372392 0.373831
0.373831 0.376331
0.376331 0.377315
0.377315 0.379062
0.379062 0.380591
0.380591 0.382529
0.382529 0.384552
0.384552 0.386187
0.386187 0.389027
0.389027 0.390533
0.390533 0.392377
0.392377 0.397111
0.397111 0.400409
0.400409 0.40336
0.40336 0.406052
0.406052 0.410353
0.410353 0.414183
0.414183 0.41643
0.41643 0.419106
0.419106 0.422005
0.422005 0.425455
0.425455 0.428023
0.428023 0.430933
0.430933 0.433327
0.433327 0.436786
0.436786 0.441126
0.441126 0.444633
0.444633 0.448053
0.448053 0.451502
0.451502 0.455151
0.455151 0.458348
0.458348 0.46064
0.46064 0.463147
0.463147 0.466266
0.466266 0.468709
0.468709 0.471307
0.471307 0.473799
0.473799 0.475868
0.475868 0.477823
0.477823 0.481145
0.481145 0.483971
0.483971 0.487021
0.487021 0.489881
0.489881 0.493232
0.493232 0.495579
0.495579 0.498778
0.498778 0.500989
0.500989 0.504157
0.504157 0.505791
0.505791 0.508885
0.508885 0.512483
0.512483 0.514832
0.514832 0.51729
0.51729 0.519742
0.519742 0.522495
0.522495 0.524796
0.524796 0.525932
0.525932 0.529073
0.529073 0.530997
0.530997 0.533924
0.533924 0.535695
0.535695 0.538282
0.538282 0.540842
0.540842 0.542632
0.542632 0.544703
0.544703 0.547282
0.547282 0.550573
0.550573 0.553281
0.553281 0.55618
0.55618 0.558663
0.558663 0.560839
0.560839 0.563
0.563 0.56541
0.56541 0.567335
0.567335 0.569433
0.569433 0.57119
0.57119 0.573511
0.573511 0.575466
0.575466 0.57768
0.57768 0.580182
0.580182 0.584213
0.584213 0.587826
0.587826 0.591503
0.591503 0.595233
0.595233 0.599071
0.599071 0.603469
0.603469 0.609782
0.609782 1.79769e+308
